epoch,canary_id,global_loss,suffix_loss,exact_match,split
0,le_d069d3,6.459510803222656,6.511063575744629,0,validation
0,he_47c12f,7.00399112701416,6.965001583099365,0,validation
0,le_64d75a,5.458289623260498,5.384509086608887,0,train
0,le_259d3e,7.233849048614502,7.39996337890625,0,validation
0,he_31fd02,7.254765510559082,6.554102897644043,0,train
0,he_cb7e90,7.7187018394470215,9.614871978759766,0,train
0,he_79e9b7,7.478991508483887,8.664928436279297,0,validation
0,he_eb9923,6.385653972625732,6.484169960021973,0,validation
0,he_fb3ae1,6.263672828674316,5.858422756195068,0,validation
0,he_e12d52,7.865943908691406,8.866225242614746,0,validation
0,le_bf9a36,8.148980140686035,7.681478977203369,0,train
0,he_4a04a2,7.132375717163086,7.859556198120117,0,validation
0,le_b2752d,7.1823039054870605,6.515161514282227,0,train
0,le_7aa426,6.729403018951416,7.581666469573975,0,train
0,le_98d6b3,6.735929012298584,6.852163791656494,0,validation
0,he_0d4150,7.9329729080200195,9.280427932739258,0,validation
0,he_a87a9b,6.857100009918213,6.998232841491699,0,validation
0,le_fde5e8,7.53835391998291,7.113003253936768,0,validation
0,le_78fc9a,7.056507587432861,7.381931781768799,0,train
0,le_749d9e,6.094521999359131,5.926220417022705,0,train
0,le_d82184,6.763783931732178,7.5136284828186035,0,validation
0,he_81252f,6.5059661865234375,7.289910316467285,0,train
0,le_02764e,6.979509353637695,6.8387451171875,0,train
0,he_bda94e,6.408925533294678,6.076302528381348,0,train
0,le_5f185b,7.395327091217041,7.858154296875,0,train
0,he_a8615f,6.274869441986084,5.875218391418457,0,train
0,he_929466,7.978353977203369,8.265288352966309,0,train
0,he_883cb8,6.915778160095215,6.827781677246094,0,validation
0,le_f0530f,6.9338908195495605,6.802748203277588,0,train
0,he_1d2579,6.149933815002441,6.199762344360352,0,validation
0,le_9faffe,5.886617660522461,5.4154767990112305,0,validation
0,he_842a1f,5.839414596557617,5.249011039733887,0,train
0,he_bb65e5,7.291913986206055,6.7935028076171875,0,validation
0,he_95d87e,6.47831392288208,6.147282123565674,0,train
0,le_c8410f,7.3998284339904785,7.280149936676025,0,train
0,le_e7807e,5.4033427238464355,4.877270698547363,0,train
0,le_3a63b0,7.5661702156066895,7.543272495269775,0,train
0,he_b61f8b,7.388566017150879,7.585062026977539,0,validation
0,he_17f529,6.080400466918945,5.444664001464844,0,train
0,he_34360a,6.283998012542725,5.888911247253418,0,train
0,le_3422e0,7.572731971740723,6.732259273529053,0,validation
0,he_a0069c,7.539649486541748,7.830572128295898,0,train
0,le_ba2a87,5.007588863372803,5.257872104644775,0,train
0,le_66b5ac,7.885259628295898,7.2088303565979,0,validation
0,he_ccbb6e,7.8584370613098145,8.032922744750977,0,validation
0,le_4c4592,6.951629638671875,6.290594100952148,0,validation
0,he_2b1023,7.007052421569824,6.965104103088379,0,validation
0,le_ed8708,5.347503185272217,4.981351375579834,0,train
0,he_4ee83e,6.369446754455566,6.529390811920166,0,validation
0,le_49a533,6.561880111694336,5.458475112915039,0,train
0,he_9ce40f,5.54327917098999,4.818267345428467,0,train
0,le_592616,6.193162441253662,6.569450855255127,0,validation
0,he_76ab15,6.990721225738525,6.944360256195068,0,validation
0,he_261f83,6.20362663269043,5.768353462219238,0,train
0,le_120b5b,6.282111644744873,5.804916858673096,0,train
0,le_f2acc0,6.766681671142578,6.844613075256348,0,train
0,he_04551f,7.212723731994629,7.299318790435791,0,validation
0,he_b9a930,6.136605739593506,5.552669048309326,0,train
0,le_80ca99,5.883806228637695,6.038122177124023,0,validation
0,he_334eb2,6.590532302856445,5.660059452056885,0,validation
0,le_0c2039,5.995273113250732,5.702746391296387,0,validation
0,he_028951,6.636362552642822,6.417458534240723,0,validation
0,le_d45347,5.933907508850098,5.150058746337891,0,train
0,he_a4529f,5.835517883300781,5.243343353271484,0,train
0,le_234216,6.202749729156494,5.569284439086914,0,train
0,le_9391b0,7.799989223480225,6.647676467895508,0,train
0,le_454c0b,7.363124847412109,6.431672096252441,0,validation
0,le_49db1c,8.080525398254395,9.342123985290527,0,validation
0,he_67ae44,5.844725131988525,5.256734848022461,0,train
0,le_3c9f84,7.116055488586426,6.661693096160889,0,validation
0,he_15a710,7.830111026763916,8.347085952758789,0,train
0,he_4be430,6.432312488555908,7.077364444732666,0,validation
0,he_4435d3,7.092254638671875,6.5932297706604,0,train
0,he_de4bf9,6.4157586097717285,6.049971580505371,0,validation
0,he_e361fe,6.875676155090332,6.7654008865356445,0,validation
0,he_2e9fb6,5.891659259796143,5.3250041007995605,0,train
0,le_b1f4ec,7.569804668426514,6.104068279266357,0,train
0,he_a3611b,6.81229829788208,6.227729320526123,0,validation
0,le_971e6c,6.114825248718262,5.754437446594238,0,validation
0,he_764bec,6.919302463531494,6.833262920379639,0,train
0,he_2b42db,6.944418907165527,6.863321781158447,0,train
0,he_a10557,6.872432708740234,6.760354995727539,0,validation
0,he_5ec5e8,6.562414169311523,5.788014888763428,0,validation
0,le_4677fe,6.618776798248291,8.36413288116455,0,validation
0,le_98525a,7.14792537689209,5.9492878913879395,0,validation
0,le_d24988,6.225459098815918,7.137425422668457,0,validation
0,he_37c485,6.7539963722229,6.5761213302612305,0,validation
0,he_637e1b,6.291570663452148,5.900269508361816,0,train
0,le_aa9b3d,6.570162296295166,6.322126388549805,0,validation
0,le_092d88,8.184803009033203,8.504450798034668,0,validation
0,le_d8de43,7.212859630584717,7.364008903503418,0,train
0,le_68cc09,5.378846168518066,5.901697158813477,0,train
0,le_814b46,5.771038055419922,5.138644218444824,0,validation
0,he_9cff74,7.050512313842773,6.2107253074646,0,train
0,le_96c6d5,8.2437105178833,8.621248245239258,0,validation
0,he_c1196d,7.979742050170898,9.430259704589844,0,train
0,he_5a6c32,6.802947998046875,6.652268409729004,0,validation
0,he_5d5f7a,6.9932732582092285,6.948330402374268,0,train
0,le_3a623c,6.316961288452148,6.101538181304932,0,train
0,le_e7dea5,7.507971286773682,6.396974086761475,0,train
0,he_80b814,6.130884170532227,5.659239768981934,0,validation
0,le_09679c,6.400795936584473,7.555481433868408,0,train
0,le_d4dd8f,5.657829284667969,4.776569843292236,0,validation
0,he_4bfcf6,6.38787317276001,6.0447235107421875,0,train
0,le_8f8e8a,7.483501434326172,6.241792678833008,0,validation
0,he_eff624,7.125057697296143,7.1568603515625,0,train
0,le_b194d6,6.709973335266113,5.815863132476807,0,validation
0,le_b1ae3c,8.190325736999512,6.891946315765381,0,validation
0,he_5597e5,6.669441223144531,6.444591045379639,0,train
0,he_8a456e,7.5427656173706055,7.835637092590332,0,validation
0,he_094848,6.7685418128967285,6.598748207092285,0,train
0,le_1c08db,5.834856986999512,5.514617443084717,0,train
0,he_e0689e,6.534482955932617,6.782315731048584,0,validation
0,le_f1d98c,6.784382343292236,6.036128997802734,0,train
0,le_a818bf,5.751662254333496,5.811782360076904,0,train
0,he_b19ac2,6.4382781982421875,6.120331764221191,0,train
0,he_932e9c,7.202226638793945,7.282260417938232,0,validation
0,he_e1c1ac,7.853043556213379,8.53669261932373,0,validation
0,he_acd142,6.747798919677734,6.5664801597595215,0,train
0,le_daf354,7.262033939361572,7.72001838684082,0,train
0,he_c21f8c,6.203088283538818,5.643470287322998,0,train
0,he_929f9b,6.308845043182373,5.926181793212891,0,validation
0,le_baabbc,6.150692462921143,5.195589065551758,0,train
0,he_4f27f3,7.24852180480957,7.357490539550781,0,train
0,le_c75cf6,6.470377445220947,6.685813903808594,0,validation
0,he_eaabee,6.797628879547119,7.052311897277832,0,validation
0,he_85fdc1,6.610480785369873,6.352875709533691,0,validation
0,le_d5e0b8,6.01862096786499,5.726308822631836,0,train
0,le_b001cf,7.135534763336182,6.289278507232666,0,validation
0,he_6be05d,7.396376609802246,7.888172626495361,0,train
0,le_870446,6.627679347991943,6.432558059692383,0,train
0,le_0637ba,5.87853479385376,5.290820121765137,0,train
0,he_8a549e,7.395015239715576,8.097834587097168,0,train
0,le_d025d9,7.197540283203125,6.3032355308532715,0,validation
0,he_a26cfb,7.807467460632324,8.803457260131836,0,validation
0,he_836543,6.851426124572754,6.72767972946167,0,train
0,he_b8a511,6.493659019470215,6.171152114868164,0,train
0,le_0623c9,6.682448863983154,6.2761616706848145,0,validation
0,he_9b18bc,7.3428144454956055,6.659852504730225,0,validation
0,he_685d08,7.959958553314209,9.112393379211426,0,train
0,le_92914d,9.227118492126465,8.598135948181152,0,train
0,he_35b068,5.557826042175293,5.885568141937256,0,train
0,he_3a40f5,6.262813568115234,5.8524932861328125,0,train
0,le_ddbf24,6.570996284484863,6.696864604949951,0,train
0,le_08e1b5,5.644599914550781,6.092670440673828,0,train
0,le_256cce,6.190343379974365,5.276681423187256,0,train
0,he_0e2b7a,8.070723533630371,8.14339828491211,0,validation
0,he_6cfa07,6.564083099365234,6.900769233703613,0,validation
0,he_85ff02,8.846796989440918,10.112958908081055,0,train
0,le_39b3e3,6.421472072601318,5.8469462394714355,0,train
0,he_351fa1,6.197380542755127,5.758984565734863,0,validation
0,le_d2662d,6.128077983856201,5.925597190856934,0,train
0,he_6e2164,6.444552421569824,6.1297430992126465,0,validation
0,he_321338,6.5123162269592285,6.200173854827881,0,train
0,he_b9c59b,7.2681427001953125,7.38937520980835,0,train
0,he_5ba506,7.599541664123535,7.34000301361084,0,train
0,he_955633,6.160464286804199,5.703610420227051,0,train
0,he_711362,6.574120044708252,6.296313762664795,0,validation
0,le_380ed6,6.816807270050049,6.7867021560668945,0,train
0,he_eb5653,6.7121477127075195,6.51102352142334,0,train
0,le_ef147f,7.447054386138916,5.979081630706787,0,validation
0,le_bd5553,6.248434543609619,5.667043685913086,0,validation
0,he_e8d0d4,5.596189498901367,5.60607385635376,0,train
0,le_ac58bc,6.092593669891357,5.489541530609131,0,train
0,le_6e93a8,5.3847479820251465,5.160278797149658,0,train
0,le_a672ff,7.459622383117676,7.885639190673828,0,validation
0,he_59f481,7.886606216430664,9.516871452331543,0,train
0,le_32e365,6.0023369789123535,5.69728946685791,0,validation
0,he_253e64,7.530361652374268,7.815480709075928,0,validation
0,he_1589ac,8.22494888305664,10.139142036437988,0,validation
0,he_0352a5,6.27488374710083,5.875239372253418,0,validation
0,he_0fe808,6.7372918128967285,6.550136089324951,0,validation
0,he_4dfc9a,6.84616756439209,6.719498157501221,0,train
0,he_53a37b,6.697586536407471,6.637595176696777,0,validation
0,he_3b1424,7.280898571014404,7.410102844238281,0,train
0,he_af8dbf,7.361565589904785,7.541187763214111,0,validation
0,he_a3e3a4,7.352199077606201,7.525965213775635,0,validation
0,le_622f03,5.5955634117126465,4.628162384033203,0,validation
0,he_f40d7e,6.813253402709961,6.703652858734131,0,train
0,he_ad2c6f,6.7616448402404785,6.588016986846924,0,validation
0,he_557676,6.747560977935791,6.640512943267822,0,validation
0,he_3c577e,6.617793560028076,6.364249229431152,0,train
0,le_661759,7.63624382019043,7.060802459716797,0,validation
0,he_1aca60,6.911888599395752,6.989413261413574,0,validation
0,he_dab57d,7.09959602355957,6.120879173278809,0,validation
0,le_7b2851,7.486301422119141,7.6145453453063965,0,train
0,le_ef4386,7.541923522949219,6.852700710296631,0,train
0,he_81c663,6.6914896965026855,6.500148773193359,0,train
0,le_cde2f8,7.4245734214782715,8.005633354187012,0,train
0,he_781a92,6.206672191619873,5.772921562194824,0,train
0,he_a777f6,6.753166198730469,6.574830055236816,0,train
0,he_ee4bcc,6.917908191680908,6.831094741821289,0,train
0,le_bc79cd,6.610307216644287,5.847668647766113,0,validation
0,he_0e1b16,7.366411209106445,7.549060821533203,0,validation
0,he_d16357,6.734421730041504,6.545670986175537,0,train
0,he_28e587,6.721774578094482,6.002356052398682,0,train
0,he_41a754,6.64608907699585,5.429956436157227,0,train
0,le_70d46f,5.642725467681885,5.590206146240234,0,validation
0,le_ffbca1,7.604610443115234,6.860820293426514,0,train
0,he_616252,7.094730854034424,6.708408355712891,0,train
0,he_a4594f,6.4656219482421875,5.9582085609436035,0,train
0,le_b8feee,5.909120559692383,7.366891860961914,0,train
0,le_eb9660,6.545778751373291,5.734213829040527,0,train
0,le_363c70,8.080103874206543,6.788112640380859,0,train
0,le_6bde61,8.308311462402344,7.077860355377197,0,validation
0,le_c04ae8,7.520476818084717,8.48658275604248,0,validation
0,he_4a3727,8.116312980651855,8.847911834716797,0,train
0,le_c880b0,7.315697193145752,6.925556182861328,0,validation
0,le_766228,6.952077388763428,6.212379455566406,0,validation
0,le_9c4270,5.211729526519775,4.997256278991699,0,train
0,he_87d8a7,7.761270046234131,8.252055168151855,0,validation
0,he_8feb2d,7.514422416687012,6.78988790512085,0,validation
0,he_f01b48,7.190382957458496,7.2630157470703125,0,validation
0,le_58079b,5.43662691116333,5.631927967071533,0,train
0,le_5088b4,8.12667179107666,7.618035316467285,0,train
0,he_6528fe,6.11785364151001,5.290306091308594,0,validation
0,le_aa12de,6.797078609466553,5.968662738800049,0,train
0,he_3d059e,7.572978973388672,7.929270267486572,0,train
0,le_feadea,5.768968105316162,5.539797782897949,0,train
0,he_0724b7,8.26190185546875,8.563758850097656,0,validation
0,he_cd16a6,5.365116119384766,4.559121608734131,0,validation
0,le_5b76d0,6.042281150817871,5.7524566650390625,0,validation
0,he_dfc951,7.197638511657715,7.274805068969727,0,validation
0,he_ff9f62,5.58070182800293,4.931701183319092,0,validation
0,le_7a26ee,7.1383185386657715,7.214544773101807,0,validation
0,le_3fc415,6.424180030822754,6.884038925170898,0,train
0,he_79241f,6.737283229827881,7.296795845031738,0,train
0,he_51d69d,7.484226703643799,7.566708564758301,0,validation
0,he_660f4d,6.938238620758057,6.862720012664795,0,train
0,le_69cfdb,5.450213432312012,5.392276287078857,0,train
0,le_472126,8.014891624450684,6.7441487312316895,0,train
0,le_4c7bcc,6.143671035766602,6.634830951690674,0,train
0,he_7d5015,8.276822090148926,9.245447158813477,0,validation
0,he_da468b,6.898257732391357,6.664179801940918,0,validation
0,le_a1bed9,7.688781261444092,6.645277500152588,0,train
0,he_b190e2,8.483100891113281,10.83200740814209,0,train
0,le_322936,6.351208209991455,5.805976390838623,0,train
0,le_39ed4e,5.509160041809082,5.531721591949463,0,train
0,he_139129,7.689280986785889,7.302545070648193,0,train
0,he_4615cf,6.8264946937561035,7.9116740226745605,0,validation
0,he_910819,6.591923236846924,6.167222499847412,0,validation
0,he_03ff44,6.662389755249023,6.456498622894287,0,validation
0,he_c5228c,7.344744682312012,6.427124977111816,0,train
0,le_510ee4,6.259133338928223,7.103037357330322,0,validation
0,le_01c1d1,7.0189948081970215,7.858346939086914,0,train
0,he_be5e6c,7.047210693359375,6.898808479309082,0,validation
0,he_035cdd,6.651876926422119,6.417267799377441,0,validation
0,le_83ec82,6.104243278503418,5.626123905181885,0,train
0,le_10bdc8,5.7549543380737305,5.832042694091797,0,train
0,he_08841b,5.767076015472412,5.143791198730469,0,validation
0,le_1438c8,6.38916540145874,6.097006320953369,0,train
0,le_28ff23,6.037925720214844,5.930273056030273,0,validation
0,le_26094c,7.079492568969727,6.447357654571533,0,validation
0,he_5bb743,6.941368579864502,6.858366012573242,0,train
0,le_400c54,6.257659435272217,5.30510139465332,0,train
0,le_044ad6,5.884230136871338,5.6756510734558105,0,validation
0,le_63f66e,5.545670509338379,4.9729323387146,0,train
0,le_9f1d40,5.822596549987793,5.2801971435546875,0,validation
0,le_59dd77,7.608399868011475,6.867461681365967,0,validation
0,he_05a66f,6.627989768981934,6.380110263824463,0,train
0,he_758929,6.253315448760986,6.498252868652344,0,validation
0,le_acce2f,6.002532482147217,5.646146774291992,0,validation
0,he_ab9692,6.317342281341553,5.9389262199401855,0,train
0,he_b5456c,6.163761615753174,5.708554744720459,0,validation
0,le_bc7d24,6.310373306274414,7.211514949798584,0,train
0,le_801110,6.118370532989502,5.360185623168945,0,train
0,le_eaae1c,6.468408584594727,6.172792911529541,0,validation
0,he_708f00,7.096663951873779,7.2463483810424805,0,train
0,le_b43f6c,6.980873107910156,6.921853542327881,0,validation
0,le_590a7e,5.472179889678955,5.085402965545654,0,validation
0,le_130ed1,5.814937114715576,5.563938617706299,0,train
0,he_f65738,8.128575325012207,9.393064498901367,0,train
0,he_a779a4,6.576600074768066,6.3001708984375,0,validation
0,he_13dd33,6.689339637756348,6.068098068237305,0,validation
0,le_9ab3c8,5.678051948547363,5.253814220428467,0,validation
0,he_37695e,4.598639488220215,5.392737865447998,0,validation
0,he_715e4a,6.2889604568481445,5.896354675292969,0,validation
0,le_cf14b0,6.275804042816162,6.275804042816162,0,train
0,le_458c04,5.83952522277832,5.105475902557373,0,validation
0,le_321164,6.337368011474609,6.593061923980713,0,train
0,he_69af03,6.529018878936768,6.226155757904053,0,train
0,he_3179bb,7.036541938781738,5.989204406738281,0,train
0,le_1a2bdc,6.446555137634277,7.272405624389648,0,train
0,le_6d4621,5.9345550537109375,5.671809196472168,0,validation
0,le_f6fa0e,6.607880115509033,5.741395950317383,0,validation
0,le_8ee86d,6.400218963623047,5.929701328277588,0,validation
0,he_6fcaa9,6.730463981628418,6.539514541625977,0,validation
0,le_c1040c,8.036535263061523,7.350662708282471,0,validation
0,he_4cb4e1,6.697425365447998,6.488121032714844,0,validation
0,le_bc95e6,7.028017997741699,7.052638053894043,0,validation
0,le_a07c3a,7.038038730621338,7.193210124969482,0,validation
0,he_83c6f7,7.46951961517334,7.716610908508301,0,train
0,le_49d277,6.56570291519165,5.746063709259033,0,validation
0,le_87d2fd,6.181465148925781,5.442261219024658,0,train
0,le_ba271f,6.683815956115723,6.391421318054199,0,validation
0,le_1a29b0,6.288654327392578,6.013545513153076,0,train
0,he_279227,8.024508476257324,9.040287017822266,0,validation
0,le_05a5f2,5.857118129730225,5.490096569061279,0,validation
0,le_ac3893,6.423060417175293,5.6340813636779785,0,validation
0,he_d65115,7.8431715965271,8.843036651611328,0,validation
0,le_fa9cc3,7.477115631103516,7.7907938957214355,0,validation
0,le_b0fdf1,6.261913776397705,5.977802753448486,0,validation
0,le_5a52c0,6.586279392242432,8.201028823852539,0,validation
0,he_d1f643,6.871984004974365,5.680400371551514,0,validation
0,le_d20bd3,7.292551517486572,6.637056827545166,0,train
0,he_992e41,6.718210220336914,6.121446132659912,0,train
0,le_cc6043,5.433737277984619,4.780972003936768,0,validation
0,he_c8b376,6.602798938751221,6.039694786071777,0,train
0,le_d21039,7.4607672691345215,6.400366306304932,0,validation
0,le_5b5cf8,6.230154514312744,5.789875030517578,0,train
0,he_56e7b9,7.079980850219727,5.995419025421143,0,train
0,le_4229e2,6.451254844665527,6.591070175170898,0,validation
0,le_1a2492,6.988503932952881,8.082225799560547,0,validation
0,he_deb7c1,6.780300140380859,8.07338809967041,0,validation
0,le_4f31ff,7.496006965637207,7.374258518218994,0,validation
0,he_221288,7.959122180938721,9.947202682495117,0,validation
0,le_7b2aea,7.633463382720947,8.580848693847656,0,train
0,le_8045b0,6.50678014755249,5.827631950378418,0,train
0,he_537134,6.606853485107422,6.347232341766357,0,validation
0,he_2fe81b,6.444983959197998,5.8613080978393555,0,validation
0,he_a962bf,7.260304927825928,7.316322326660156,0,validation
0,le_50582c,6.432647228240967,4.8891119956970215,0,validation
0,he_f55329,6.154247760772705,5.6942853927612305,0,validation
0,he_43d1e1,7.4446916580200195,8.324007034301758,0,validation
0,he_4ec47d,6.695659160614014,6.051277160644531,0,validation
0,le_f28e73,7.312953948974609,6.51695442199707,0,validation
0,le_37a2d1,6.863261699676514,6.791924476623535,0,train
0,he_c20788,6.704991340637207,6.499892711639404,0,validation
0,le_764df2,6.67672872543335,6.498976230621338,0,validation
0,he_c6590f,6.119772434234619,5.642573356628418,0,train
0,he_60ed0a,5.617157459259033,4.983346462249756,0,validation
0,he_5df55a,8.654486656188965,10.675620079040527,0,validation
0,he_734cd1,5.96497106552124,5.988259792327881,0,train
0,le_de6e1e,5.581736087799072,5.829895973205566,0,validation
0,le_b4482a,6.263657569885254,5.716169357299805,0,validation
0,he_57a478,6.773472309112549,6.606418132781982,0,validation
0,le_0af460,6.512917518615723,6.334592819213867,0,validation
0,le_f0d06e,8.201737403869629,6.784507751464844,0,train
0,le_1c128f,7.712106227874756,6.7892279624938965,0,train
0,le_a85ddb,6.861125469207764,6.298157691955566,0,validation
0,he_85af94,6.541439533233643,6.245476722717285,0,train
0,he_63befa,5.875874996185303,5.302043437957764,0,validation
0,he_652056,8.202449798583984,9.682760238647461,0,validation
0,he_0d36d6,6.692110538482666,6.479852676391602,0,train
0,le_e0fa5c,6.407297134399414,5.650088310241699,0,validation
0,he_48966d,7.541098594665527,7.916290760040283,0,train
0,le_4d537b,5.6455912590026855,5.20258092880249,0,validation
0,le_9d8415,5.942103385925293,5.247714519500732,0,validation
0,he_487634,8.162644386291504,8.769457817077637,0,train
0,le_5ca495,7.0021538734436035,6.599376201629639,0,train
0,he_3caee5,7.530210494995117,8.621996879577637,0,train
0,le_a61898,7.564593315124512,6.749070644378662,0,validation
0,he_6effe8,6.793711185455322,6.509842872619629,0,validation
0,le_01c9ec,6.720998287200928,6.247969150543213,0,train
0,le_b8397b,6.01168155670166,5.774587631225586,0,train
0,he_94fd55,7.015376091003418,6.9786295890808105,0,validation
0,le_01f7f4,7.782761096954346,7.4018330574035645,0,validation
0,le_3730f0,7.750987529754639,7.163514614105225,0,train
0,le_d66bd6,7.613840103149414,7.838562488555908,0,train
0,le_4356f8,7.673866271972656,7.082287788391113,0,validation
0,le_0155ee,5.82919454574585,8.334431648254395,0,validation
0,he_380d40,7.1335859298706055,7.170721054077148,0,train
0,le_1bd9fa,6.214072227478027,5.9991135597229,0,train
0,he_195589,6.705241680145264,6.500280380249023,0,validation
0,le_4f6999,7.466512680053711,7.480701446533203,0,train
0,he_d5d6ab,7.107816219329834,7.128843784332275,0,train
0,he_c90fcd,6.862681865692139,6.831652641296387,0,validation
0,le_3ccf61,7.090029239654541,7.459266662597656,0,validation
0,le_b9c5c4,7.441934585571289,7.271090030670166,0,train
0,le_a6ce35,7.54632568359375,7.097890377044678,0,train
0,le_12c34b,5.896996021270752,5.241090774536133,0,validation
0,le_7c71da,5.741283893585205,4.938048839569092,0,validation
0,he_dbbed2,6.829097747802734,6.6929450035095215,0,train
0,he_fcf200,6.3987555503845215,6.0610480308532715,0,validation
0,le_84b6bb,6.455916404724121,5.835590839385986,0,train
0,he_1f22c4,6.997034549713135,7.267364501953125,0,train
0,le_a9f11f,7.681985855102539,6.2929534912109375,0,validation
0,le_1911ce,8.274886131286621,9.172348022460938,0,validation
0,he_0d9235,7.278716564178467,9.047112464904785,0,validation
0,le_83decd,7.868877410888672,8.8160982131958,0,validation
0,he_412004,7.2000908851623535,7.278789520263672,0,validation
0,he_9910b5,6.769347190856934,6.600000381469727,0,train
0,he_98349a,6.483333110809326,6.602696895599365,0,validation
0,le_404d16,6.680456638336182,5.827866554260254,0,train
0,le_00eeb2,7.36529541015625,8.459510803222656,0,train
0,le_1ccf16,6.9708147048950195,7.466299533843994,0,validation
0,le_7261d3,5.5406270027160645,4.992293834686279,0,train
0,le_45d4cb,5.763308048248291,5.312463283538818,0,validation
0,le_694adb,6.725947380065918,6.383110523223877,0,train
0,le_70cf78,8.443772315979004,8.013529777526855,0,validation
0,he_e97c8c,6.614745140075684,6.3850321769714355,0,train
0,he_0a5ec7,6.322994709014893,5.94740629196167,0,train
0,he_40a91b,7.353578567504883,6.787236213684082,0,validation
0,he_cdc607,6.86203145980835,6.2515459060668945,0,train
0,he_89ad62,6.9411725997924805,7.314249038696289,0,train
0,le_8deff5,6.205607891082764,6.244718551635742,0,validation
0,he_e1a03a,5.871275424957275,5.466659069061279,0,validation
0,le_52447f,7.060389041900635,6.509322166442871,0,validation
0,he_fb1124,8.236451148986816,10.612151145935059,0,train
0,le_523a81,5.4877777099609375,5.1094160079956055,0,validation
0,he_5608ba,6.6366448402404785,6.198428153991699,0,train
0,le_8198ec,8.64706802368164,7.508500576019287,0,train
0,he_d85c04,6.970695972442627,6.9060235023498535,0,validation
0,he_403257,7.575890064239502,7.233290195465088,0,train
0,le_e568c3,6.162409782409668,5.785820484161377,0,train
0,he_86eeae,5.229818344116211,5.763018608093262,0,validation
0,le_dfd822,8.032491683959961,9.536211967468262,0,train
0,le_c50a04,5.768995761871338,7.068017959594727,0,train
0,le_8de934,6.059480667114258,6.33612585067749,0,train
0,he_47238e,6.420300006866455,6.057038307189941,0,validation
0,he_d6039a,5.877028465270996,6.726973533630371,0,validation
0,le_29fc1c,8.368390083312988,7.665762424468994,0,validation
0,he_076917,6.067885875701904,5.309905529022217,0,validation
0,le_91c567,6.152585506439209,5.883764266967773,0,validation
0,le_f58d84,6.566547870635986,5.585305690765381,0,validation
0,he_f0d231,6.536990642547607,6.121918678283691,0,validation
0,le_7427b9,5.8528971672058105,6.133240699768066,0,validation
0,le_7716d1,8.010927200317383,8.84308910369873,0,validation
0,he_0db92b,6.288360118865967,5.895453453063965,0,train
0,le_6975d5,7.336765289306641,6.808373928070068,0,train
0,he_4f7ff0,7.0357184410095215,8.171555519104004,0,validation
0,he_e7fbc9,8.048524856567383,7.8578290939331055,0,train
0,he_6c7977,7.236214637756348,7.3374924659729,0,validation
0,le_83615b,8.473310470581055,8.925470352172852,0,train
0,le_e50e4d,6.042004108428955,5.398853778839111,0,train
0,he_feda4e,7.3553466796875,8.522480010986328,0,validation
0,he_056a76,8.655647277832031,9.673152923583984,0,train
0,le_a0c615,6.411371231079102,6.095530986785889,0,train
0,he_25e97e,7.54542350769043,7.8399577140808105,0,train
0,he_b85d24,7.769179821014404,8.668703079223633,0,validation
0,le_c470c6,7.5518317222595215,7.584251403808594,0,validation
0,he_e554b0,6.741095066070557,6.556051254272461,0,train
0,le_a8ce41,5.352205276489258,6.860586166381836,0,train
0,le_56f182,5.673925876617432,5.822450160980225,0,train
0,le_5ff624,7.830410003662109,7.702185153961182,0,validation
0,le_c3a6f8,6.4648590087890625,5.876623630523682,0,validation
0,le_2f43e7,7.16924524307251,7.883150100708008,0,train
0,le_0bda07,6.729547023773193,6.6375813484191895,0,validation
0,le_f39982,5.693619251251221,5.242259502410889,0,train
0,he_0fab59,6.196788311004639,5.758096694946289,0,validation
0,le_a1c863,6.4636688232421875,5.901049613952637,0,train
0,he_512e0a,7.7833075523376465,8.357949256896973,0,train
0,le_2ba026,6.62935733795166,6.448532581329346,0,train
0,he_2044e1,7.189416408538818,6.273510456085205,0,validation
0,he_552813,6.98732852935791,6.65770959854126,0,train
0,he_caef9f,5.824418067932129,5.227197170257568,0,train
0,he_bf08f5,7.500068664550781,8.351683616638184,0,validation
0,he_959231,6.738831043243408,6.294287204742432,0,validation
0,le_2c1c76,6.070863246917725,5.84222936630249,0,train
0,he_b63add,6.886876583099365,6.78282356262207,0,train
0,he_a2b8a1,7.0248260498046875,6.993985176086426,0,validation
0,le_8578d9,8.072993278503418,7.693329334259033,0,train
0,le_b41a4d,6.286738872528076,6.0277862548828125,0,validation
0,le_80446d,6.384493827819824,5.168838024139404,0,train
0,le_e8dc06,6.053016662597656,5.643666744232178,0,train
0,le_226bc8,6.665229320526123,6.4947428703308105,0,train
0,le_fa7d2c,5.718120098114014,5.177394390106201,0,validation
0,he_063fc0,7.073028087615967,6.114858150482178,0,train
0,he_affe4b,6.75030517578125,6.570379257202148,0,validation
0,le_55232c,7.464752197265625,7.151272296905518,0,validation
0,he_01cfbe,7.217219829559326,7.3066253662109375,0,validation
0,le_6cbd20,8.20810604095459,8.992056846618652,0,validation
0,he_4fd2c6,6.179144382476807,5.731629848480225,0,validation
0,le_d07324,6.587899684906006,5.577542781829834,0,validation
0,he_149c5b,6.617356777191162,6.363572120666504,0,train
0,he_7b0696,6.679556846618652,6.460326194763184,0,train
0,le_5ff0f8,6.175393104553223,6.275798797607422,0,validation
0,he_bfbfe0,6.094870567321777,5.605219841003418,0,validation
0,le_2c1fd3,5.196254253387451,5.717968463897705,0,train
0,he_113880,6.830071926116943,6.497513771057129,0,train
0,he_43444c,6.140126705169678,5.673104286193848,0,train
0,he_63e860,8.411527633666992,12.475738525390625,0,train
0,he_30ba2d,6.316206455230713,5.937224388122559,0,validation
0,he_b516c8,6.707772731781006,6.504218101501465,0,validation
0,he_061e2c,7.3280930519104,7.509464740753174,0,train
0,le_430535,6.908661365509033,6.548839569091797,0,validation
0,le_2ce311,6.891391277313232,6.560676574707031,0,validation
0,le_9a7a59,6.677030086517334,6.367053985595703,0,train
0,le_54d379,6.656386375427246,5.748183250427246,0,train
0,le_52b809,7.558784008026123,8.231432914733887,0,train
0,le_f66fec,6.055176734924316,5.671871662139893,0,train
0,he_d9b3a0,6.2369794845581055,5.818384647369385,0,validation
0,le_2e65e7,6.017451286315918,6.498541355133057,0,validation
0,le_eb89a4,7.17719030380249,6.305261135101318,0,validation
0,he_a7bf3c,6.849527835845947,6.709125518798828,0,validation
0,le_275fa9,7.592604160308838,7.95531702041626,0,train
0,he_16c2e2,6.403178691864014,6.067681789398193,0,train
0,le_763996,7.259438991546631,5.7397918701171875,0,validation
0,le_c9ff75,7.538814544677734,6.619303226470947,0,validation
0,le_eb4323,6.77250337600708,6.028831481933594,0,validation
0,he_0935e0,7.143030643463135,6.480795860290527,0,validation
0,le_28d5fc,7.001223564147949,5.662915229797363,0,train
0,le_f85aef,6.546739101409912,6.168176174163818,0,train
0,he_8743aa,7.235038757324219,7.335580348968506,0,validation
0,he_77325b,6.636430263519287,6.393239498138428,0,train
0,le_194430,6.9068403244018555,6.46927547454834,0,train
0,he_0d978a,6.598968505859375,6.334966659545898,0,validation
0,he_d5d228,7.12030029296875,7.464138031005859,0,train
0,he_703227,6.441549301147461,5.825683116912842,0,validation
0,he_01e8ed,6.263071537017822,5.857522010803223,0,train
0,he_5785c0,6.343369483947754,5.977969169616699,0,validation
0,le_e7ceaf,7.162247180938721,6.743321418762207,0,validation
0,he_11ed24,6.046945571899414,5.533332824707031,0,validation
0,he_f65f6e,6.4837117195129395,5.708923816680908,0,validation
0,he_726d3f,6.441048622131348,6.124485969543457,0,validation
0,le_dd8888,6.17951774597168,5.494050025939941,0,train
0,le_d042c2,6.819206714630127,6.238423824310303,0,train
0,le_39c6ce,6.826941013336182,6.573039531707764,0,validation
0,he_ab7281,6.674907207489014,6.4530930519104,0,train
0,he_019042,6.505002975463867,5.756918430328369,0,validation
0,le_d52c87,6.567854881286621,6.081684112548828,0,validation
0,he_112f6d,6.473113536834717,6.17258358001709,0,validation
0,le_4528f1,8.114349365234375,6.554393768310547,0,train
0,he_711892,6.4587626457214355,7.426194190979004,0,validation
0,le_34558e,5.57517671585083,4.841257095336914,0,train
0,he_8066c3,7.202898979187012,7.283353805541992,0,train
0,he_fe4ada,7.092174053192139,7.4667158126831055,0,validation
0,le_58b819,8.415733337402344,8.009428024291992,0,train
0,he_eae292,7.0187153816223145,6.987905502319336,0,validation
0,he_14019f,6.326242446899414,6.877223014831543,0,validation
0,he_673c7e,6.556497097015381,6.297661304473877,0,train
0,he_d5db57,6.889340400695801,6.452786445617676,0,validation
0,le_7badf8,6.6591949462890625,5.881610870361328,0,validation
0,le_912a2a,7.421642780303955,7.52877950668335,0,train
0,he_95ee8c,6.860655784606934,6.742035865783691,0,validation
0,le_8761f6,6.887564182281494,6.227478504180908,0,validation
0,le_5d7507,6.876178741455078,6.955425262451172,0,train
0,le_5863fc,6.6292805671691895,6.512122631072998,0,validation
0,he_853422,6.676204681396484,6.455112934112549,0,validation
0,he_4e43b9,7.39919900894165,6.8924407958984375,0,train
0,he_a39ebf,6.679340839385986,7.955106735229492,0,validation
0,le_80e3b0,5.5888519287109375,5.483822345733643,0,train
0,le_e11ea9,6.3627753257751465,5.851162910461426,0,validation
0,he_e69885,6.156157970428467,5.697149753570557,0,train
0,le_5d62d2,5.91766357421875,5.419841766357422,0,train
0,le_a8ce3a,7.12661600112915,6.698062896728516,0,validation
0,he_477534,6.669223785400391,7.259236812591553,0,train
0,he_4528d8,7.486326694488525,6.734627723693848,0,validation
0,le_315c9d,5.836117267608643,5.6557817459106445,0,train
0,he_9c907a,7.636410713195801,8.777955055236816,0,train
0,he_bc8ef0,6.270242214202881,5.868279457092285,0,validation
0,le_ff4463,7.0178351402282715,7.218093395233154,0,train
0,he_b63a86,6.998815536499023,8.365144729614258,0,validation
0,le_6fe94c,5.57097053527832,5.582282543182373,0,train
0,le_b554e0,6.340304851531982,5.537520885467529,0,validation
0,he_905478,6.147331237792969,5.391664981842041,0,validation
0,le_ae27bc,5.81106424331665,5.24232816696167,0,validation
0,le_86dde0,6.593081951141357,6.256200790405273,0,validation
0,le_3235a7,5.816276550292969,5.533747673034668,0,train
0,le_560bc5,6.92841100692749,7.0969462394714355,0,validation
0,le_b2d8a4,6.745480060577393,6.50799560546875,0,train
0,he_57b66a,7.3011555671691895,8.329870223999023,0,train
0,he_8b6e8a,6.723176002502441,6.528178691864014,0,train
0,he_0ad37b,6.735524654388428,6.547386646270752,0,validation
0,he_1f1796,6.7023138999938965,6.495725154876709,0,validation
0,he_c788c4,6.123709201812744,9.536097526550293,0,train
0,le_3e0c8b,5.9492011070251465,5.530630588531494,0,validation
0,le_ad29d4,7.838500499725342,7.682239532470703,0,validation
0,he_9ead18,6.429569721221924,6.838935852050781,0,train
0,le_a9c8e7,6.260080814361572,7.7354912757873535,0,train
0,he_fa775e,8.299304008483887,11.347250938415527,0,train
0,he_6eb3b7,5.993330478668213,5.869025230407715,0,train
0,le_b68792,7.163623332977295,7.066924571990967,0,train
0,le_7491ba,6.462007999420166,5.945664882659912,0,train
0,le_155906,7.625677108764648,8.250389099121094,0,validation
0,le_71250d,8.131173133850098,6.231809139251709,0,train
0,he_945b84,5.929559707641602,5.380131244659424,0,validation
0,le_767019,7.774226665496826,7.671342372894287,0,validation
0,le_bea3b5,6.278474807739258,6.077877998352051,0,validation
0,le_1a7ab7,5.190318584442139,5.897390365600586,0,train
0,he_0445e3,6.912520408630371,6.931578159332275,0,validation
0,he_ebb18a,6.4590325355529785,5.451228618621826,0,train
0,he_04607e,6.083428859710693,5.588057041168213,0,train
0,le_8dffb2,6.3174729347229,5.6703596115112305,0,validation
0,he_bf7958,6.896243572235107,6.2133612632751465,0,validation
0,he_865b01,6.586665153503418,6.315827369689941,0,validation
0,he_5422d6,6.426910400390625,6.067319869995117,0,validation
0,le_1b77f0,5.6050944328308105,5.434893608093262,0,validation
0,he_061f19,6.452314376831055,5.957958221435547,0,train
0,le_ab66f0,5.659543991088867,5.3390913009643555,0,train
0,le_33de79,7.274588584899902,7.893796443939209,0,validation
0,he_4d16d8,7.924241542816162,8.083974838256836,0,train
0,he_7141aa,5.813868522644043,5.375889301300049,0,validation
0,le_b7b78e,5.868472099304199,5.570222854614258,0,train
0,le_341408,5.44814395904541,6.881512641906738,0,validation
0,he_e7f057,5.624675273895264,4.9939961433410645,0,validation
0,le_c975ec,6.226006984710693,5.780651092529297,0,train
0,he_b9dc56,6.176578044891357,5.727781295776367,0,validation
0,he_b9ba5e,7.354962348937988,7.885146141052246,0,train
0,le_3ef247,8.093599319458008,8.548766136169434,0,validation
0,le_945414,6.276756763458252,6.646780967712402,0,train
0,le_73a0f6,5.9720611572265625,5.330584526062012,0,validation
0,le_f790ca,5.854381084442139,5.291098594665527,0,train
0,le_3c1dbd,8.48177719116211,7.449155330657959,0,train
0,he_ac375a,7.320806980133057,7.7421979904174805,0,validation
0,he_d0547e,7.427231311798096,6.987826347351074,0,train
0,le_0e80d9,5.818770408630371,5.76213264465332,0,train
0,he_9a731c,6.5577311515808105,6.5201263427734375,0,validation
0,he_442910,6.242897987365723,6.542236328125,0,validation
0,le_ae71bb,6.586979389190674,6.143490314483643,0,validation
0,he_0c8461,7.638648986816406,9.078415870666504,0,validation
0,le_36906d,7.0141801834106445,6.4425530433654785,0,validation
0,he_c72991,6.813479900360107,6.668650150299072,0,train
0,le_698ed0,6.7831130027771,5.561606407165527,0,train
0,le_2f8b4e,6.06188440322876,5.83317756652832,0,validation
0,le_096a5a,6.443919658660889,5.5579094886779785,0,train
0,he_b62509,6.4193949699401855,6.055629730224609,0,validation
0,le_ad984a,8.169306755065918,6.625100612640381,0,train
0,he_2aef37,6.645482063293457,6.804121971130371,0,validation
0,le_4e404a,5.492185115814209,5.092357158660889,0,train
0,he_8f57fb,6.760550498962402,6.586316108703613,0,train
0,he_10c218,6.229666233062744,6.441351413726807,0,train
0,he_a7eb16,6.826930522918701,6.689573287963867,0,train
0,le_157346,6.3244123458862305,6.195591926574707,0,train
0,he_4c56d3,7.174452781677246,7.237127780914307,0,validation
0,le_875512,6.063370704650879,5.678887844085693,0,validation
0,le_f593c2,5.84012508392334,5.8521037101745605,0,train
0,le_43f436,7.162440776824951,7.685386657714844,0,train
0,he_fa6948,6.752821445465088,7.651568412780762,0,validation
0,he_cc58af,6.668136119842529,6.7947282791137695,0,train
0,le_9aabb9,6.834395408630371,6.831362724304199,0,train
0,he_256c48,6.674068450927734,6.451789855957031,0,validation
0,he_301a3e,7.3439555168151855,7.512569904327393,0,train
0,he_bda96d,6.8788228034973145,6.745077610015869,0,validation
0,le_d031d2,6.4424285888671875,6.680245876312256,0,train
0,he_935b9f,7.4626617431640625,6.963995456695557,0,train
0,he_f51b67,5.7106709480285645,5.061748027801514,0,train
0,le_1223ad,5.502521514892578,5.175996780395508,0,validation
0,le_59e8c6,7.157320022583008,6.8623175621032715,0,train
0,he_fd9c4c,7.313022136688232,7.462303638458252,0,train
0,he_4e95fa,8.197650909423828,9.605719566345215,0,train
0,he_5863f3,6.996855735778809,7.002070426940918,0,train
0,le_327267,6.092178821563721,5.692513465881348,0,validation
0,le_d61b54,8.286152839660645,7.397922515869141,0,validation
0,he_69475d,6.9895830154418945,6.936714172363281,0,validation
0,he_f152e5,6.31829833984375,5.940360069274902,0,train
0,le_5704eb,7.735540390014648,6.787353038787842,0,validation
0,le_c5b6c0,7.041447639465332,6.864584445953369,0,validation
0,he_90123f,7.96091365814209,7.987156391143799,0,train
0,he_0bee72,7.0126214027404785,6.978427410125732,0,validation
0,he_68742b,7.008888244628906,6.972620010375977,0,validation
0,he_b7e84d,6.149183750152588,5.6866888999938965,0,validation
0,he_765035,6.9678730964660645,6.8835859298706055,0,train
0,le_e7dcfd,5.8273797035217285,5.629428386688232,0,validation
0,he_a9942d,7.0866007804870605,7.243299961090088,0,validation
0,he_d1ef4d,7.0247955322265625,6.751908302307129,0,validation
0,le_f9fcdf,6.373318195343018,6.062048435211182,0,validation
0,he_b2fbe6,7.333160877227783,7.495029449462891,0,train
0,le_338fc2,6.425461769104004,5.741562843322754,0,validation
0,he_51a0c7,6.46214485168457,5.895368576049805,0,validation
0,le_77f475,7.168124675750732,7.58994722366333,0,validation
0,le_0e684b,7.781541347503662,7.800436496734619,0,validation
0,he_19058d,5.584622859954834,4.937256336212158,0,train
0,he_b5f00f,5.3102288246154785,4.548531532287598,0,train
0,he_1ef995,7.421186923980713,7.028852939605713,0,train
0,he_844d39,6.311760902404785,5.8881988525390625,0,train
0,he_ae8e9c,6.85044527053833,5.926428318023682,0,train
0,le_6035f7,6.044412136077881,5.745019435882568,0,train
0,he_0a3039,6.042771816253662,7.22042179107666,0,train
0,le_550d25,6.3124308586120605,6.6183600425720215,0,validation
0,le_ec27a1,6.452220439910889,5.620746612548828,0,validation
0,he_f77454,7.124810695648193,6.492924690246582,0,validation
0,le_d7795e,6.1219682693481445,5.9050612449646,0,train
0,le_1c7c91,6.1155548095703125,5.846967697143555,0,validation
0,he_8a99f7,7.659597873687744,8.320211410522461,0,train
0,le_d1964b,7.037220478057861,7.4169769287109375,0,validation
0,he_2dc55e,6.6843461990356445,7.287282466888428,0,train
0,le_8cccbf,7.005113124847412,7.343092441558838,0,validation
0,le_25d7bf,6.278153896331787,5.933063983917236,0,train
0,le_d83883,7.313805103302002,7.570154666900635,0,validation
0,he_5893a2,6.974630832672119,7.27269983291626,0,train
0,he_5b4ec1,7.459381580352783,7.734531879425049,0,train
0,le_adb773,6.860438346862793,6.432870388031006,0,validation
0,he_d66410,6.905498027801514,7.5758819580078125,0,validation
0,he_d91d52,7.887606143951416,9.386930465698242,0,train
0,le_497c69,6.441287040710449,6.929939270019531,0,validation
0,he_b70236,6.509267807006836,6.226816654205322,0,train
0,le_ecfb48,6.418022632598877,6.003589153289795,0,train
0,he_4caf0f,6.884886264801025,7.7110276222229,0,train
0,he_f7f5b8,6.6395134925842285,6.398037433624268,0,train
0,he_8b8e73,6.1851606369018555,5.740654945373535,0,validation
0,he_df76e7,5.739712715148926,5.103989124298096,0,train
0,le_384eec,6.303387641906738,5.458712577819824,0,train
0,he_6a3ff1,5.990936279296875,5.469406604766846,0,train
0,le_af2269,6.84504508972168,6.834354400634766,0,validation
0,he_91e872,6.1104655265808105,5.628612995147705,0,train
0,he_92a1d4,5.878470420837402,5.305819034576416,0,train
0,le_58503c,6.0537543296813965,5.230863571166992,0,validation
0,le_9827be,6.181573390960693,6.213730812072754,0,validation
0,he_0a2e7a,5.879219055175781,5.28174352645874,0,train
0,le_536ce6,5.840447902679443,5.555807113647461,0,validation
0,le_c47bf3,6.093008041381836,5.854047775268555,0,train
0,le_23d7e6,5.654663562774658,5.006347179412842,0,train
0,he_aea985,6.978672504425049,8.240318298339844,0,train
0,he_610a6b,6.241759300231934,5.825551986694336,0,train
0,le_0b5c71,6.834987640380859,6.136488437652588,0,train
0,le_8e17a1,6.351359844207764,5.8631591796875,0,train
0,he_e97a85,6.77272367477417,6.478331565856934,0,train
0,he_baf440,7.425843715667725,6.638584136962891,0,validation
0,he_41f4cd,5.873153209686279,5.298086166381836,0,validation
0,he_5cb9a5,6.938053131103516,6.807955741882324,0,train
0,le_59e850,5.946533203125,5.606716632843018,0,train
0,le_130466,7.23974609375,6.949599742889404,0,train
0,le_ae10ae,6.269999027252197,5.587541103363037,0,train
0,le_b57fb4,5.485283851623535,4.750648021697998,0,validation
0,he_122fc1,7.264915943145752,7.38413143157959,0,validation
0,he_def558,7.440053939819336,7.531055450439453,0,train
0,he_88eef7,7.130044460296631,9.373023986816406,0,train
0,le_56db27,7.085390567779541,6.474494457244873,0,train
0,le_b72c01,6.9354729652404785,7.254148006439209,0,train
0,he_e7e54d,7.858877658843994,8.47520923614502,0,train
0,he_666efe,7.628891468048096,7.975590705871582,0,train
0,le_5f218d,6.1117963790893555,5.549740791320801,0,validation
0,le_31327c,6.950583457946777,6.730066776275635,0,validation
0,le_cae6e7,6.333581447601318,5.633421897888184,0,validation
0,he_fdfcef,7.491048812866211,7.7515974044799805,0,train
0,le_53b2fd,6.164257049560547,5.912542343139648,0,train
0,le_72261f,7.418415546417236,5.578157424926758,0,train
0,le_fc3d57,6.9283952713012695,6.97261381149292,0,train
0,le_230abf,7.162805557250977,6.488584995269775,0,validation
0,le_41a3a0,6.531383037567139,6.431262016296387,0,validation
0,he_7a5e63,6.605133056640625,6.34455680847168,0,train
0,le_dfd3b4,7.696908473968506,7.807901859283447,0,validation
0,le_a2fcff,6.653477668762207,6.100060939788818,0,validation
0,le_109683,7.253554344177246,6.830921649932861,0,validation
0,he_7057f3,6.760371685028076,5.59099006652832,0,validation
0,he_558615,7.191830158233643,7.95982551574707,0,train
0,le_e7fc9f,6.438324928283691,6.199321269989014,0,train
0,le_ac7cf7,6.158268928527832,5.910521984100342,0,validation
0,he_9eff37,6.790639400482178,6.633121967315674,0,validation
0,le_d44ccb,6.175463676452637,5.1164751052856445,0,validation
0,le_d60087,5.257951736450195,5.193362236022949,0,train
0,le_9c6ba0,6.065794944763184,6.9177422523498535,0,validation
0,he_97db03,8.283252716064453,8.40574836730957,0,train
0,le_ff1ebb,6.56721830368042,6.56721830368042,0,validation
0,le_e9f735,7.196392059326172,7.50387716293335,0,train
0,he_e6d7a6,7.497049331665039,7.761347770690918,0,validation
0,he_97c074,7.4603400230407715,7.9739837646484375,0,validation
0,le_d969e0,6.066127300262451,5.868638038635254,0,train
0,he_bbc8b7,8.065996170043945,8.790521621704102,0,validation
0,le_1aa1fb,5.736342430114746,4.89068603515625,0,validation
0,le_1c3df3,6.897026538848877,7.101051330566406,0,validation
0,le_b7d8a6,6.822488307952881,6.498259544372559,0,validation
0,he_9b050e,6.176271438598633,5.727320671081543,0,validation
0,le_d52c28,6.195820331573486,5.2683234214782715,0,validation
0,he_3f7fe7,6.958871364593506,6.846486568450928,0,validation
0,he_b3e123,6.476271629333496,6.144103527069092,0,validation
0,le_1674c0,5.724649906158447,5.084789752960205,0,train
0,le_78f0ed,5.5380754470825195,5.375821113586426,0,train
0,he_533155,6.919533729553223,6.833623886108398,0,validation
0,he_d80706,7.776170253753662,9.447868347167969,0,train
0,le_ff18cf,6.28660774230957,5.674171447753906,0,validation
0,le_8a6f35,6.978137969970703,6.72130823135376,0,validation
0,he_2edc16,6.3463029861450195,5.941932201385498,0,validation
0,he_4ff1c4,6.993022441864014,8.480605125427246,0,validation
0,he_4f9390,7.256597995758057,7.824824333190918,0,validation
0,le_185d39,7.737864971160889,6.458669185638428,0,train
0,le_9b9745,7.354435920715332,7.06181526184082,0,validation
0,le_91f758,6.4774651527404785,5.6547441482543945,0,train
0,le_a8ed34,7.298872947692871,6.918424606323242,0,train
0,he_661ccf,7.263020038604736,6.837422847747803,0,train
0,he_37489d,6.7756476402282715,8.027782440185547,0,train
0,he_7c68af,8.158952713012695,9.108501434326172,0,train
0,le_838987,6.160158634185791,5.3821282386779785,0,train
0,le_f50d64,6.319370746612549,7.1147847175598145,0,validation
0,le_417bec,7.685978412628174,7.574406623840332,0,validation
0,le_a6260b,5.945312976837158,5.389454364776611,0,train
0,he_51332a,7.1873555183410645,6.820880889892578,0,validation
0,he_1ef686,7.153900146484375,7.180163383483887,0,train
0,le_4b0989,5.999127388000488,5.495042324066162,0,train
0,le_19c9ac,5.333742618560791,6.554715156555176,0,train
0,he_d79548,6.039247989654541,5.521786689758301,0,validation
0,le_6d15c9,7.494750499725342,6.369226932525635,0,validation
0,le_5b740a,6.148820400238037,5.61098051071167,0,train
0,le_edf950,6.052990436553955,5.379411220550537,0,train
0,he_847dab,6.6533522605896,7.34164571762085,0,train
0,he_a64661,6.476378917694092,6.144271373748779,0,train
0,he_cdf3a4,7.693932056427002,7.678073883056641,0,train
0,he_cabb3d,6.304638385772705,5.919872760772705,0,validation
0,he_e07220,6.03447961807251,5.514634609222412,0,validation
0,le_57ec9b,7.408977031707764,6.662773132324219,0,train
0,he_7556fc,6.3990654945373535,6.0615129470825195,0,train
0,le_9468b1,8.626871109008789,8.6548433303833,0,validation
0,le_2af127,6.565584659576416,6.492776870727539,0,validation
0,he_9c8a78,5.701622009277344,5.048585891723633,0,train
0,he_2519ee,7.0364789962768555,7.639660835266113,0,train
0,he_f84b71,6.7283616065979,6.536244869232178,0,train
0,le_98b680,6.595599174499512,5.9147162437438965,0,train
0,le_4afc4d,8.528718948364258,7.823892593383789,0,train
0,le_d96176,7.335806846618652,7.821573734283447,0,validation
0,he_859e26,6.48436164855957,6.873121738433838,0,train
0,he_bddd26,6.1625471115112305,5.706735134124756,0,train
0,he_f07086,6.470548152923584,6.845567226409912,0,train
0,he_ffbc40,5.834409236907959,5.241729259490967,0,train
0,le_a80334,6.744284152984619,6.357578754425049,0,train
0,le_1b5d46,7.07703161239624,6.814323425292969,0,validation
0,le_f7b80b,5.741159439086914,4.996028900146484,0,validation
0,le_ceeb48,6.5145344734191895,5.57228422164917,0,train
0,he_e187a0,6.119904041290283,5.0629658699035645,0,train
0,le_5f97fa,7.307573318481445,7.041947841644287,0,train
1,le_d069d3,6.477624416351318,6.567010879516602,0,validation
1,he_47c12f,7.009125709533691,6.93009614944458,0,validation
1,le_64d75a,5.591937065124512,5.5518364906311035,0,train
1,le_259d3e,7.300444602966309,7.521621227264404,0,validation
1,he_31fd02,7.352880477905273,6.493949890136719,0,train
1,he_cb7e90,7.8115739822387695,10.0824613571167,0,train
1,he_79e9b7,7.325514316558838,8.468071937561035,0,validation
1,he_eb9923,6.410408020019531,6.498138427734375,0,validation
1,he_fb3ae1,6.294722080230713,5.866392612457275,0,validation
1,he_e12d52,7.976734161376953,8.91942024230957,0,validation
1,le_bf9a36,8.194527626037598,7.790944576263428,0,train
1,he_4a04a2,7.143829345703125,7.569814682006836,0,validation
1,le_b2752d,7.402127742767334,6.682259559631348,0,train
1,le_7aa426,6.797760963439941,7.586999893188477,0,train
1,le_98d6b3,6.691727638244629,6.821642875671387,0,validation
1,he_0d4150,7.875758647918701,9.383670806884766,0,validation
1,he_a87a9b,6.832037448883057,7.18588399887085,0,validation
1,le_fde5e8,7.616091728210449,7.332653045654297,0,validation
1,le_78fc9a,7.292867183685303,7.68058967590332,0,train
1,le_749d9e,5.986509799957275,5.7159647941589355,0,train
1,le_d82184,6.828211307525635,7.797728061676025,0,validation
1,he_81252f,6.512328624725342,7.353448390960693,0,train
1,le_02764e,7.290009021759033,7.252634048461914,0,train
1,he_bda94e,6.524858474731445,6.211596965789795,0,train
1,le_5f185b,7.506125450134277,7.739282131195068,0,train
1,he_a8615f,6.336299419403076,5.928759574890137,0,train
1,he_929466,8.017864227294922,8.387937545776367,0,train
1,he_883cb8,6.955657958984375,6.846924304962158,0,validation
1,le_f0530f,7.032998561859131,7.105279445648193,0,train
1,he_1d2579,6.1674675941467285,6.3042120933532715,0,validation
1,le_9faffe,5.93995475769043,5.579555034637451,0,validation
1,he_842a1f,5.88155460357666,5.303275108337402,0,train
1,he_bb65e5,7.303631782531738,6.957330226898193,0,validation
1,he_95d87e,6.532158374786377,6.188146591186523,0,train
1,le_c8410f,7.430179119110107,7.258261203765869,0,train
1,le_e7807e,5.43682336807251,4.866546154022217,0,train
1,le_3a63b0,7.511466979980469,7.458921909332275,0,train
1,he_b61f8b,7.495756149291992,7.710991382598877,0,validation
1,he_17f529,6.091047286987305,5.548027038574219,0,train
1,he_34360a,6.314293384552002,5.895750999450684,0,train
1,le_3422e0,7.681382179260254,6.9137115478515625,0,validation
1,he_a0069c,7.691826820373535,8.0296049118042,0,train
1,le_ba2a87,5.25228214263916,5.469364166259766,0,train
1,le_66b5ac,7.8951416015625,7.169092655181885,0,validation
1,he_ccbb6e,7.7523651123046875,8.025545120239258,0,validation
1,le_4c4592,7.025931358337402,6.332708358764648,0,validation
1,he_2b1023,7.077997207641602,7.03213357925415,0,validation
1,le_ed8708,5.380643367767334,5.013611316680908,0,train
1,he_4ee83e,6.432394027709961,6.8520708084106445,0,validation
1,le_49a533,6.716999053955078,5.592275142669678,0,train
1,he_9ce40f,5.4823527336120605,4.722616672515869,0,train
1,le_592616,6.327374458312988,6.830957412719727,0,validation
1,he_76ab15,7.064376354217529,7.016042709350586,0,validation
1,he_261f83,6.160540580749512,5.665122032165527,0,train
1,le_120b5b,6.291121006011963,5.834742546081543,0,train
1,le_f2acc0,6.772492408752441,6.837430000305176,0,train
1,he_04551f,7.258856773376465,7.326030254364014,0,validation
1,he_b9a930,6.230178356170654,5.699739456176758,0,train
1,le_80ca99,5.987621307373047,6.219938278198242,0,validation
1,he_334eb2,6.560971260070801,5.672262668609619,0,validation
1,le_0c2039,6.067486763000488,5.691836833953857,0,validation
1,he_028951,6.621264457702637,6.356208801269531,0,validation
1,le_d45347,6.130932807922363,5.432702541351318,0,train
1,he_a4529f,5.812580108642578,5.202947616577148,0,train
1,le_234216,6.379363536834717,5.766561985015869,0,train
1,le_9391b0,8.054621696472168,6.847647190093994,0,train
1,le_454c0b,7.288231372833252,6.525791168212891,0,validation
1,le_49db1c,8.18762493133545,9.819863319396973,0,validation
1,he_67ae44,5.859633922576904,5.27139139175415,0,train
1,le_3c9f84,7.18259334564209,6.753726482391357,0,validation
1,he_15a710,7.815400123596191,8.268404006958008,0,train
1,he_4be430,6.484178066253662,7.282384395599365,0,validation
1,he_4435d3,7.065037250518799,6.39890193939209,0,train
1,he_de4bf9,6.566349029541016,6.241332054138184,0,validation
1,he_e361fe,6.972106456756592,6.8725104331970215,0,validation
1,he_2e9fb6,5.899038314819336,5.328705787658691,0,train
1,le_b1f4ec,7.743112087249756,6.280425548553467,0,train
1,he_a3611b,6.8412909507751465,6.34679651260376,0,validation
1,le_971e6c,6.150479793548584,5.761794090270996,0,validation
1,he_764bec,6.974459648132324,6.876171588897705,0,train
1,he_2b42db,7.118279457092285,7.097592353820801,0,train
1,he_a10557,7.022109031677246,6.950292110443115,0,validation
1,he_5ec5e8,6.512679576873779,5.636239528656006,0,validation
1,le_4677fe,6.537313461303711,8.509060859680176,0,validation
1,le_98525a,7.217738151550293,6.080165386199951,0,validation
1,le_d24988,6.069964408874512,6.880016326904297,0,validation
1,he_37c485,6.819317817687988,6.6348395347595215,0,validation
1,he_637e1b,6.4317851066589355,6.071987628936768,0,train
1,le_aa9b3d,6.724987506866455,6.457130432128906,0,validation
1,le_092d88,8.187580108642578,8.41064739227295,0,validation
1,le_d8de43,7.2220683097839355,7.443909645080566,0,train
1,le_68cc09,5.4055705070495605,5.999597072601318,0,train
1,le_814b46,5.778278827667236,5.173779010772705,0,validation
1,he_9cff74,7.137871265411377,6.552325248718262,0,train
1,le_96c6d5,8.352362632751465,8.74173355102539,0,validation
1,he_c1196d,8.141314506530762,9.644224166870117,0,train
1,he_5a6c32,6.829620361328125,6.65086555480957,0,validation
1,he_5d5f7a,7.0431227684021,6.982980251312256,0,train
1,le_3a623c,6.362143516540527,6.150272369384766,0,train
1,le_e7dea5,7.907003402709961,6.885743618011475,0,train
1,he_80b814,6.101910591125488,5.577176094055176,0,validation
1,le_09679c,6.4051408767700195,7.555078506469727,0,train
1,le_d4dd8f,5.732124328613281,4.849823474884033,0,validation
1,he_4bfcf6,6.413296699523926,6.044255256652832,0,train
1,le_8f8e8a,7.65051794052124,6.760183811187744,0,validation
1,he_eff624,7.152346611022949,7.152951240539551,0,train
1,le_b194d6,6.887446403503418,6.113692760467529,0,validation
1,le_b1ae3c,8.351493835449219,7.042436599731445,0,validation
1,he_5597e5,6.762960910797119,6.547171592712402,0,train
1,he_8a456e,7.572042465209961,7.834956169128418,0,validation
1,he_094848,6.805307865142822,6.613043785095215,0,train
1,le_1c08db,5.8485307693481445,5.5717644691467285,0,train
1,he_e0689e,6.476409435272217,6.752582550048828,0,validation
1,le_f1d98c,7.010270595550537,6.283888816833496,0,train
1,le_a818bf,5.699499130249023,5.811230659484863,0,train
1,he_b19ac2,6.436601638793945,6.079211235046387,0,train
1,he_932e9c,7.216268062591553,7.256824970245361,0,validation
1,he_e1c1ac,7.902335166931152,8.473638534545898,0,validation
1,he_acd142,6.776700019836426,6.568545818328857,0,train
1,le_daf354,7.366467475891113,8.106409072875977,0,train
1,he_c21f8c,6.268035888671875,5.785233020782471,0,train
1,he_929f9b,6.47286319732666,6.133604526519775,0,validation
1,le_baabbc,6.402224063873291,5.452462673187256,0,train
1,he_4f27f3,7.233543395996094,7.2848968505859375,0,train
1,le_c75cf6,6.695415496826172,7.032346725463867,0,validation
1,he_eaabee,6.827661037445068,7.010281562805176,0,validation
1,he_85fdc1,6.7969512939453125,6.600046157836914,0,validation
1,le_d5e0b8,6.00986385345459,5.743146896362305,0,train
1,le_b001cf,7.179044246673584,6.332534313201904,0,validation
1,he_6be05d,7.344738006591797,7.757768154144287,0,train
1,le_870446,6.6957173347473145,6.491851329803467,0,train
1,le_0637ba,5.940364837646484,5.396542072296143,0,train
1,he_8a549e,7.477746486663818,8.385883331298828,0,train
1,le_d025d9,7.194372653961182,6.331235408782959,0,validation
1,he_a26cfb,7.820713520050049,8.818760871887207,0,validation
1,he_836543,6.981240749359131,6.886719226837158,0,train
1,he_b8a511,6.597641468048096,6.290009498596191,0,train
1,le_0623c9,6.785825729370117,6.356170177459717,0,validation
1,he_9b18bc,7.395023822784424,6.838616371154785,0,validation
1,he_685d08,8.173979759216309,9.616693496704102,0,train
1,le_92914d,9.205297470092773,8.660422325134277,0,train
1,he_35b068,5.745271682739258,6.035640239715576,0,train
1,he_3a40f5,6.2127180099487305,5.740152835845947,0,train
1,le_ddbf24,6.701180934906006,7.2583136558532715,0,train
1,le_08e1b5,5.679266929626465,6.333058834075928,0,train
1,le_256cce,6.377961158752441,5.443946361541748,0,train
1,he_0e2b7a,8.059464454650879,8.246581077575684,0,validation
1,he_6cfa07,6.752015590667725,7.2789483070373535,0,validation
1,he_85ff02,8.818158149719238,10.00871467590332,0,train
1,le_39b3e3,6.424825668334961,5.782329559326172,0,train
1,he_351fa1,6.096674919128418,5.569323539733887,0,validation
1,le_d2662d,6.243620872497559,6.153467178344727,0,train
1,he_6e2164,6.420845985412598,6.05557918548584,0,validation
1,he_321338,6.683799743652344,6.4240336418151855,0,train
1,he_b9c59b,7.381618976593018,7.525518417358398,0,train
1,he_5ba506,7.731606960296631,7.50330114364624,0,train
1,he_955633,6.282095432281494,5.847452640533447,0,train
1,he_711362,6.779841423034668,6.573431491851807,0,validation
1,le_380ed6,6.812498569488525,6.743712425231934,0,train
1,he_eb5653,6.7640061378479,6.548799514770508,0,train
1,le_ef147f,7.539719581604004,6.144992351531982,0,validation
1,le_bd5553,6.1753435134887695,5.595968246459961,0,validation
1,he_e8d0d4,5.692867755889893,5.714327335357666,0,train
1,le_ac58bc,6.182133674621582,5.63548469543457,0,train
1,le_6e93a8,5.430300712585449,5.309386253356934,0,train
1,le_a672ff,7.450364112854004,7.8733811378479,0,validation
1,he_59f481,8.217384338378906,10.161322593688965,0,train
1,le_32e365,5.979788780212402,5.770018577575684,0,validation
1,he_253e64,7.543651103973389,7.788821220397949,0,validation
1,he_1589ac,8.186201095581055,10.370781898498535,0,validation
1,he_0352a5,6.2863383293151855,5.853817462921143,0,validation
1,he_0fe808,6.805485725402832,6.613321781158447,0,validation
1,he_4dfc9a,6.879418849945068,6.728330135345459,0,train
1,he_53a37b,6.799842357635498,6.807281494140625,0,validation
1,he_3b1424,7.395700454711914,7.548401355743408,0,train
1,he_af8dbf,7.457658767700195,7.649083137512207,0,validation
1,he_a3e3a4,7.5032196044921875,7.723121643066406,0,validation
1,le_622f03,5.681761264801025,4.7497968673706055,0,validation
1,he_f40d7e,6.911529541015625,6.747933864593506,0,train
1,he_ad2c6f,6.696784019470215,6.4442315101623535,0,validation
1,he_557676,6.822187900543213,6.829012870788574,0,validation
1,he_3c577e,6.678708076477051,6.416112899780273,0,train
1,le_661759,7.628598213195801,7.066642761230469,0,validation
1,he_1aca60,7.0185112953186035,7.334026336669922,0,validation
1,he_dab57d,7.121303081512451,6.1297407150268555,0,validation
1,le_7b2851,7.617891788482666,7.933004379272461,0,train
1,le_ef4386,7.7166972160339355,6.986860752105713,0,train
1,he_81c663,6.715406894683838,6.4974188804626465,0,train
1,le_cde2f8,7.589493274688721,8.172760963439941,0,train
1,he_781a92,6.263370990753174,5.819366931915283,0,train
1,he_a777f6,6.821030616760254,6.637503623962402,0,train
1,he_ee4bcc,6.9306254386901855,6.807983875274658,0,train
1,le_bc79cd,6.713558197021484,5.979686737060547,0,validation
1,he_0e1b16,7.503049850463867,7.722845077514648,0,validation
1,he_d16357,6.788199424743652,6.586431980133057,0,train
1,he_28e587,6.731288909912109,5.942928791046143,0,train
1,he_41a754,6.705898284912109,5.520219802856445,0,train
1,le_70d46f,5.6895751953125,5.7335662841796875,0,validation
1,le_ffbca1,7.712726593017578,7.105954647064209,0,train
1,he_616252,7.233699321746826,6.884062767028809,0,train
1,he_a4594f,6.434412479400635,6.012350559234619,0,train
1,le_b8feee,5.917120456695557,7.392755031585693,0,train
1,le_eb9660,6.681311130523682,5.966021537780762,0,train
1,le_363c70,8.13404369354248,6.843583583831787,0,train
1,le_6bde61,8.725634574890137,7.526766300201416,0,validation
1,le_c04ae8,7.348193645477295,8.349746704101562,0,validation
1,he_4a3727,8.245078086853027,9.10419750213623,0,train
1,le_c880b0,7.571633338928223,7.336101055145264,0,validation
1,le_766228,7.086890697479248,6.320363998413086,0,validation
1,le_9c4270,5.317748546600342,5.1682915687561035,0,train
1,he_87d8a7,7.837326526641846,8.327288627624512,0,validation
1,he_8feb2d,7.564845561981201,6.752724647521973,0,validation
1,he_f01b48,7.226565837860107,7.273558139801025,0,validation
1,le_58079b,5.360325813293457,5.58590030670166,0,train
1,le_5088b4,8.231388092041016,7.775471210479736,0,train
1,he_6528fe,6.241707801818848,5.607130527496338,0,validation
1,le_aa12de,6.933498859405518,6.216586112976074,0,train
1,he_3d059e,7.7317986488342285,8.146385192871094,0,train
1,le_feadea,5.828915596008301,5.619222640991211,0,train
1,he_0724b7,8.362385749816895,8.756324768066406,0,validation
1,he_cd16a6,5.344341278076172,4.52187442779541,0,validation
1,le_5b76d0,6.051352500915527,5.853671073913574,0,validation
1,he_dfc951,7.362477779388428,7.494413375854492,0,validation
1,he_ff9f62,5.460200309753418,4.75454568862915,0,validation
1,le_7a26ee,7.157131671905518,7.492132186889648,0,validation
1,le_3fc415,6.612802028656006,7.157674312591553,0,train
1,he_79241f,6.693598747253418,7.196737766265869,0,train
1,he_51d69d,7.6602463722229,7.805293083190918,0,validation
1,he_660f4d,7.017991065979004,6.943886756896973,0,train
1,le_69cfdb,5.380349159240723,5.339272499084473,0,train
1,le_472126,8.279175758361816,7.130088806152344,0,train
1,le_4c7bcc,6.368255615234375,7.265076160430908,0,train
1,he_7d5015,8.310721397399902,9.125207901000977,0,validation
1,he_da468b,6.799266815185547,6.7392425537109375,0,validation
1,le_a1bed9,7.807224273681641,6.96130895614624,0,train
1,he_b190e2,8.218355178833008,10.354948043823242,0,train
1,le_322936,6.208560466766357,5.66055154800415,0,train
1,le_39ed4e,5.629665851593018,5.752817630767822,0,train
1,he_139129,7.677203178405762,7.252198696136475,0,train
1,he_4615cf,6.7760162353515625,7.781773567199707,0,validation
1,he_910819,6.562578201293945,6.252203464508057,0,validation
1,he_03ff44,6.73453950881958,6.526120185852051,0,validation
1,he_c5228c,7.4726057052612305,6.542195796966553,0,train
1,le_510ee4,6.279912948608398,7.40614128112793,0,validation
1,le_01c1d1,7.057076454162598,8.100809097290039,0,train
1,he_be5e6c,7.056524276733398,6.799694061279297,0,validation
1,he_035cdd,6.618577480316162,6.322575569152832,0,validation
1,le_83ec82,6.196892738342285,5.646186351776123,0,train
1,le_10bdc8,5.747988700866699,5.879128932952881,0,train
1,he_08841b,5.78094482421875,5.156933784484863,0,validation
1,le_1438c8,6.494230270385742,6.181615829467773,0,train
1,le_28ff23,6.018495082855225,6.024451732635498,0,validation
1,le_26094c,7.386132717132568,6.960423946380615,0,validation
1,he_5bb743,7.011870384216309,6.924674987792969,0,train
1,le_400c54,6.330652713775635,5.421085834503174,0,train
1,le_044ad6,5.937931060791016,5.731271266937256,0,validation
1,le_63f66e,5.480051040649414,4.884259223937988,0,train
1,le_9f1d40,5.913046836853027,5.403085708618164,0,validation
1,le_59dd77,7.666100978851318,6.914029598236084,0,validation
1,he_05a66f,6.665524005889893,6.395604610443115,0,train
1,he_758929,6.209254741668701,6.376297473907471,0,validation
1,le_acce2f,6.063529014587402,5.631807804107666,0,validation
1,he_ab9692,6.521247863769531,6.20618200302124,0,train
1,he_b5456c,6.227431297302246,5.765456676483154,0,validation
1,le_bc7d24,6.374741077423096,7.655232906341553,0,train
1,le_801110,6.196163654327393,5.455050468444824,0,train
1,le_eaae1c,6.55141019821167,6.235620498657227,0,validation
1,he_708f00,7.151795864105225,7.277911186218262,0,train
1,le_b43f6c,7.121186256408691,7.1301093101501465,0,validation
1,le_590a7e,5.557747840881348,5.195259094238281,0,validation
1,le_130ed1,5.755153179168701,5.513429164886475,0,train
1,he_f65738,8.314605712890625,9.833497047424316,0,train
1,he_a779a4,6.605900287628174,6.3028564453125,0,validation
1,he_13dd33,6.751910209655762,5.975544452667236,0,validation
1,le_9ab3c8,5.764274597167969,5.344364643096924,0,validation
1,he_37695e,4.534519672393799,5.386718273162842,0,validation
1,he_715e4a,6.333364963531494,5.924356937408447,0,validation
1,le_cf14b0,6.129934310913086,6.129934310913086,0,train
1,le_458c04,5.803064346313477,5.090883255004883,0,validation
1,le_321164,6.566803932189941,6.950829982757568,0,train
1,he_69af03,6.605401515960693,6.30208158493042,0,train
1,he_3179bb,6.998836040496826,5.818310260772705,0,train
1,le_1a2bdc,6.4129638671875,7.354496002197266,0,train
1,le_6d4621,5.8911213874816895,5.678579807281494,0,validation
1,le_f6fa0e,6.86274528503418,6.042074203491211,0,validation
1,le_8ee86d,6.657585620880127,6.238823890686035,0,validation
1,he_6fcaa9,6.674705505371094,6.409886837005615,0,validation
1,le_c1040c,8.23530387878418,7.568939685821533,0,validation
1,he_4cb4e1,6.77167272567749,6.560725212097168,0,validation
1,le_bc95e6,7.012068271636963,7.023139953613281,0,validation
1,le_a07c3a,7.092723846435547,7.27062463760376,0,validation
1,he_83c6f7,7.439575672149658,7.619699001312256,0,train
1,le_49d277,6.63230562210083,5.796150207519531,0,validation
1,le_87d2fd,6.213000297546387,5.532677173614502,0,train
1,le_ba271f,6.830891132354736,6.552484512329102,0,validation
1,le_1a29b0,6.451394081115723,6.179527759552002,0,train
1,he_279227,7.872379302978516,8.737125396728516,0,validation
1,le_05a5f2,5.868647575378418,5.451975345611572,0,validation
1,le_ac3893,6.496321678161621,5.668515682220459,0,validation
1,he_d65115,7.961362361907959,9.37077522277832,0,validation
1,le_fa9cc3,7.560728073120117,7.871382713317871,0,validation
1,le_b0fdf1,6.448633193969727,6.24571418762207,0,validation
1,le_5a52c0,6.703332901000977,8.313401222229004,0,validation
1,he_d1f643,6.96091890335083,5.768460750579834,0,validation
1,le_d20bd3,7.273665428161621,6.607858180999756,0,train
1,he_992e41,6.69356107711792,6.1643476486206055,0,train
1,le_cc6043,5.464638710021973,4.804892539978027,0,validation
1,he_c8b376,6.658336162567139,6.285722255706787,0,train
1,le_d21039,7.669325351715088,6.7101969718933105,0,validation
1,le_5b5cf8,6.234017848968506,5.783734321594238,0,train
1,he_56e7b9,7.088075637817383,5.952203750610352,0,train
1,le_4229e2,6.479183673858643,6.681474208831787,0,validation
1,le_1a2492,6.9148149490356445,7.884008407592773,0,validation
1,he_deb7c1,6.7113871574401855,8.113073348999023,0,validation
1,le_4f31ff,7.365226745605469,7.368410587310791,0,validation
1,he_221288,7.975652694702148,9.998513221740723,0,validation
1,le_7b2aea,7.743498802185059,8.92167854309082,0,train
1,le_8045b0,6.773271083831787,6.173501968383789,0,train
1,he_537134,6.684530735015869,6.4251708984375,0,validation
1,he_2fe81b,6.424755096435547,5.796221733093262,0,validation
1,he_a962bf,7.282948970794678,7.558684349060059,0,validation
1,le_50582c,6.824058532714844,5.570489406585693,0,validation
1,he_f55329,6.244899272918701,5.791659355163574,0,validation
1,he_43d1e1,7.485462665557861,8.281702995300293,0,validation
1,he_4ec47d,6.632213115692139,5.939731597900391,0,validation
1,le_f28e73,7.256153583526611,6.5334553718566895,0,validation
1,le_37a2d1,6.982801914215088,6.943093776702881,0,train
1,he_c20788,6.72377872467041,6.486223220825195,0,validation
1,le_764df2,6.699095249176025,6.752529144287109,0,validation
1,he_c6590f,6.082178592681885,5.547577857971191,0,train
1,he_60ed0a,5.573367118835449,4.914865016937256,0,validation
1,he_5df55a,8.720252990722656,10.883197784423828,0,validation
1,he_734cd1,5.96842098236084,5.920183181762695,0,train
1,le_de6e1e,5.496280670166016,5.838523864746094,0,validation
1,le_b4482a,6.184403419494629,5.608908653259277,0,validation
1,he_57a478,6.815639495849609,6.629117965698242,0,validation
1,le_0af460,6.540642261505127,6.4350409507751465,0,validation
1,le_f0d06e,8.569005012512207,7.376413822174072,0,train
1,le_1c128f,7.797167778015137,7.166402339935303,0,train
1,le_a85ddb,6.9199676513671875,6.3261518478393555,0,validation
1,he_85af94,6.630667209625244,6.3413825035095215,0,train
1,he_63befa,5.902947425842285,5.3343915939331055,0,validation
1,he_652056,8.156424522399902,9.410884857177734,0,validation
1,he_0d36d6,6.768551826477051,6.55587100982666,0,train
1,le_e0fa5c,6.399075984954834,5.5023512840271,0,validation
1,he_48966d,7.556886196136475,7.934820175170898,0,train
1,le_4d537b,5.690756320953369,5.274281978607178,0,validation
1,le_9d8415,5.905846118927002,5.193389415740967,0,validation
1,he_487634,8.26698112487793,8.93934440612793,0,train
1,le_5ca495,7.127736568450928,6.7310709953308105,0,train
1,he_3caee5,7.595320224761963,8.64365291595459,0,train
1,le_a61898,7.604616641998291,7.014627933502197,0,validation
1,he_6effe8,6.706571578979492,6.41452169418335,0,validation
1,le_01c9ec,6.872519493103027,6.375988960266113,0,train
1,le_b8397b,6.156675338745117,5.892018795013428,0,train
1,he_94fd55,7.16494083404541,7.173417091369629,0,validation
1,le_01f7f4,7.71579122543335,7.511234760284424,0,validation
1,le_3730f0,7.648193359375,7.0661540031433105,0,train
1,le_d66bd6,7.691570281982422,7.915913105010986,0,train
1,le_4356f8,7.708076000213623,7.150336742401123,0,validation
1,le_0155ee,5.8379740715026855,8.330974578857422,0,validation
1,he_380d40,7.273900032043457,7.350475788116455,0,train
1,le_1bd9fa,6.310119152069092,6.0558366775512695,0,train
1,he_195589,6.711901664733887,6.467747688293457,0,validation
1,le_4f6999,7.556713104248047,7.561742782592773,0,train
1,he_d5d6ab,7.138267517089844,7.130072593688965,0,train
1,he_c90fcd,6.891769886016846,6.913556098937988,0,validation
1,le_3ccf61,7.389979839324951,7.8765130043029785,0,validation
1,le_b9c5c4,7.727882385253906,7.598234176635742,0,train
1,le_a6ce35,7.648693561553955,7.419639587402344,0,train
1,le_12c34b,6.056325912475586,5.368164539337158,0,validation
1,le_7c71da,5.840412139892578,5.13339900970459,0,validation
1,he_dbbed2,7.001093864440918,6.917601585388184,0,train
1,he_fcf200,6.5387654304504395,6.232458591461182,0,validation
1,le_84b6bb,6.469853401184082,5.911451816558838,0,train
1,he_1f22c4,7.101747989654541,7.445522308349609,0,train
1,le_a9f11f,7.860172748565674,6.654323577880859,0,validation
1,le_1911ce,8.447745323181152,9.549224853515625,0,validation
1,he_0d9235,7.191167831420898,8.607892990112305,0,validation
1,le_83decd,8.185256958007812,9.33615779876709,0,validation
1,he_412004,7.345869064331055,7.467426300048828,0,validation
1,he_9910b5,6.917433261871338,6.78746223449707,0,train
1,he_98349a,6.507300853729248,6.508509635925293,0,validation
1,le_404d16,6.779489040374756,6.085902214050293,0,train
1,le_00eeb2,7.594398498535156,8.732853889465332,0,train
1,le_1ccf16,7.134897708892822,7.686237812042236,0,validation
1,le_7261d3,5.643325328826904,5.139115333557129,0,train
1,le_45d4cb,5.806504726409912,5.294386863708496,0,validation
1,le_694adb,6.80626106262207,6.409787178039551,0,train
1,le_70cf78,8.61668872833252,8.11987018585205,0,validation
1,he_e97c8c,6.786936283111572,6.604714870452881,0,train
1,he_0a5ec7,6.37990140914917,5.994162559509277,0,train
1,he_40a91b,7.499410629272461,6.914468288421631,0,validation
1,he_cdc607,6.887514114379883,6.287035942077637,0,train
1,he_89ad62,7.073460578918457,7.623334884643555,0,train
1,le_8deff5,6.23974609375,6.2557220458984375,0,validation
1,he_e1a03a,5.944369792938232,5.515258312225342,0,validation
1,le_52447f,7.18354606628418,6.66399621963501,0,validation
1,he_fb1124,8.373355865478516,10.990184783935547,0,train
1,le_523a81,5.457699298858643,5.042421340942383,0,validation
1,he_5608ba,6.784547805786133,6.307072639465332,0,train
1,le_8198ec,8.583229064941406,7.238193511962891,0,train
1,he_d85c04,7.046170234680176,6.980415344238281,0,validation
1,he_403257,7.801535129547119,7.569838047027588,0,train
1,le_e568c3,6.1936445236206055,5.821650505065918,0,train
1,he_86eeae,5.238545894622803,5.943676471710205,0,validation
1,le_dfd822,8.24683952331543,9.768942832946777,0,train
1,le_c50a04,5.849544525146484,7.424625396728516,0,train
1,le_8de934,6.150800704956055,6.73290491104126,0,train
1,he_47238e,6.624394416809082,6.331624984741211,0,validation
1,he_d6039a,5.941141605377197,6.838535308837891,0,validation
1,le_29fc1c,8.66413688659668,8.262251853942871,0,validation
1,he_076917,6.106472969055176,5.362960338592529,0,validation
1,le_91c567,6.136285781860352,5.896551609039307,0,validation
1,le_f58d84,6.648421287536621,5.968576431274414,0,validation
1,he_f0d231,6.4392876625061035,6.1226091384887695,0,validation
1,le_7427b9,6.024716377258301,6.326448917388916,0,validation
1,le_7716d1,8.212316513061523,9.14581298828125,0,validation
1,he_0db92b,6.30674934387207,5.884432792663574,0,train
1,le_6975d5,7.3834967613220215,7.135814666748047,0,train
1,he_4f7ff0,7.07140588760376,8.383039474487305,0,validation
1,he_e7fbc9,8.042348861694336,8.043267250061035,0,train
1,he_6c7977,7.352807998657227,7.478700637817383,0,validation
1,le_83615b,8.634777069091797,9.084650993347168,0,train
1,le_e50e4d,6.230771541595459,5.5551438331604,0,train
1,he_feda4e,7.3808207511901855,8.71678352355957,0,validation
1,he_056a76,8.848087310791016,9.928443908691406,0,train
1,le_a0c615,6.496646881103516,6.325610637664795,0,train
1,he_25e97e,7.561648845672607,7.818065643310547,0,train
1,he_b85d24,7.848880290985107,8.653623580932617,0,validation
1,le_c470c6,7.507535457611084,7.482016086578369,0,validation
1,he_e554b0,6.842720031738281,6.671243190765381,0,train
1,le_a8ce41,5.557161808013916,7.248563289642334,0,train
1,le_56f182,5.813701629638672,6.045818328857422,0,train
1,le_5ff624,8.075080871582031,8.020665168762207,0,validation
1,le_c3a6f8,6.368286609649658,5.781001567840576,0,validation
1,le_2f43e7,7.174243927001953,8.038710594177246,0,train
1,le_0bda07,6.819991111755371,6.837890625,0,validation
1,le_f39982,5.766207695007324,5.356215000152588,0,train
1,he_0fab59,6.246723651885986,5.794395446777344,0,validation
1,le_a1c863,6.357309818267822,5.842000961303711,0,train
1,he_512e0a,7.8843159675598145,8.580806732177734,0,train
1,le_2ba026,6.614668369293213,6.443482875823975,0,train
1,he_2044e1,7.296440124511719,6.521841526031494,0,validation
1,he_552813,7.121677875518799,6.9124932289123535,0,train
1,he_caef9f,5.760519027709961,5.127222537994385,0,train
1,he_bf08f5,7.411829471588135,8.241182327270508,0,validation
1,he_959231,6.782833099365234,6.358979225158691,0,validation
1,le_2c1c76,6.070650577545166,5.78764533996582,0,train
1,he_b63add,6.944807529449463,6.830043792724609,0,train
1,he_a2b8a1,7.135926246643066,7.126267433166504,0,validation
1,le_8578d9,8.248098373413086,7.893267631530762,0,train
1,le_b41a4d,6.339834213256836,6.069443225860596,0,validation
1,le_80446d,6.601863861083984,5.4754838943481445,0,train
1,le_e8dc06,5.993563652038574,5.775455951690674,0,train
1,le_226bc8,6.783781051635742,6.659358501434326,0,train
1,le_fa7d2c,5.788856506347656,5.2776875495910645,0,validation
1,he_063fc0,7.123631000518799,6.152707576751709,0,train
1,he_affe4b,6.799853324890137,6.6045613288879395,0,validation
1,le_55232c,7.580940246582031,7.217611312866211,0,validation
1,he_01cfbe,7.357906818389893,7.486985683441162,0,validation
1,le_6cbd20,8.519911766052246,9.57413101196289,0,validation
1,he_4fd2c6,6.207859516143799,5.736099720001221,0,validation
1,le_d07324,6.719533443450928,5.649957656860352,0,validation
1,he_149c5b,6.776647090911865,6.56846284866333,0,train
1,he_7b0696,6.544046878814697,6.206640243530273,0,train
1,le_5ff0f8,6.201041221618652,6.505423069000244,0,validation
1,he_bfbfe0,6.207890510559082,5.736145973205566,0,validation
1,le_2c1fd3,5.351783752441406,6.030978679656982,0,train
1,he_113880,6.757434368133545,6.471200466156006,0,train
1,he_43444c,6.111124515533447,5.590997695922852,0,train
1,he_63e860,8.445942878723145,12.574714660644531,0,train
1,he_30ba2d,6.369903087615967,5.979165077209473,0,validation
1,he_b516c8,6.812195777893066,6.62376070022583,0,validation
1,he_061e2c,7.370083332061768,7.526299953460693,0,train
1,le_430535,6.994823455810547,6.770735263824463,0,validation
1,le_2ce311,7.027513027191162,6.817361354827881,0,validation
1,le_9a7a59,6.653846263885498,6.3975372314453125,0,train
1,le_54d379,6.5963215827941895,5.6566972732543945,0,train
1,le_52b809,7.631603240966797,8.266295433044434,0,train
1,le_f66fec,6.098761081695557,5.722105979919434,0,train
1,he_d9b3a0,6.2551164627075195,5.806984901428223,0,validation
1,le_2e65e7,5.941946983337402,6.566181182861328,0,validation
1,le_eb89a4,7.083820819854736,6.378298282623291,0,validation
1,he_a7bf3c,6.651129722595215,6.338473320007324,0,validation
1,le_275fa9,7.788768768310547,8.348711013793945,0,train
1,he_16c2e2,6.318089485168457,5.9014434814453125,0,train
1,le_763996,7.491976261138916,5.914759635925293,0,validation
1,le_c9ff75,7.683010101318359,6.996788501739502,0,validation
1,le_eb4323,6.736990928649902,5.999473571777344,0,validation
1,he_0935e0,7.098113536834717,6.404971122741699,0,validation
1,le_28d5fc,7.166297912597656,5.844823360443115,0,train
1,le_f85aef,6.725042343139648,6.317541599273682,0,train
1,he_8743aa,7.292755126953125,7.3811140060424805,0,validation
1,he_77325b,6.735708713531494,6.504781246185303,0,train
1,le_194430,6.985865116119385,6.539844512939453,0,train
1,he_0d978a,6.672451496124268,6.4063801765441895,0,validation
1,he_d5d228,7.133221626281738,7.525534152984619,0,train
1,he_703227,6.53747034072876,5.939947605133057,0,validation
1,he_01e8ed,6.337592124938965,5.930698394775391,0,train
1,he_5785c0,6.521393775939941,6.2064008712768555,0,validation
1,le_e7ceaf,7.271868705749512,6.905454158782959,0,validation
1,he_11ed24,6.078978538513184,5.542778968811035,0,validation
1,he_f65f6e,6.459266662597656,5.7471394538879395,0,validation
1,he_726d3f,6.528314590454102,6.2167816162109375,0,validation
1,le_dd8888,6.119272232055664,5.367112636566162,0,train
1,le_d042c2,6.827960014343262,6.322136402130127,0,train
1,le_39c6ce,6.815271377563477,6.585655212402344,0,validation
1,he_ab7281,6.775361061096191,6.566462993621826,0,train
1,he_019042,6.592655181884766,6.0061211585998535,0,validation
1,le_d52c87,6.812631130218506,6.396917343139648,0,validation
1,he_112f6d,6.5227742195129395,6.20847225189209,0,validation
1,le_4528f1,8.18979263305664,6.827678680419922,0,train
1,he_711892,6.448029041290283,7.3751420974731445,0,validation
1,le_34558e,5.565659046173096,4.837287902832031,0,train
1,he_8066c3,7.261835098266602,7.330868721008301,0,train
1,he_fe4ada,7.125471591949463,7.576701641082764,0,validation
1,le_58b819,8.432623863220215,8.038031578063965,0,train
1,he_eae292,7.1223673820495605,7.106249809265137,0,validation
1,he_14019f,6.398492813110352,6.9248151779174805,0,validation
1,he_673c7e,6.526707649230957,6.214371681213379,0,train
1,he_d5db57,6.933767318725586,6.49849796295166,0,validation
1,le_7badf8,6.61925745010376,5.856857776641846,0,validation
1,le_912a2a,7.509838581085205,7.786201000213623,0,train
1,he_95ee8c,7.008898735046387,6.92974328994751,0,validation
1,le_8761f6,7.058900356292725,6.41242790222168,0,validation
1,le_5d7507,6.819488525390625,7.166471481323242,0,train
1,le_5863fc,6.664766311645508,6.552219390869141,0,validation
1,he_853422,6.733015537261963,6.500589847564697,0,validation
1,he_4e43b9,7.488348484039307,6.854512691497803,0,train
1,he_a39ebf,6.738318920135498,8.173887252807617,0,validation
1,le_80e3b0,5.642652988433838,5.546964168548584,0,train
1,le_e11ea9,6.403970718383789,5.855185508728027,0,validation
1,he_e69885,6.146402359008789,5.643913269042969,0,train
1,le_5d62d2,5.890354633331299,5.273885726928711,0,train
1,le_a8ce3a,7.3458781242370605,7.184872150421143,0,validation
1,he_477534,6.857997894287109,7.392852783203125,0,train
1,he_4528d8,7.499454021453857,6.761622428894043,0,validation
1,le_315c9d,5.864457130432129,5.659198760986328,0,train
1,he_9c907a,7.656046390533447,8.840291976928711,0,train
1,he_bc8ef0,6.208613872528076,5.737231254577637,0,validation
1,le_ff4463,7.0844407081604,7.06082010269165,0,train
1,he_b63a86,7.060469150543213,8.471406936645508,0,validation
1,le_6fe94c,5.619598388671875,5.748843669891357,0,train
1,le_b554e0,6.372846603393555,5.696299076080322,0,validation
1,he_905478,6.278728485107422,5.41520881652832,0,validation
1,le_ae27bc,5.925906181335449,5.391357898712158,0,validation
1,le_86dde0,6.742788791656494,6.528907299041748,0,validation
1,le_3235a7,5.895103454589844,5.635868072509766,0,train
1,le_560bc5,7.095312595367432,7.412942409515381,0,validation
1,le_b2d8a4,6.755031585693359,6.647012710571289,0,train
1,he_57b66a,7.277043342590332,8.348609924316406,0,train
1,he_8b6e8a,6.6544389724731445,6.37836217880249,0,train
1,he_0ad37b,6.968365669250488,6.866691589355469,0,validation
1,he_1f1796,6.781761169433594,6.576417922973633,0,validation
1,he_c788c4,6.33074951171875,9.89487075805664,0,train
1,le_3e0c8b,6.000921726226807,5.5542449951171875,0,validation
1,le_ad29d4,8.216344833374023,8.554943084716797,0,validation
1,he_9ead18,6.566275119781494,7.0567522048950195,0,train
1,le_a9c8e7,6.328442096710205,7.830593109130859,0,train
1,he_fa775e,8.353555679321289,11.460678100585938,0,train
1,he_6eb3b7,6.0270209312438965,6.275296211242676,0,train
1,le_b68792,7.1145453453063965,6.981237411499023,0,train
1,le_7491ba,6.362416744232178,5.83098030090332,0,train
1,le_155906,7.790136337280273,8.377768516540527,0,validation
1,le_71250d,8.350197792053223,6.564244747161865,0,train
1,he_945b84,5.966054439544678,5.426183700561523,0,validation
1,le_767019,7.849699020385742,7.797797203063965,0,validation
1,le_bea3b5,6.266833305358887,6.08555269241333,0,validation
1,le_1a7ab7,5.245851993560791,5.999969005584717,0,train
1,he_0445e3,6.981386184692383,6.9604597091674805,0,validation
1,he_ebb18a,6.429124355316162,5.37196683883667,0,train
1,he_04607e,6.112391948699951,5.592898845672607,0,train
1,le_8dffb2,6.294045925140381,5.728754997253418,0,validation
1,he_bf7958,6.973333835601807,6.347010612487793,0,validation
1,he_865b01,6.621275424957275,6.326772212982178,0,validation
1,he_5422d6,6.578482627868652,6.260208606719971,0,validation
1,le_1b77f0,5.610136032104492,5.757816314697266,0,validation
1,he_061f19,6.454514026641846,5.892231464385986,0,train
1,le_ab66f0,5.730410099029541,5.426652908325195,0,train
1,le_33de79,7.3549485206604,8.28040599822998,0,validation
1,he_4d16d8,7.9176459312438965,8.278087615966797,0,train
1,he_7141aa,5.9330339431762695,5.560580253601074,0,validation
1,le_b7b78e,6.099320888519287,5.953156471252441,0,train
1,le_341408,5.43897819519043,7.011918067932129,0,validation
1,he_e7f057,5.6179986000061035,4.978094577789307,0,validation
1,le_c975ec,6.414746284484863,5.9478302001953125,0,train
1,he_b9dc56,6.199443340301514,5.723477363586426,0,validation
1,he_b9ba5e,7.292786598205566,7.8662614822387695,0,train
1,le_3ef247,8.213788032531738,8.801396369934082,0,validation
1,le_945414,6.286778926849365,6.704732894897461,0,train
1,le_73a0f6,5.94984769821167,5.25096321105957,0,validation
1,le_f790ca,5.895801067352295,5.2813191413879395,0,train
1,le_3c1dbd,8.687180519104004,7.742511749267578,0,train
1,he_ac375a,7.515085220336914,8.165822982788086,0,validation
1,he_d0547e,7.483613967895508,6.983227729797363,0,train
1,le_0e80d9,5.883679389953613,5.885576248168945,0,train
1,he_9a731c,6.550481796264648,6.576075077056885,0,validation
1,he_442910,6.260818004608154,6.548654079437256,0,validation
1,le_ae71bb,6.603368282318115,6.180826187133789,0,validation
1,he_0c8461,7.7617621421813965,9.303206443786621,0,validation
1,le_36906d,7.276449680328369,6.7782111167907715,0,validation
1,he_c72991,7.027811527252197,6.959163188934326,0,train
1,le_698ed0,7.019702434539795,5.839544773101807,0,train
1,le_2f8b4e,6.201915740966797,5.9970197677612305,0,validation
1,le_096a5a,6.422630786895752,5.541763782501221,0,train
1,he_b62509,6.411672115325928,6.000725269317627,0,validation
1,le_ad984a,8.33194351196289,6.93359899520874,0,train
1,he_2aef37,6.68670654296875,6.820188045501709,0,validation
1,le_4e404a,5.6764936447143555,5.293593883514404,0,train
1,he_8f57fb,6.852950096130371,6.687156677246094,0,train
1,he_10c218,6.272356033325195,6.648058891296387,0,train
1,he_a7eb16,6.871376037597656,6.715817928314209,0,train
1,le_157346,6.388504981994629,6.32533597946167,0,train
1,he_4c56d3,7.239657878875732,7.294830799102783,0,validation
1,le_875512,6.138545513153076,5.782205581665039,0,validation
1,le_f593c2,5.912052154541016,5.954041481018066,0,train
1,le_43f436,7.375296592712402,8.139510154724121,0,train
1,he_fa6948,6.763166904449463,7.68312931060791,0,validation
1,he_cc58af,6.613955020904541,6.748758792877197,0,train
1,le_9aabb9,6.842926502227783,6.792508602142334,0,train
1,he_256c48,6.722493648529053,6.484224796295166,0,validation
1,he_301a3e,7.477386951446533,7.681142807006836,0,train
1,he_bda96d,6.914804935455322,6.741372585296631,0,validation
1,le_d031d2,6.466183662414551,6.708141326904297,0,train
1,he_935b9f,7.601708889007568,7.170088291168213,0,train
1,he_f51b67,5.711335182189941,5.05568265914917,0,train
1,le_1223ad,5.545729160308838,5.18988037109375,0,validation
1,le_59e8c6,7.2914958000183105,7.197974681854248,0,train
1,he_fd9c4c,7.44480037689209,7.628188133239746,0,train
1,he_4e95fa,8.238636016845703,9.88869571685791,0,train
1,he_5863f3,7.1408209800720215,7.066356658935547,0,train
1,le_327267,6.129440784454346,5.6805267333984375,0,validation
1,le_d61b54,8.32479190826416,7.5552802085876465,0,validation
1,he_69475d,6.978503704071045,6.870457172393799,0,validation
1,he_f152e5,6.444559097290039,6.091148376464844,0,train
1,le_5704eb,7.812340259552002,6.896285533905029,0,validation
1,le_c5b6c0,7.127861499786377,6.952261924743652,0,validation
1,he_90123f,7.972910404205322,8.100394248962402,0,train
1,he_0bee72,7.145692348480225,7.142534255981445,0,validation
1,he_68742b,7.137650012969971,7.1300225257873535,0,validation
1,he_b7e84d,6.240358352661133,5.784849166870117,0,validation
1,he_765035,7.08641242980957,7.088004112243652,0,train
1,le_e7dcfd,5.78351354598999,5.717305660247803,0,validation
1,he_a9942d,7.085498332977295,7.22110652923584,0,validation
1,he_d1ef4d,6.9129462242126465,6.545378684997559,0,validation
1,le_f9fcdf,6.436692714691162,6.337573528289795,0,validation
1,he_b2fbe6,7.533742427825928,7.772719383239746,0,train
1,le_338fc2,6.467138290405273,5.77716064453125,0,validation
1,he_51a0c7,6.573751926422119,6.1553802490234375,0,validation
1,le_77f475,7.314854145050049,7.940298080444336,0,validation
1,le_0e684b,7.928343772888184,8.087596893310547,0,validation
1,he_19058d,5.518625259399414,4.837314605712891,0,train
1,he_b5f00f,5.317255973815918,4.552041530609131,0,train
1,he_1ef995,7.3962721824646,7.080750465393066,0,train
1,he_844d39,6.437245845794678,6.040506362915039,0,train
1,he_ae8e9c,6.908176422119141,6.183270454406738,0,train
1,le_6035f7,5.871364593505859,5.573666095733643,0,train
1,he_0a3039,6.006721496582031,7.231564521789551,0,train
1,le_550d25,6.358123302459717,6.681697845458984,0,validation
1,le_ec27a1,6.666119575500488,5.841946125030518,0,validation
1,he_f77454,7.085353374481201,6.423637390136719,0,validation
1,le_d7795e,6.305342674255371,6.223790645599365,0,train
1,le_1c7c91,6.382331848144531,6.243401050567627,0,validation
1,he_8a99f7,7.639870643615723,8.331719398498535,0,train
1,le_d1964b,7.092912197113037,7.6550726890563965,0,validation
1,he_2dc55e,6.611982345581055,7.3181962966918945,0,train
1,le_8cccbf,7.07541561126709,7.561008453369141,0,validation
1,le_25d7bf,6.471951484680176,6.230058193206787,0,train
1,le_d83883,7.3294677734375,7.6383466720581055,0,validation
1,he_5893a2,6.973813533782959,7.419966220855713,0,train
1,he_5b4ec1,7.5007100105285645,7.750231742858887,0,train
1,le_adb773,7.05417537689209,6.7510857582092285,0,validation
1,he_d66410,6.993636608123779,7.592432022094727,0,validation
1,he_d91d52,7.908976078033447,9.613505363464355,0,train
1,le_497c69,6.583733081817627,7.091028213500977,0,validation
1,he_b70236,6.459970951080322,6.114266395568848,0,train
1,le_ecfb48,6.506875514984131,6.1794657707214355,0,train
1,he_4caf0f,6.85736083984375,7.643865585327148,0,train
1,he_f7f5b8,6.744946002960205,6.5191497802734375,0,train
1,he_8b8e73,6.175444602966309,5.687477111816406,0,validation
1,he_df76e7,5.760733127593994,5.127534866333008,0,train
1,le_384eec,6.312589168548584,5.427887439727783,0,train
1,he_6a3ff1,5.942842960357666,5.392422199249268,0,train
1,le_af2269,7.017885208129883,7.019580364227295,0,validation
1,he_91e872,6.137540817260742,5.630621433258057,0,train
1,he_92a1d4,5.880370140075684,5.3015522956848145,0,train
1,le_58503c,6.150608062744141,5.355495452880859,0,validation
1,le_9827be,6.256014823913574,6.34816837310791,0,validation
1,he_0a2e7a,5.864464282989502,5.221007823944092,0,train
1,le_536ce6,5.916806221008301,5.614587306976318,0,validation
1,le_c47bf3,6.243398189544678,6.007360458374023,0,train
1,le_23d7e6,5.697991371154785,5.034395694732666,0,train
1,he_aea985,6.978591442108154,8.184896469116211,0,train
1,he_610a6b,6.407057285308838,6.034895896911621,0,train
1,le_0b5c71,6.9441351890563965,6.453889846801758,0,train
1,le_8e17a1,6.400068283081055,5.984844207763672,0,train
1,he_e97a85,6.778885364532471,6.506290435791016,0,train
1,he_baf440,7.404026508331299,6.525585174560547,0,validation
1,he_41f4cd,6.006372928619385,5.484828472137451,0,validation
1,he_5cb9a5,7.203498840332031,6.976306915283203,0,train
1,le_59e850,6.030868053436279,5.712408542633057,0,train
1,le_130466,7.2424492835998535,7.012772560119629,0,train
1,le_ae10ae,6.347450256347656,5.652840614318848,0,train
1,le_b57fb4,5.5640950202941895,4.7735161781311035,0,validation
1,he_122fc1,7.203775405883789,7.236522197723389,0,validation
1,he_def558,7.3667707443237305,7.523791313171387,0,train
1,he_88eef7,7.101380825042725,9.13646125793457,0,train
1,le_56db27,7.107016086578369,6.522005081176758,0,train
1,le_b72c01,6.916487216949463,7.369455814361572,0,train
1,he_e7e54d,7.908814907073975,8.692488670349121,0,train
1,he_666efe,7.775655746459961,8.165830612182617,0,train
1,le_5f218d,6.090330123901367,5.702434539794922,0,validation
1,le_31327c,7.156989097595215,7.001655578613281,0,validation
1,le_cae6e7,6.529053688049316,5.883946895599365,0,validation
1,he_fdfcef,7.579976558685303,7.847850322723389,0,train
1,le_53b2fd,6.12073278427124,5.894421577453613,0,train
1,le_72261f,7.602794170379639,5.736513137817383,0,train
1,le_fc3d57,6.9172539710998535,7.070747375488281,0,train
1,le_230abf,7.4086785316467285,6.830010890960693,0,validation
1,le_41a3a0,6.558741092681885,6.5067620277404785,0,validation
1,he_7a5e63,6.6927313804626465,6.43792724609375,0,train
1,le_dfd3b4,7.733822822570801,7.886600494384766,0,validation
1,le_a2fcff,6.666153907775879,6.097423076629639,0,validation
1,le_109683,7.319441795349121,6.9051289558410645,0,validation
1,he_7057f3,6.853546142578125,5.696226119995117,0,validation
1,he_558615,7.070160388946533,7.712856292724609,0,train
1,le_e7fc9f,6.537953853607178,6.34666109085083,0,train
1,le_ac7cf7,6.218048095703125,6.029046535491943,0,validation
1,he_9eff37,7.0257720947265625,6.955990314483643,0,validation
1,le_d44ccb,6.305140018463135,5.21933126449585,0,validation
1,le_d60087,5.362573146820068,5.336395263671875,0,train
1,le_9c6ba0,6.081392765045166,7.095829486846924,0,validation
1,he_97db03,8.411519050598145,8.930597305297852,0,train
1,le_ff1ebb,7.0339202880859375,7.0339202880859375,0,validation
1,le_e9f735,7.362185001373291,7.69843053817749,0,train
1,he_e6d7a6,7.696972370147705,8.03796672821045,0,validation
1,he_97c074,7.512378692626953,8.26677131652832,0,validation
1,le_d969e0,6.1796159744262695,6.067152976989746,0,train
1,he_bbc8b7,8.091690063476562,8.795027732849121,0,validation
1,le_1aa1fb,5.82807731628418,4.969696521759033,0,validation
1,le_1c3df3,6.965241432189941,7.287248611450195,0,validation
1,le_b7d8a6,6.908181667327881,6.575431823730469,0,validation
1,he_9b050e,6.307238578796387,5.885167598724365,0,validation
1,le_d52c28,6.28816032409668,5.318329334259033,0,validation
1,he_3f7fe7,7.078136444091797,6.996098518371582,0,validation
1,he_b3e123,6.69008731842041,6.433815002441406,0,validation
1,le_1674c0,5.869399070739746,5.272975444793701,0,train
1,le_78f0ed,5.5159382820129395,5.436924934387207,0,train
1,he_533155,6.9281816482543945,6.804182052612305,0,validation
1,he_d80706,7.8332133293151855,9.396240234375,0,train
1,le_ff18cf,6.411921501159668,5.817168712615967,0,validation
1,le_8a6f35,6.9600348472595215,7.030686855316162,0,validation
1,he_2edc16,6.435061931610107,6.037107467651367,0,validation
1,he_4ff1c4,6.911811828613281,8.578653335571289,0,validation
1,he_4f9390,7.460324764251709,7.93914794921875,0,validation
1,le_185d39,8.031895637512207,6.8353962898254395,0,train
1,le_9b9745,7.180644512176514,6.796442031860352,0,validation
1,le_91f758,6.361823558807373,5.540236949920654,0,train
1,le_a8ed34,7.265116214752197,7.0086989402771,0,train
1,he_661ccf,7.299222469329834,6.907920837402344,0,train
1,he_37489d,6.79191255569458,7.951618671417236,0,train
1,he_7c68af,8.128000259399414,8.973247528076172,0,train
1,le_838987,5.992142200469971,5.389077663421631,0,train
1,le_f50d64,6.380560874938965,7.378477573394775,0,validation
1,le_417bec,7.782876014709473,7.7130255699157715,0,validation
1,le_a6260b,5.988997936248779,5.430325031280518,0,train
1,he_51332a,7.196383953094482,6.755136966705322,0,validation
1,he_1ef686,6.997349262237549,6.967095851898193,0,train
1,le_4b0989,6.043115139007568,5.5628886222839355,0,train
1,le_19c9ac,5.282628059387207,6.451164722442627,0,train
1,he_d79548,6.076818943023682,5.539536952972412,0,validation
1,le_6d15c9,7.784060955047607,6.7407379150390625,0,validation
1,le_5b740a,6.184841156005859,5.605701923370361,0,train
1,le_edf950,6.0956854820251465,5.4340291023254395,0,train
1,he_847dab,6.564339637756348,7.150847434997559,0,train
1,he_a64661,6.656419277191162,6.381441593170166,0,train
1,he_cdf3a4,7.714613437652588,7.779728889465332,0,train
1,he_cabb3d,6.506353855133057,6.183840751647949,0,validation
1,he_e07220,6.0735955238342285,5.534704208374023,0,validation
1,le_57ec9b,7.724922180175781,7.18585205078125,0,train
1,he_7556fc,6.556018352508545,6.25833797454834,0,train
1,le_9468b1,8.831635475158691,9.12575626373291,0,validation
1,le_2af127,6.591397762298584,6.516957759857178,0,validation
1,he_9c8a78,5.704370498657227,5.045551776885986,0,train
1,he_2519ee,7.180739402770996,7.859664440155029,0,train
1,he_f84b71,6.796254634857178,6.598963260650635,0,train
1,le_98b680,6.520661354064941,5.808976650238037,0,train
1,le_4afc4d,8.63858413696289,7.909036159515381,0,train
1,le_d96176,7.4121270179748535,8.282809257507324,0,validation
1,he_859e26,6.451370716094971,6.878814697265625,0,train
1,he_bddd26,6.228655815124512,5.767293930053711,0,train
1,he_f07086,6.547391414642334,7.104419708251953,0,train
1,he_ffbc40,5.844605445861816,5.24953031539917,0,train
1,le_a80334,6.88193941116333,6.717355251312256,0,train
1,le_1b5d46,7.217410564422607,6.9683756828308105,0,validation
1,le_f7b80b,5.703562259674072,4.9045257568359375,0,validation
1,le_ceeb48,6.553589344024658,5.621500015258789,0,train
1,he_e187a0,6.123660087585449,4.976776599884033,0,train
1,le_5f97fa,7.384878635406494,7.091271877288818,0,train
2,le_d069d3,6.471956253051758,6.5599799156188965,0,validation
2,he_47c12f,7.113198280334473,6.923194885253906,0,validation
2,le_64d75a,5.5016560554504395,5.444515228271484,0,train
2,le_259d3e,7.464977741241455,7.7310261726379395,0,validation
2,he_31fd02,7.429157733917236,6.6230268478393555,0,train
2,he_cb7e90,7.718025207519531,9.885355949401855,0,train
2,he_79e9b7,7.561952114105225,8.961226463317871,0,validation
2,he_eb9923,6.547377586364746,6.743003845214844,0,validation
2,he_fb3ae1,6.43634033203125,5.92690896987915,0,validation
2,he_e12d52,8.05135726928711,9.116283416748047,0,validation
2,le_bf9a36,8.453808784484863,8.095297813415527,0,train
2,he_4a04a2,7.2693257331848145,7.728211402893066,0,validation
2,le_b2752d,7.369537830352783,6.558012008666992,0,train
2,le_7aa426,6.932469367980957,8.012764930725098,0,train
2,le_98d6b3,6.890244007110596,6.9751996994018555,0,validation
2,he_0d4150,7.942935466766357,9.510087013244629,0,validation
2,he_a87a9b,6.944845676422119,7.3160400390625,0,validation
2,le_fde5e8,7.674067974090576,7.248011112213135,0,validation
2,le_78fc9a,7.210090160369873,7.540477275848389,0,train
2,le_749d9e,6.047023773193359,5.734492301940918,0,train
2,le_d82184,6.873562335968018,7.941997051239014,0,validation
2,he_81252f,6.647395610809326,7.594723701477051,0,train
2,le_02764e,7.259246349334717,7.2272467613220215,0,train
2,he_bda94e,6.682741165161133,6.296510219573975,0,train
2,le_5f185b,7.653531074523926,7.750791072845459,0,train
2,he_a8615f,6.45553731918335,5.955703258514404,0,train
2,he_929466,8.055532455444336,8.234956741333008,0,train
2,he_883cb8,7.143379211425781,6.970142841339111,0,validation
2,le_f0530f,7.180029392242432,7.318907260894775,0,train
2,he_1d2579,6.112521171569824,6.194432735443115,0,validation
2,le_9faffe,6.019623279571533,5.5824103355407715,0,validation
2,he_842a1f,5.919593811035156,5.2620530128479,0,train
2,he_bb65e5,7.395413398742676,6.970897674560547,0,validation
2,he_95d87e,6.695735454559326,6.273808002471924,0,train
2,le_c8410f,7.45499324798584,7.258166790008545,0,train
2,le_e7807e,5.586270332336426,5.0640153884887695,0,train
2,le_3a63b0,7.83059024810791,7.8062238693237305,0,train
2,he_b61f8b,7.775410175323486,7.97553825378418,0,validation
2,he_17f529,6.074401378631592,5.386607646942139,0,train
2,he_34360a,6.4676899909973145,5.973933219909668,0,train
2,le_3422e0,7.772562026977539,7.04551362991333,0,validation
2,he_a0069c,7.879452228546143,8.144607543945312,0,train
2,le_ba2a87,5.3683624267578125,5.841513633728027,0,train
2,le_66b5ac,8.012894630432129,7.26060676574707,0,validation
2,he_ccbb6e,7.910228252410889,8.015417098999023,0,validation
2,le_4c4592,7.1380414962768555,6.4217119216918945,0,validation
2,he_2b1023,7.30600643157959,7.212756633758545,0,validation
2,le_ed8708,5.366464614868164,4.9806718826293945,0,train
2,he_4ee83e,6.476666450500488,6.662343502044678,0,validation
2,le_49a533,6.898124694824219,5.718222618103027,0,train
2,he_9ce40f,5.6377973556518555,4.852168083190918,0,train
2,le_592616,6.402642250061035,7.348572254180908,0,validation
2,he_76ab15,7.130730628967285,6.950468063354492,0,validation
2,he_261f83,6.352431297302246,5.801043510437012,0,train
2,le_120b5b,6.397993564605713,5.8748064041137695,0,train
2,le_f2acc0,6.9506306648254395,7.005690574645996,0,train
2,he_04551f,7.363738536834717,7.306570529937744,0,validation
2,he_b9a930,6.228355407714844,5.681877136230469,0,train
2,le_80ca99,6.062481880187988,6.2846999168396,0,validation
2,he_334eb2,6.554983139038086,5.563499450683594,0,validation
2,le_0c2039,6.0749921798706055,5.6991987228393555,0,validation
2,he_028951,6.7455363273620605,6.390702247619629,0,validation
2,le_d45347,6.13945198059082,5.4382853507995605,0,train
2,he_a4529f,5.9872612953186035,5.360479354858398,0,train
2,le_234216,6.379055500030518,5.696220874786377,0,train
2,le_9391b0,8.305354118347168,7.085350513458252,0,train
2,le_454c0b,7.474626541137695,6.903408050537109,0,validation
2,le_49db1c,8.317122459411621,9.809527397155762,0,validation
2,he_67ae44,5.896084785461426,5.227859973907471,0,train
2,le_3c9f84,7.2054924964904785,6.77161979675293,0,validation
2,he_15a710,8.074716567993164,8.529475212097168,0,train
2,he_4be430,6.572343826293945,7.436247825622559,0,validation
2,he_4435d3,7.146371364593506,6.382883548736572,0,train
2,he_de4bf9,6.587539196014404,6.105501651763916,0,validation
2,he_e361fe,7.077113628387451,6.867062091827393,0,validation
2,he_2e9fb6,5.92092752456665,5.263993263244629,0,train
2,le_b1f4ec,7.8995442390441895,6.419502258300781,0,train
2,he_a3611b,6.936502933502197,6.350464820861816,0,validation
2,le_971e6c,6.211732864379883,5.8665666580200195,0,validation
2,he_764bec,7.074326515197754,6.862727642059326,0,train
2,he_2b42db,7.053626537322998,6.802640914916992,0,train
2,he_a10557,7.098052501678467,6.8996357917785645,0,validation
2,he_5ec5e8,6.498995304107666,5.471147060394287,0,validation
2,le_4677fe,6.577997207641602,8.645319938659668,0,validation
2,le_98525a,7.3007893562316895,6.109037399291992,0,validation
2,le_d24988,6.252350807189941,7.066522598266602,0,validation
2,he_37c485,6.909468650817871,6.606282711029053,0,validation
2,he_637e1b,6.492172718048096,6.010655879974365,0,train
2,le_aa9b3d,6.831415176391602,6.6174116134643555,0,validation
2,le_092d88,8.355950355529785,8.562220573425293,0,validation
2,le_d8de43,7.1349897384643555,7.254624366760254,0,train
2,le_68cc09,5.612626075744629,6.354300022125244,0,train
2,le_814b46,5.849702835083008,5.243387222290039,0,validation
2,he_9cff74,7.107473373413086,6.4834089279174805,0,train
2,le_96c6d5,8.511799812316895,8.868683815002441,0,validation
2,he_c1196d,8.291502952575684,9.79513168334961,0,train
2,he_5a6c32,6.981503486633301,6.718336582183838,0,validation
2,he_5d5f7a,7.247348308563232,7.13187313079834,0,train
2,le_3a623c,6.352300643920898,6.139682769775391,0,train
2,le_e7dea5,7.951930999755859,6.878506183624268,0,train
2,he_80b814,6.205619812011719,5.580827713012695,0,validation
2,le_09679c,6.493960857391357,7.671209812164307,0,train
2,le_d4dd8f,5.814444541931152,4.943899631500244,0,validation
2,he_4bfcf6,6.645508766174316,6.240660667419434,0,train
2,le_8f8e8a,7.55986213684082,6.613151550292969,0,validation
2,he_eff624,7.312288761138916,7.222965717315674,0,train
2,le_b194d6,6.896858215332031,6.050128936767578,0,validation
2,le_b1ae3c,8.605019569396973,7.204115390777588,0,validation
2,he_5597e5,6.836867332458496,6.493346691131592,0,train
2,he_8a456e,7.754583358764648,7.941695213317871,0,validation
2,he_094848,6.835175514221191,6.490715980529785,0,train
2,le_1c08db,5.843865871429443,5.546371936798096,0,train
2,he_e0689e,6.622716903686523,7.0448317527771,0,validation
2,le_f1d98c,7.022953510284424,6.251804351806641,0,train
2,le_a818bf,5.758336544036865,5.921456336975098,0,train
2,he_b19ac2,6.542969226837158,6.086852550506592,0,train
2,he_932e9c,7.2870869636535645,7.18201208114624,0,validation
2,he_e1c1ac,8.074150085449219,8.643636703491211,0,validation
2,he_acd142,6.938465118408203,6.651387691497803,0,train
2,le_daf354,7.388833045959473,8.108746528625488,0,train
2,he_c21f8c,6.2792582511901855,5.819411754608154,0,train
2,he_929f9b,6.577020645141602,6.137928485870361,0,validation
2,le_baabbc,6.448413372039795,5.495943069458008,0,train
2,he_4f27f3,7.524025917053223,7.567038536071777,0,train
2,le_c75cf6,6.8030524253845215,6.99716329574585,0,validation
2,he_eaabee,6.8313140869140625,6.981359958648682,0,validation
2,he_85fdc1,6.894407749176025,6.582852840423584,0,validation
2,le_d5e0b8,6.020162582397461,5.690845012664795,0,train
2,le_b001cf,7.236362457275391,6.415790557861328,0,validation
2,he_6be05d,7.392397880554199,7.80033016204834,0,train
2,le_870446,6.809659004211426,6.646236419677734,0,train
2,le_0637ba,5.972869396209717,5.356095790863037,0,train
2,he_8a549e,7.594537258148193,8.607917785644531,0,train
2,le_d025d9,7.25514554977417,6.305060386657715,0,validation
2,he_a26cfb,8.014389991760254,9.183504104614258,0,validation
2,he_836543,7.138041973114014,6.961840629577637,0,train
2,he_b8a511,6.607872486114502,6.137132167816162,0,train
2,le_0623c9,6.800975799560547,6.431976318359375,0,validation
2,he_9b18bc,7.478808879852295,6.732975959777832,0,validation
2,he_685d08,8.146397590637207,9.508455276489258,0,train
2,le_92914d,9.466941833496094,9.053309440612793,0,train
2,he_35b068,5.81255578994751,5.941539764404297,0,train
2,he_3a40f5,6.313658714294434,5.818380832672119,0,train
2,le_ddbf24,6.879977226257324,7.348841190338135,0,train
2,le_08e1b5,5.784010410308838,6.759897232055664,0,train
2,le_256cce,6.452400207519531,5.415989398956299,0,train
2,he_0e2b7a,8.154863357543945,8.385231971740723,0,validation
2,he_6cfa07,6.758383750915527,7.2348480224609375,0,validation
2,he_85ff02,8.986170768737793,10.079719543457031,0,train
2,le_39b3e3,6.778339862823486,6.2611541748046875,0,train
2,he_351fa1,6.221699237823486,5.604945182800293,0,validation
2,le_d2662d,6.3117146492004395,6.136412620544434,0,train
2,he_6e2164,6.583897590637207,6.1482439041137695,0,validation
2,he_321338,6.848529815673828,6.5114874839782715,0,train
2,he_b9c59b,7.3998637199401855,7.365276336669922,0,train
2,he_5ba506,7.793560028076172,7.401930332183838,0,train
2,he_955633,6.42424201965332,5.908760070800781,0,train
2,he_711362,6.806015491485596,6.4453535079956055,0,validation
2,le_380ed6,6.896003246307373,6.869749069213867,0,train
2,he_eb5653,6.892439842224121,6.5797929763793945,0,train
2,le_ef147f,7.562652587890625,6.096724033355713,0,validation
2,le_bd5553,6.287989139556885,5.581454277038574,0,validation
2,he_e8d0d4,5.796465873718262,5.788957595825195,0,train
2,le_ac58bc,6.387659549713135,5.850141525268555,0,train
2,le_6e93a8,5.388894081115723,5.090240955352783,0,train
2,le_a672ff,7.553601264953613,8.027129173278809,0,validation
2,he_59f481,8.276225090026855,10.06235122680664,0,train
2,le_32e365,5.9925665855407715,5.697648048400879,0,validation
2,he_253e64,8.051763534545898,8.424610137939453,0,validation
2,he_1589ac,8.16158390045166,10.365960121154785,0,validation
2,he_0352a5,6.3860273361206055,5.851438522338867,0,validation
2,he_0fe808,7.018880367279053,6.776477813720703,0,validation
2,he_4dfc9a,6.848027229309082,6.510706901550293,0,train
2,he_53a37b,6.908193588256836,6.800515651702881,0,validation
2,he_3b1424,7.627828598022461,7.735719203948975,0,train
2,he_af8dbf,7.484888553619385,7.503440856933594,0,validation
2,he_a3e3a4,7.695582389831543,7.845818519592285,0,validation
2,le_622f03,5.748440265655518,4.750284194946289,0,validation
2,he_f40d7e,7.024908542633057,6.963263034820557,0,train
2,he_ad2c6f,6.861513614654541,6.531684398651123,0,validation
2,he_557676,6.890560150146484,6.7986297607421875,0,validation
2,he_3c577e,6.705864906311035,6.28956413269043,0,train
2,le_661759,7.7768049240112305,7.201692581176758,0,validation
2,he_1aca60,6.878963947296143,7.065474033355713,0,validation
2,he_dab57d,7.146395683288574,6.052583694458008,0,validation
2,le_7b2851,7.646269798278809,7.925227165222168,0,train
2,le_ef4386,7.891999244689941,7.195106029510498,0,train
2,he_81c663,6.7975358963012695,6.4687018394470215,0,train
2,le_cde2f8,7.657351016998291,8.401556015014648,0,train
2,he_781a92,6.41884183883667,5.900660037994385,0,train
2,he_a777f6,7.015984535217285,6.771973133087158,0,train
2,he_ee4bcc,7.033944606781006,6.799911022186279,0,train
2,le_bc79cd,6.6284499168396,5.80734920501709,0,validation
2,he_0e1b16,7.707695960998535,7.86550235748291,0,validation
2,he_d16357,6.991114616394043,6.733287334442139,0,train
2,he_28e587,6.617929458618164,5.79706335067749,0,train
2,he_41a754,6.787042140960693,5.489659786224365,0,train
2,le_70d46f,5.591723442077637,5.646474361419678,0,validation
2,le_ffbca1,7.853537082672119,7.0865797996521,0,train
2,he_616252,7.195965766906738,6.694410800933838,0,train
2,he_a4594f,6.512552738189697,5.955225467681885,0,train
2,le_b8feee,5.937839984893799,7.461737155914307,0,train
2,le_eb9660,6.7273149490356445,6.01987361907959,0,train
2,le_363c70,8.36318302154541,6.955201625823975,0,train
2,le_6bde61,8.963818550109863,7.656473636627197,0,validation
2,le_c04ae8,7.612725734710693,8.651473999023438,0,validation
2,he_4a3727,8.479020118713379,9.349492073059082,0,train
2,le_c880b0,7.838067054748535,7.522575378417969,0,validation
2,le_766228,7.217626094818115,6.393850803375244,0,validation
2,le_9c4270,5.24121618270874,5.061927795410156,0,train
2,he_87d8a7,8.108272552490234,8.574749946594238,0,validation
2,he_8feb2d,7.74896240234375,6.9304351806640625,0,validation
2,he_f01b48,7.458971977233887,7.4613261222839355,0,validation
2,le_58079b,5.366534233093262,5.53200626373291,0,train
2,le_5088b4,8.363038063049316,7.893024921417236,0,train
2,he_6528fe,6.192685127258301,5.37449312210083,0,validation
2,le_aa12de,7.066792011260986,6.337137699127197,0,train
2,he_3d059e,7.745372772216797,7.952635765075684,0,train
2,le_feadea,5.858720302581787,5.639989852905273,0,train
2,he_0724b7,8.289111137390137,8.429764747619629,0,validation
2,he_cd16a6,5.39869499206543,4.504383087158203,0,validation
2,le_5b76d0,6.09091329574585,5.854335784912109,0,validation
2,he_dfc951,7.486811637878418,7.506567478179932,0,validation
2,he_ff9f62,5.600924015045166,4.8653998374938965,0,validation
2,le_7a26ee,7.389286041259766,7.875890254974365,0,validation
2,le_3fc415,6.682738780975342,7.259047508239746,0,train
2,he_79241f,6.838548183441162,7.342471122741699,0,train
2,he_51d69d,7.661884784698486,7.801344394683838,0,validation
2,he_660f4d,7.190390586853027,7.043271541595459,0,train
2,le_69cfdb,5.476227283477783,5.485417366027832,0,train
2,le_472126,8.102879524230957,6.847071170806885,0,train
2,le_4c7bcc,6.437806606292725,7.125489711761475,0,train
2,he_7d5015,8.326431274414062,9.231926918029785,0,validation
2,he_da468b,6.958436489105225,6.851129055023193,0,validation
2,le_a1bed9,8.057202339172363,7.120626926422119,0,train
2,he_b190e2,8.490948677062988,10.694660186767578,0,train
2,le_322936,6.3053297996521,5.695560932159424,0,train
2,le_39ed4e,5.599655628204346,5.6573710441589355,0,train
2,he_139129,7.792961597442627,7.440419673919678,0,train
2,he_4615cf,6.776899337768555,7.835635662078857,0,validation
2,he_910819,6.540537357330322,6.106557846069336,0,validation
2,he_03ff44,6.730715274810791,6.368470191955566,0,validation
2,he_c5228c,7.513019561767578,6.569694519042969,0,train
2,le_510ee4,6.3882551193237305,7.4233174324035645,0,validation
2,le_01c1d1,7.0417280197143555,8.06356430053711,0,train
2,he_be5e6c,6.985559463500977,6.690921783447266,0,validation
2,he_035cdd,6.783760070800781,6.4107346534729,0,validation
2,le_83ec82,6.087246417999268,5.458302021026611,0,train
2,le_10bdc8,5.690794944763184,5.839640140533447,0,train
2,he_08841b,5.839912414550781,5.146153450012207,0,validation
2,le_1438c8,6.608093738555908,6.30949592590332,0,train
2,le_28ff23,6.159823417663574,6.353161334991455,0,validation
2,le_26094c,7.360788822174072,6.8619384765625,0,validation
2,he_5bb743,7.1368584632873535,6.93789005279541,0,train
2,le_400c54,6.385916233062744,5.437866687774658,0,train
2,le_044ad6,6.029011249542236,5.805398464202881,0,validation
2,le_63f66e,5.637998104095459,5.056631088256836,0,train
2,le_9f1d40,6.039534568786621,5.531888961791992,0,validation
2,le_59dd77,7.677144527435303,6.881795406341553,0,validation
2,he_05a66f,6.7721357345581055,6.39265251159668,0,train
2,he_758929,6.492868423461914,6.823712348937988,0,validation
2,le_acce2f,6.093154430389404,5.66950798034668,0,validation
2,he_ab9692,6.501996040344238,6.025391578674316,0,train
2,he_b5456c,6.1912946701049805,5.559340000152588,0,validation
2,le_bc7d24,6.432109832763672,7.5624847412109375,0,train
2,le_801110,6.115109920501709,5.3593034744262695,0,train
2,le_eaae1c,6.647881031036377,6.321516036987305,0,validation
2,he_708f00,7.254199981689453,7.447328090667725,0,train
2,le_b43f6c,7.267595291137695,7.319607257843018,0,validation
2,le_590a7e,5.676411151885986,5.310213088989258,0,validation
2,le_130ed1,5.875417709350586,5.638092041015625,0,train
2,he_f65738,8.453198432922363,9.978252410888672,0,train
2,he_a779a4,6.799145698547363,6.434668064117432,0,validation
2,he_13dd33,6.863259315490723,6.095880508422852,0,validation
2,le_9ab3c8,5.812514305114746,5.378251552581787,0,validation
2,he_37695e,4.709290504455566,5.503940105438232,0,validation
2,he_715e4a,6.379538059234619,5.841704845428467,0,validation
2,le_cf14b0,6.177769660949707,6.177769660949707,0,train
2,le_458c04,5.806589603424072,5.078629016876221,0,validation
2,le_321164,6.617189884185791,7.109195709228516,0,train
2,he_69af03,6.719008922576904,6.31001091003418,0,train
2,he_3179bb,7.051353454589844,5.841561317443848,0,train
2,le_1a2bdc,6.693868160247803,7.441935062408447,0,train
2,le_6d4621,5.952088832855225,5.695583343505859,0,validation
2,le_f6fa0e,6.900136947631836,5.980222225189209,0,validation
2,le_8ee86d,6.644108295440674,6.191274166107178,0,validation
2,he_6fcaa9,6.818802833557129,6.465246200561523,0,validation
2,le_c1040c,8.280686378479004,7.639678955078125,0,validation
2,he_4cb4e1,6.918181419372559,6.619833946228027,0,validation
2,le_bc95e6,7.303249835968018,7.337820529937744,0,validation
2,le_a07c3a,7.1195597648620605,7.253551483154297,0,validation
2,he_83c6f7,7.646154403686523,7.765496253967285,0,train
2,le_49d277,6.887066841125488,5.974815368652344,0,validation
2,le_87d2fd,6.344074249267578,5.663393020629883,0,train
2,le_ba271f,6.91013240814209,6.6158976554870605,0,validation
2,le_1a29b0,6.411830902099609,6.159003257751465,0,train
2,he_279227,7.980195999145508,8.766302108764648,0,validation
2,le_05a5f2,5.959096908569336,5.567754745483398,0,validation
2,le_ac3893,6.471742630004883,5.65803337097168,0,validation
2,he_d65115,7.858619689941406,8.999725341796875,0,validation
2,le_fa9cc3,7.619516372680664,7.855126857757568,0,validation
2,le_b0fdf1,6.489902973175049,6.234984397888184,0,validation
2,le_5a52c0,6.8059492111206055,8.500041007995605,0,validation
2,he_d1f643,7.067230224609375,5.765257358551025,0,validation
2,le_d20bd3,7.351872444152832,6.5001373291015625,0,train
2,he_992e41,6.687103748321533,6.112705230712891,0,train
2,le_cc6043,5.5739850997924805,4.896143913269043,0,validation
2,he_c8b376,6.689394474029541,6.186875343322754,0,train
2,le_d21039,7.702240467071533,6.503940105438232,0,validation
2,le_5b5cf8,6.234896183013916,5.812518119812012,0,train
2,he_56e7b9,7.162510395050049,5.978273868560791,0,train
2,le_4229e2,6.570260047912598,6.764086723327637,0,validation
2,le_1a2492,7.070491313934326,8.091099739074707,0,validation
2,he_deb7c1,6.8891377449035645,8.447566032409668,0,validation
2,le_4f31ff,7.573358058929443,7.455680847167969,0,validation
2,he_221288,7.907145977020264,9.683098793029785,0,validation
2,le_7b2aea,7.907260417938232,8.805981636047363,0,train
2,le_8045b0,6.795339107513428,6.11032247543335,0,train
2,he_537134,6.918421268463135,6.620206832885742,0,validation
2,he_2fe81b,6.512056827545166,5.844414710998535,0,validation
2,he_a962bf,7.464289665222168,7.5756072998046875,0,validation
2,le_50582c,6.827625274658203,5.619180202484131,0,validation
2,he_f55329,6.307380199432373,5.733468532562256,0,validation
2,he_43d1e1,7.441999435424805,8.2517671585083,0,validation
2,he_4ec47d,6.698542594909668,6.066812515258789,0,validation
2,le_f28e73,7.179597854614258,6.424225807189941,0,validation
2,le_37a2d1,7.076425552368164,7.152765274047852,0,train
2,he_c20788,6.750027179718018,6.358261585235596,0,validation
2,le_764df2,6.870242595672607,6.975225925445557,0,validation
2,he_c6590f,6.264280796051025,5.668818473815918,0,train
2,he_60ed0a,5.753246307373047,5.08119010925293,0,validation
2,he_5df55a,8.755581855773926,10.886794090270996,0,validation
2,he_734cd1,6.024888515472412,5.911257266998291,0,train
2,le_de6e1e,5.420234680175781,5.804576873779297,0,validation
2,le_b4482a,6.4473724365234375,5.890275001525879,0,validation
2,he_57a478,7.046267032623291,6.819079399108887,0,validation
2,le_0af460,6.532660961151123,6.391048908233643,0,validation
2,le_f0d06e,8.756180763244629,7.487007141113281,0,train
2,le_1c128f,7.710575103759766,7.251595973968506,0,train
2,le_a85ddb,6.962810039520264,6.346486568450928,0,validation
2,he_85af94,6.719019412994385,6.310027122497559,0,train
2,he_63befa,6.053155899047852,5.456325054168701,0,validation
2,he_652056,8.248775482177734,9.406800270080566,0,validation
2,he_0d36d6,6.853989601135254,6.519980430603027,0,train
2,le_e0fa5c,6.430202484130859,5.504304885864258,0,validation
2,he_48966d,7.697141170501709,8.007383346557617,0,train
2,le_4d537b,5.665345191955566,5.26876163482666,0,validation
2,le_9d8415,5.984644889831543,5.309778690338135,0,validation
2,he_487634,8.369535446166992,9.006046295166016,0,train
2,le_5ca495,7.239632606506348,6.940187931060791,0,train
2,he_3caee5,7.668240070343018,8.789894104003906,0,train
2,le_a61898,7.596254825592041,7.177124500274658,0,validation
2,he_6effe8,6.768019676208496,6.503692626953125,0,validation
2,le_01c9ec,6.855315685272217,6.316838264465332,0,train
2,le_b8397b,6.309421062469482,6.020260810852051,0,train
2,he_94fd55,7.332231521606445,7.255372047424316,0,validation
2,le_01f7f4,7.68614387512207,7.270331859588623,0,validation
2,le_3730f0,7.545015811920166,6.994495868682861,0,train
2,le_d66bd6,7.760903835296631,8.015363693237305,0,train
2,le_4356f8,7.703744888305664,7.035246849060059,0,validation
2,le_0155ee,6.037400245666504,8.877686500549316,0,validation
2,he_380d40,7.431059837341309,7.415968894958496,0,train
2,le_1bd9fa,6.34745979309082,6.1275315284729,0,train
2,he_195589,6.871422290802002,6.547098159790039,0,validation
2,le_4f6999,7.633821964263916,7.586235523223877,0,train
2,he_d5d6ab,7.2685770988464355,7.151935577392578,0,train
2,he_c90fcd,6.939881801605225,6.847899436950684,0,validation
2,le_3ccf61,7.379851341247559,7.773298740386963,0,validation
2,le_b9c5c4,7.606864929199219,7.25300931930542,0,train
2,le_a6ce35,7.741428852081299,7.60547399520874,0,train
2,le_12c34b,6.030534744262695,5.3100433349609375,0,validation
2,le_7c71da,5.7357563972473145,4.957782745361328,0,validation
2,he_dbbed2,7.170584678649902,7.012462139129639,0,train
2,he_fcf200,6.567296981811523,6.123342990875244,0,validation
2,le_84b6bb,6.465537071228027,5.899148941040039,0,train
2,he_1f22c4,7.184267520904541,7.509762763977051,0,train
2,le_a9f11f,7.930755615234375,6.6776204109191895,0,validation
2,le_1911ce,8.556572914123535,9.731036186218262,0,validation
2,he_0d9235,7.253400802612305,8.860498428344727,0,validation
2,le_83decd,8.25024127960205,9.386263847351074,0,validation
2,he_412004,7.5279436111450195,7.573404788970947,0,validation
2,he_9910b5,6.940222263336182,6.654119968414307,0,train
2,he_98349a,6.657578945159912,6.58172607421875,0,validation
2,le_404d16,6.913722038269043,6.1682305335998535,0,train
2,le_00eeb2,7.580685138702393,8.713581085205078,0,train
2,le_1ccf16,7.134217739105225,7.744844913482666,0,validation
2,le_7261d3,5.596900463104248,5.009316444396973,0,train
2,le_45d4cb,5.820034503936768,5.357163429260254,0,validation
2,le_694adb,6.958198547363281,6.587194442749023,0,train
2,le_70cf78,8.81213092803955,8.26318073272705,0,validation
2,he_e97c8c,6.884631156921387,6.599344730377197,0,train
2,he_0a5ec7,6.550847053527832,6.098668098449707,0,train
2,he_40a91b,7.421403884887695,6.77142858505249,0,validation
2,he_cdc607,6.937570571899414,6.355229377746582,0,train
2,he_89ad62,7.10218620300293,7.750911712646484,0,train
2,le_8deff5,6.440754413604736,6.440248012542725,0,validation
2,he_e1a03a,6.009010314941406,5.52118444442749,0,validation
2,le_52447f,7.278700351715088,6.708154678344727,0,validation
2,he_fb1124,8.508434295654297,11.193257331848145,0,train
2,le_523a81,5.55297327041626,5.229426383972168,0,validation
2,he_5608ba,6.771962642669678,6.280308723449707,0,train
2,le_8198ec,9.039958000183105,7.887893199920654,0,train
2,he_d85c04,7.263944625854492,7.144406795501709,0,validation
2,he_403257,7.836215496063232,7.683978080749512,0,train
2,le_e568c3,6.326383590698242,5.946438312530518,0,train
2,he_86eeae,5.135508060455322,5.798422813415527,0,validation
2,le_dfd822,8.238234519958496,9.95818042755127,0,train
2,le_c50a04,5.804947853088379,7.312559604644775,0,train
2,le_8de934,6.447666168212891,6.915855407714844,0,train
2,he_47238e,6.680793762207031,6.250565052032471,0,validation
2,he_d6039a,5.9261274337768555,6.849155426025391,0,validation
2,le_29fc1c,8.64468765258789,8.105484962463379,0,validation
2,he_076917,6.103577136993408,5.310102462768555,0,validation
2,le_91c567,6.159179210662842,5.87802267074585,0,validation
2,le_f58d84,6.763240337371826,6.038656234741211,0,validation
2,he_f0d231,6.49261474609375,6.051241874694824,0,validation
2,le_7427b9,6.112272262573242,6.439915180206299,0,validation
2,le_7716d1,8.026267051696777,8.861884117126465,0,validation
2,he_0db92b,6.51723051071167,6.048244476318359,0,train
2,le_6975d5,7.462942600250244,7.109540939331055,0,train
2,he_4f7ff0,7.186316967010498,8.416357040405273,0,validation
2,he_e7fbc9,8.130709648132324,7.80954122543335,0,train
2,he_6c7977,7.498756408691406,7.525975227355957,0,validation
2,le_83615b,8.745063781738281,9.14428997039795,0,train
2,le_e50e4d,6.405790328979492,5.622974872589111,0,train
2,he_feda4e,7.460422039031982,8.595699310302734,0,validation
2,he_056a76,9.183945655822754,10.337669372558594,0,train
2,le_a0c615,6.593122959136963,6.42917013168335,0,train
2,he_25e97e,7.7193803787231445,7.8844895362854,0,train
2,he_b85d24,7.910561561584473,8.754464149475098,0,validation
2,le_c470c6,7.713087558746338,7.991507053375244,0,validation
2,he_e554b0,6.893437385559082,6.5813446044921875,0,train
2,le_a8ce41,5.566738128662109,7.280149936676025,0,train
2,le_56f182,5.944560527801514,6.506417751312256,0,train
2,le_5ff624,8.067615509033203,7.882920742034912,0,validation
2,le_c3a6f8,6.65116548538208,5.994961738586426,0,validation
2,le_2f43e7,7.400990962982178,8.280227661132812,0,train
2,le_0bda07,6.848937034606934,6.825042247772217,0,validation
2,le_f39982,5.795922756195068,5.416032791137695,0,train
2,he_0fab59,6.312239170074463,5.740755081176758,0,validation
2,le_a1c863,6.423869609832764,5.88414192199707,0,train
2,he_512e0a,7.979238510131836,8.59762191772461,0,train
2,le_2ba026,6.750771999359131,6.715910911560059,0,train
2,he_2044e1,7.33213996887207,6.334190368652344,0,validation
2,he_552813,7.068225383758545,6.807831764221191,0,train
2,he_caef9f,5.829740047454834,5.1313581466674805,0,train
2,he_bf08f5,7.612795829772949,8.363504409790039,0,validation
2,he_959231,6.977911472320557,6.746177673339844,0,validation
2,le_2c1c76,6.184778690338135,5.889791011810303,0,train
2,he_b63add,7.077325344085693,6.867391586303711,0,train
2,he_a2b8a1,7.376490116119385,7.327293395996094,0,validation
2,le_8578d9,8.189777374267578,7.751107215881348,0,train
2,le_b41a4d,6.430322170257568,6.401899814605713,0,validation
2,le_80446d,6.75900411605835,5.583709716796875,0,train
2,le_e8dc06,5.943416118621826,5.612372398376465,0,train
2,le_226bc8,6.816713809967041,6.682337760925293,0,train
2,le_fa7d2c,5.835373401641846,5.274453639984131,0,validation
2,he_063fc0,7.1830573081970215,6.134170055389404,0,train
2,he_affe4b,6.926262378692627,6.632404804229736,0,validation
2,le_55232c,7.563170909881592,7.099546432495117,0,validation
2,he_01cfbe,7.516048908233643,7.554075241088867,0,validation
2,le_6cbd20,8.457356452941895,9.271208763122559,0,validation
2,he_4fd2c6,6.293680191040039,5.712918281555176,0,validation
2,le_d07324,6.895490646362305,5.796648025512695,0,validation
2,he_149c5b,6.90301513671875,6.596242904663086,0,train
2,he_7b0696,6.629158973693848,6.170244216918945,0,train
2,le_5ff0f8,6.290001392364502,6.617804050445557,0,validation
2,he_bfbfe0,6.273218631744385,5.682225704193115,0,validation
2,le_2c1fd3,5.452206134796143,6.169623851776123,0,train
2,he_113880,6.867314338684082,6.555697441101074,0,train
2,he_43444c,6.257458209991455,5.658584117889404,0,train
2,he_63e860,8.671337127685547,13.068009376525879,0,train
2,he_30ba2d,6.486712455749512,6.002466201782227,0,validation
2,he_b516c8,6.975033760070801,6.7082719802856445,0,validation
2,he_061e2c,7.518022537231445,7.562891483306885,0,train
2,le_430535,6.966331481933594,6.926383972167969,0,validation
2,le_2ce311,7.270963191986084,7.067380428314209,0,validation
2,le_9a7a59,6.688037872314453,6.489864349365234,0,train
2,le_54d379,6.5958733558654785,5.683402061462402,0,train
2,le_52b809,7.716625213623047,8.512412071228027,0,train
2,le_f66fec,6.158130168914795,5.800926685333252,0,train
2,he_d9b3a0,6.450491905212402,5.948136329650879,0,validation
2,le_2e65e7,6.2238898277282715,6.906271457672119,0,validation
2,le_eb89a4,6.990665435791016,6.324613094329834,0,validation
2,he_a7bf3c,7.0709052085876465,6.830718040466309,0,validation
2,le_275fa9,7.727357387542725,8.21835994720459,0,train
2,he_16c2e2,6.424642086029053,5.909360408782959,0,train
2,le_763996,7.544350624084473,5.933598041534424,0,validation
2,le_c9ff75,7.6669769287109375,7.015567779541016,0,validation
2,le_eb4323,6.890225887298584,6.061371803283691,0,validation
2,he_0935e0,7.087625503540039,6.360270977020264,0,validation
2,le_28d5fc,7.261906623840332,5.814321041107178,0,train
2,le_f85aef,6.7889251708984375,6.321990013122559,0,train
2,he_8743aa,7.498770713806152,7.525998115539551,0,validation
2,he_77325b,6.848226070404053,6.511015892028809,0,train
2,le_194430,7.137324333190918,6.611401557922363,0,train
2,he_0d978a,6.914569854736328,6.6142168045043945,0,validation
2,he_d5d228,7.188519477844238,7.647743225097656,0,train
2,he_703227,6.544013977050781,5.7250871658325195,0,validation
2,he_01e8ed,6.381680011749268,5.844918251037598,0,train
2,he_5785c0,6.637707233428955,6.228959083557129,0,validation
2,le_e7ceaf,7.328227519989014,6.91867208480835,0,validation
2,he_11ed24,6.141998767852783,5.485394477844238,0,validation
2,he_f65f6e,6.585862159729004,5.730180263519287,0,validation
2,he_726d3f,6.614368915557861,6.193950653076172,0,validation
2,le_dd8888,6.2815704345703125,5.548946380615234,0,train
2,le_d042c2,6.949521541595459,6.443115234375,0,train
2,le_39c6ce,6.833337306976318,6.588896751403809,0,validation
2,he_ab7281,6.845800876617432,6.507242202758789,0,train
2,he_019042,6.574907302856445,5.826568603515625,0,validation
2,le_d52c87,6.9622802734375,6.599760055541992,0,validation
2,he_112f6d,6.65367317199707,6.252906799316406,0,validation
2,le_4528f1,8.135342597961426,6.572606563568115,0,train
2,he_711892,6.462432861328125,7.474761962890625,0,validation
2,le_34558e,5.623171806335449,4.854402542114258,0,train
2,he_8066c3,7.3936004638671875,7.355098247528076,0,train
2,he_fe4ada,7.339167594909668,7.930530071258545,0,validation
2,le_58b819,8.738179206848145,8.3037691116333,0,train
2,he_eae292,7.248349189758301,7.133429527282715,0,validation
2,he_14019f,6.370241641998291,6.813940525054932,0,validation
2,he_673c7e,6.79262113571167,6.461328983306885,0,train
2,he_d5db57,6.9663920402526855,6.324031829833984,0,validation
2,le_7badf8,6.8435444831848145,6.070690631866455,0,validation
2,le_912a2a,7.549067497253418,7.775510787963867,0,train
2,he_95ee8c,7.231880187988281,7.107809543609619,0,validation
2,le_8761f6,6.9139227867126465,6.15788459777832,0,validation
2,le_5d7507,7.071425437927246,7.448209285736084,0,train
2,le_5863fc,6.676286220550537,6.462949752807617,0,validation
2,he_853422,6.977458477020264,6.7120442390441895,0,validation
2,he_4e43b9,7.580793380737305,6.922727108001709,0,train
2,he_a39ebf,6.885194301605225,8.599838256835938,0,validation
2,le_80e3b0,5.7491230964660645,5.62664270401001,0,train
2,le_e11ea9,6.522913932800293,6.007867336273193,0,validation
2,he_e69885,6.294046878814697,5.713467597961426,0,train
2,le_5d62d2,6.131808280944824,5.497625350952148,0,train
2,le_a8ce3a,7.443758964538574,7.2071213722229,0,validation
2,he_477534,6.7672858238220215,7.3930463790893555,0,train
2,he_4528d8,7.572714328765869,6.8782958984375,0,validation
2,le_315c9d,6.002218723297119,5.7547407150268555,0,train
2,he_9c907a,7.872453212738037,9.193532943725586,0,train
2,he_bc8ef0,6.363895893096924,5.818241119384766,0,validation
2,le_ff4463,7.260901927947998,7.236588954925537,0,train
2,he_b63a86,6.949309825897217,8.2385835647583,0,validation
2,le_6fe94c,5.65678596496582,5.693237781524658,0,train
2,le_b554e0,6.520837783813477,5.8269147872924805,0,validation
2,he_905478,6.201915740966797,5.373304843902588,0,validation
2,le_ae27bc,6.1887006759643555,5.732583999633789,0,validation
2,le_86dde0,6.661296367645264,6.400765419006348,0,validation
2,le_3235a7,5.923027992248535,5.612980365753174,0,train
2,le_560bc5,7.242572784423828,7.601417541503906,0,validation
2,le_b2d8a4,6.906665802001953,6.628414154052734,0,train
2,he_57b66a,7.284570217132568,8.449840545654297,0,train
2,he_8b6e8a,6.724440574645996,6.3184590339660645,0,train
2,he_0ad37b,7.255435943603516,7.144453048706055,0,validation
2,he_1f1796,7.092294216156006,6.890679836273193,0,validation
2,he_c788c4,6.345545768737793,9.955260276794434,0,train
2,le_3e0c8b,6.106150150299072,5.655706882476807,0,validation
2,le_ad29d4,8.180803298950195,8.484223365783691,0,validation
2,he_9ead18,6.616491317749023,7.089817047119141,0,train
2,le_a9c8e7,6.648880481719971,8.407966613769531,0,train
2,he_fa775e,8.373014450073242,11.472224235534668,0,train
2,he_6eb3b7,5.927515029907227,6.140430450439453,0,train
2,le_b68792,7.311068058013916,7.216582775115967,0,train
2,le_7491ba,6.382386207580566,5.805456161499023,0,train
2,le_155906,7.667927265167236,8.24012565612793,0,validation
2,le_71250d,8.472757339477539,6.57809591293335,0,train
2,he_945b84,5.992056369781494,5.367453098297119,0,validation
2,le_767019,8.117127418518066,8.007929801940918,0,validation
2,le_bea3b5,6.289304256439209,6.087333679199219,0,validation
2,le_1a7ab7,5.385433197021484,6.251367568969727,0,train
2,he_0445e3,6.971745491027832,6.882748603820801,0,validation
2,he_ebb18a,6.354344844818115,5.208606719970703,0,train
2,he_04607e,6.28384256362915,5.698160648345947,0,train
2,le_8dffb2,6.220201015472412,5.683210372924805,0,validation
2,he_bf7958,7.094982624053955,6.22263765335083,0,validation
2,he_865b01,6.732718467712402,6.331337928771973,0,validation
2,he_5422d6,6.647144317626953,6.198222637176514,0,validation
2,le_1b77f0,5.561162948608398,5.810461044311523,0,validation
2,he_061f19,6.489458084106445,5.8819074630737305,0,train
2,le_ab66f0,5.891164779663086,5.551095962524414,0,train
2,le_33de79,7.303926944732666,8.161650657653809,0,validation
2,he_4d16d8,7.975207328796387,8.429337501525879,0,train
2,he_7141aa,5.883151531219482,5.401862144470215,0,validation
2,le_b7b78e,6.031153678894043,5.83910608291626,0,train
2,le_341408,5.5949296951293945,7.037538051605225,0,validation
2,he_e7f057,5.6891889572143555,4.990441799163818,0,validation
2,le_c975ec,6.397365093231201,5.901176452636719,0,train
2,he_b9dc56,6.312431812286377,5.741045951843262,0,validation
2,he_b9ba5e,7.365307807922363,8.16147232055664,0,train
2,le_3ef247,8.268072128295898,8.620587348937988,0,validation
2,le_945414,6.359402179718018,6.9175310134887695,0,train
2,le_73a0f6,5.9516143798828125,5.249497413635254,0,validation
2,le_f790ca,6.122222423553467,5.490611553192139,0,train
2,le_3c1dbd,8.862197875976562,8.020567893981934,0,train
2,he_ac375a,7.6008524894714355,8.344757080078125,0,validation
2,he_d0547e,7.563644886016846,7.108496189117432,0,train
2,le_0e80d9,5.990789413452148,5.964084148406982,0,train
2,he_9a731c,6.543641567230225,6.376879692077637,0,validation
2,he_442910,6.257753849029541,6.553406715393066,0,validation
2,le_ae71bb,6.702049732208252,6.254721641540527,0,validation
2,he_0c8461,7.989558219909668,9.602031707763672,0,validation
2,le_36906d,7.676447868347168,7.240254878997803,0,validation
2,he_c72991,7.217264652252197,7.085073947906494,0,train
2,le_698ed0,7.061177730560303,5.706470012664795,0,train
2,le_2f8b4e,6.140416622161865,5.993222236633301,0,validation
2,le_096a5a,6.601041793823242,5.663667678833008,0,train
2,he_b62509,6.384441375732422,5.789572715759277,0,validation
2,le_ad984a,8.47620964050293,7.097562789916992,0,train
2,he_2aef37,6.700416088104248,6.841416358947754,0,validation
2,le_4e404a,5.653008460998535,5.197230815887451,0,train
2,he_8f57fb,7.0031256675720215,6.7519707679748535,0,train
2,he_10c218,6.327317714691162,6.584810733795166,0,train
2,he_a7eb16,6.991993427276611,6.734653472900391,0,train
2,le_157346,6.348570823669434,6.290079593658447,0,train
2,he_4c56d3,7.472142219543457,7.482728004455566,0,validation
2,le_875512,6.1317901611328125,5.729982852935791,0,validation
2,le_f593c2,5.8332648277282715,5.811745643615723,0,train
2,le_43f436,7.428299903869629,8.07132625579834,0,train
2,he_fa6948,6.79931640625,7.665115833282471,0,validation
2,he_cc58af,6.696286678314209,6.860777378082275,0,train
2,le_9aabb9,6.85199499130249,6.781798839569092,0,train
2,he_256c48,6.885623931884766,6.56919002532959,0,validation
2,he_301a3e,7.670145511627197,7.8044819831848145,0,train
2,he_bda96d,6.9280219078063965,6.692117214202881,0,validation
2,le_d031d2,6.382557392120361,6.575392723083496,0,train
2,he_935b9f,7.569647312164307,7.057971954345703,0,train
2,he_f51b67,5.783323287963867,5.063841342926025,0,train
2,le_1223ad,5.700606346130371,5.299166202545166,0,validation
2,le_59e8c6,7.324644565582275,7.134548664093018,0,train
2,he_fd9c4c,7.699153423309326,7.851622104644775,0,train
2,he_4e95fa,8.18757152557373,9.483651161193848,0,train
2,he_5863f3,7.0171990394592285,6.867249488830566,0,train
2,le_327267,6.017906665802002,5.510180950164795,0,validation
2,le_d61b54,8.42209529876709,7.637691497802734,0,validation
2,he_69475d,7.042775630950928,6.785006046295166,0,validation
2,he_f152e5,6.485350608825684,6.000423431396484,0,train
2,le_5704eb,8.003776550292969,7.036773204803467,0,validation
2,le_c5b6c0,7.271734237670898,7.047689914703369,0,validation
2,he_90123f,8.000438690185547,8.09598159790039,0,train
2,he_0bee72,7.13570499420166,6.95820426940918,0,validation
2,he_68742b,7.2385945320129395,7.118256568908691,0,validation
2,he_b7e84d,6.333338260650635,5.772404670715332,0,validation
2,he_765035,7.074800968170166,6.9175543785095215,0,train
2,le_e7dcfd,5.897451400756836,5.7437424659729,0,validation
2,he_a9942d,7.260921955108643,7.4010910987854,0,validation
2,he_d1ef4d,6.972325801849365,6.528677940368652,0,validation
2,le_f9fcdf,6.477665901184082,6.314851760864258,0,validation
2,he_b2fbe6,7.774719715118408,7.974416732788086,0,train
2,le_338fc2,6.52957820892334,5.917806625366211,0,validation
2,he_51a0c7,6.605554103851318,6.28205680847168,0,validation
2,le_77f475,7.443699359893799,8.099231719970703,0,validation
2,le_0e684b,8.195513725280762,8.186927795410156,0,validation
2,he_19058d,5.574583530426025,4.828083515167236,0,train
2,he_b5f00f,5.298518180847168,4.436991214752197,0,train
2,he_1ef995,7.567437648773193,7.139804840087891,0,train
2,he_844d39,6.499321937561035,5.968276023864746,0,train
2,he_ae8e9c,6.908836364746094,5.8720598220825195,0,train
2,le_6035f7,6.067007541656494,5.757989883422852,0,train
2,he_0a3039,5.989645481109619,7.247722625732422,0,train
2,le_550d25,6.35969877243042,6.570704460144043,0,validation
2,le_ec27a1,6.773514270782471,6.120400428771973,0,validation
2,he_f77454,7.217588424682617,6.612969875335693,0,validation
2,le_d7795e,6.083557605743408,5.845895290374756,0,train
2,le_1c7c91,6.240959644317627,6.039398193359375,0,validation
2,he_8a99f7,7.7914628982543945,8.300301551818848,0,train
2,le_d1964b,7.213610649108887,7.88537073135376,0,validation
2,he_2dc55e,6.61404275894165,7.264166355133057,0,train
2,le_8cccbf,7.168516635894775,7.665605545043945,0,validation
2,le_25d7bf,6.401538848876953,6.167961120605469,0,train
2,le_d83883,7.507644176483154,7.876055717468262,0,validation
2,he_5893a2,7.055129528045654,7.447938442230225,0,train
2,he_5b4ec1,7.663548946380615,7.812365531921387,0,train
2,le_adb773,7.218723297119141,6.855898380279541,0,validation
2,he_d66410,7.069704055786133,7.581601142883301,0,validation
2,he_d91d52,8.037748336791992,9.672144889831543,0,train
2,le_497c69,6.527230739593506,7.014825820922852,0,validation
2,he_b70236,6.64320182800293,6.237200736999512,0,train
2,le_ecfb48,6.664396286010742,6.433902740478516,0,train
2,he_4caf0f,6.885024547576904,7.911922454833984,0,train
2,he_f7f5b8,6.9404988288879395,6.654550552368164,0,train
2,he_8b8e73,6.402405261993408,5.876006126403809,0,validation
2,he_df76e7,5.805995941162109,5.09682035446167,0,train
2,le_384eec,6.479893684387207,5.566254615783691,0,train
2,he_6a3ff1,6.053595066070557,5.456965446472168,0,train
2,le_af2269,6.932783603668213,6.881531238555908,0,validation
2,he_91e872,6.2406463623046875,5.633366584777832,0,train
2,he_92a1d4,5.943500995635986,5.296828269958496,0,train
2,le_58503c,6.175891876220703,5.355529308319092,0,validation
2,le_9827be,6.363354682922363,6.525960922241211,0,validation
2,he_0a2e7a,5.980381965637207,5.242969512939453,0,train
2,le_536ce6,5.919689655303955,5.572916507720947,0,validation
2,le_c47bf3,6.299840450286865,6.039438724517822,0,train
2,le_23d7e6,5.901046276092529,5.242327690124512,0,train
2,he_aea985,6.948401927947998,8.158608436584473,0,train
2,he_610a6b,6.435287952423096,5.925329685211182,0,train
2,le_0b5c71,7.10314416885376,6.471914768218994,0,train
2,le_8e17a1,6.3834428787231445,6.166324138641357,0,train
2,he_e97a85,6.624175548553467,6.0657501220703125,0,train
2,he_baf440,7.387662887573242,6.417367458343506,0,validation
2,he_41f4cd,5.999225616455078,5.37788200378418,0,validation
2,he_5cb9a5,7.329723834991455,7.184722900390625,0,train
2,le_59e850,5.9478864669799805,5.575969696044922,0,train
2,le_130466,7.331033229827881,7.113006591796875,0,train
2,le_ae10ae,6.42194128036499,5.687586784362793,0,train
2,le_b57fb4,5.8288893699646,5.059133052825928,0,validation
2,he_122fc1,7.478301525115967,7.492735862731934,0,validation
2,he_def558,7.51976203918457,7.7025146484375,0,train
2,he_88eef7,7.135658264160156,9.235776901245117,0,train
2,le_56db27,7.200431823730469,6.549551010131836,0,train
2,le_b72c01,7.021214485168457,7.324161529541016,0,train
2,he_e7e54d,7.941644191741943,8.757343292236328,0,train
2,he_666efe,7.9782633781433105,8.305173873901367,0,train
2,le_5f218d,6.12869119644165,5.747927188873291,0,validation
2,le_31327c,7.138401031494141,7.096971035003662,0,validation
2,le_cae6e7,6.5008225440979,5.927073001861572,0,validation
2,he_fdfcef,7.7101922035217285,7.8695597648620605,0,train
2,le_53b2fd,6.132434844970703,5.895848274230957,0,train
2,le_72261f,7.619247913360596,5.630310535430908,0,train
2,le_fc3d57,7.076436519622803,7.250314235687256,0,train
2,le_230abf,7.397004127502441,6.810924530029297,0,validation
2,le_41a3a0,6.659219741821289,6.572856426239014,0,validation
2,he_7a5e63,6.790892124176025,6.4218292236328125,0,train
2,le_dfd3b4,7.834769248962402,7.976602077484131,0,validation
2,le_a2fcff,6.770872592926025,6.170431137084961,0,validation
2,le_109683,7.54076623916626,7.127115249633789,0,validation
2,he_7057f3,6.918859481811523,5.678734302520752,0,validation
2,he_558615,7.190463066101074,7.910390853881836,0,train
2,le_e7fc9f,6.562129020690918,6.375768661499023,0,train
2,le_ac7cf7,6.302636623382568,6.044355392456055,0,validation
2,he_9eff37,7.211922645568848,7.076765060424805,0,validation
2,le_d44ccb,6.403635501861572,5.2433762550354,0,validation
2,le_d60087,5.424334526062012,5.34556770324707,0,train
2,le_9c6ba0,5.9771552085876465,7.008594036102295,0,validation
2,he_97db03,8.558822631835938,8.990531921386719,0,train
2,le_ff1ebb,7.0398478507995605,7.0398478507995605,0,validation
2,le_e9f735,7.357320308685303,7.745789051055908,0,train
2,he_e6d7a6,7.770967960357666,7.968318939208984,0,validation
2,he_97c074,7.699981689453125,8.437610626220703,0,validation
2,le_d969e0,6.342470645904541,6.179245471954346,0,train
2,he_bbc8b7,8.13485050201416,8.990596771240234,0,validation
2,le_1aa1fb,5.80752420425415,4.91973352432251,0,validation
2,le_1c3df3,6.914290904998779,7.236220359802246,0,validation
2,le_b7d8a6,6.942077159881592,6.548623561859131,0,validation
2,he_9b050e,6.332723617553711,5.771481513977051,0,validation
2,le_d52c28,6.329282283782959,5.29679012298584,0,validation
2,he_3f7fe7,7.119309902191162,6.952836036682129,0,validation
2,he_b3e123,6.681797027587891,6.252126693725586,0,validation
2,le_1674c0,5.786691665649414,5.158056259155273,0,train
2,le_78f0ed,5.5654754638671875,5.4646382331848145,0,train
2,he_533155,7.148075580596924,6.977447509765625,0,validation
2,he_d80706,7.855653285980225,9.527612686157227,0,train
2,le_ff18cf,6.381215572357178,5.702493190765381,0,validation
2,le_8a6f35,7.057842254638672,7.242685794830322,0,validation
2,he_2edc16,6.496459484100342,5.963822364807129,0,validation
2,he_4ff1c4,6.889261245727539,8.532164573669434,0,validation
2,he_4f9390,7.46208381652832,7.9179277420043945,0,validation
2,le_185d39,8.253890037536621,7.0370001792907715,0,train
2,le_9b9745,7.446120262145996,7.036444187164307,0,validation
2,le_91f758,6.543313026428223,5.687720775604248,0,train
2,le_a8ed34,7.33890962600708,7.034873962402344,0,train
2,he_661ccf,7.403495788574219,7.002161979675293,0,train
2,he_37489d,6.8012166023254395,7.818576812744141,0,train
2,he_7c68af,8.258026123046875,9.275899887084961,0,train
2,le_838987,5.957374095916748,5.593327045440674,0,train
2,le_f50d64,6.522709369659424,7.47100830078125,0,validation
2,le_417bec,7.842979907989502,7.7298994064331055,0,validation
2,le_a6260b,6.089290618896484,5.45366096496582,0,train
2,he_51332a,7.130932331085205,6.6169562339782715,0,validation
2,he_1ef686,7.010145664215088,7.000455379486084,0,train
2,le_4b0989,6.003056526184082,5.546762466430664,0,train
2,le_19c9ac,5.514533996582031,6.78230619430542,0,train
2,he_d79548,6.292651653289795,5.7113752365112305,0,validation
2,le_6d15c9,7.707353115081787,6.623459339141846,0,validation
2,le_5b740a,6.249025821685791,5.613840103149414,0,train
2,le_edf950,6.163197994232178,5.506313800811768,0,train
2,he_847dab,6.62709903717041,7.310769081115723,0,train
2,he_a64661,6.699626922607422,6.279861927032471,0,train
2,he_cdf3a4,7.7695231437683105,7.687170505523682,0,train
2,he_cabb3d,6.633003234863281,6.221902370452881,0,validation
2,he_e07220,6.220502853393555,5.603152275085449,0,validation
2,le_57ec9b,7.879758834838867,7.327791213989258,0,train
2,he_7556fc,6.6486029624938965,6.245301246643066,0,train
2,le_9468b1,9.005406379699707,9.499680519104004,0,validation
2,le_2af127,6.509433746337891,6.426987648010254,0,validation
2,he_9c8a78,5.807625770568848,5.099191665649414,0,train
2,he_2519ee,7.331184387207031,8.097843170166016,0,train
2,he_f84b71,6.9137396812438965,6.612924575805664,0,train
2,le_98b680,6.5819597244262695,5.822427272796631,0,train
2,le_4afc4d,8.807421684265137,7.9803900718688965,0,train
2,le_d96176,7.479787349700928,8.211785316467285,0,validation
2,he_859e26,6.865213394165039,7.473883152008057,0,train
2,he_bddd26,6.279317855834961,5.691373825073242,0,train
2,he_f07086,6.528082370758057,7.0156402587890625,0,train
2,he_ffbc40,5.934777736663818,5.284139633178711,0,train
2,le_a80334,7.022174835205078,6.692466735839844,0,train
2,le_1b5d46,7.37191915512085,7.11266565322876,0,validation
2,le_f7b80b,5.830167770385742,5.05445671081543,0,validation
2,le_ceeb48,6.56532621383667,5.533148288726807,0,train
2,he_e187a0,6.197681903839111,5.097498893737793,0,train
2,le_5f97fa,7.422824382781982,7.0993971824646,0,train
3,le_d069d3,6.683526992797852,6.814568042755127,0,validation
3,he_47c12f,7.1757917404174805,7.00170373916626,0,validation
3,le_64d75a,5.618856430053711,5.68297004699707,0,train
3,le_259d3e,7.432790279388428,7.86736536026001,0,validation
3,he_31fd02,7.336819648742676,6.4167304039001465,0,train
3,he_cb7e90,7.801822662353516,10.083516120910645,0,train
3,he_79e9b7,7.6028032302856445,9.096977233886719,0,validation
3,he_eb9923,6.38320255279541,6.690980434417725,0,validation
3,he_fb3ae1,6.5062360763549805,6.014780521392822,0,validation
3,he_e12d52,8.020312309265137,8.917682647705078,0,validation
3,le_bf9a36,8.505884170532227,8.22485637664795,0,train
3,he_4a04a2,7.437092304229736,7.97625732421875,0,validation
3,le_b2752d,7.588811874389648,6.827356338500977,0,train
3,le_7aa426,6.979583740234375,8.199494361877441,0,train
3,le_98d6b3,6.726083755493164,6.856064796447754,0,validation
3,he_0d4150,7.901467800140381,9.471609115600586,0,validation
3,he_a87a9b,6.97516393661499,7.324566841125488,0,validation
3,le_fde5e8,7.662415981292725,7.449001789093018,0,validation
3,le_78fc9a,7.490565776824951,8.13770580291748,0,train
3,le_749d9e,6.233216285705566,5.963089466094971,0,train
3,le_d82184,6.976443767547607,8.054266929626465,0,validation
3,he_81252f,6.602207183837891,7.622060298919678,0,train
3,le_02764e,7.444571018218994,7.534463882446289,0,train
3,he_bda94e,6.644818305969238,6.222654819488525,0,train
3,le_5f185b,7.897104740142822,8.438797950744629,0,train
3,he_a8615f,6.532029151916504,6.053471565246582,0,train
3,he_929466,8.001094818115234,8.22291374206543,0,train
3,he_883cb8,7.0313920974731445,6.777083873748779,0,validation
3,le_f0530f,7.240162372589111,7.5095086097717285,0,train
3,he_1d2579,6.065480709075928,6.097293853759766,0,validation
3,le_9faffe,5.9692864418029785,5.656163692474365,0,validation
3,he_842a1f,6.038034915924072,5.375654697418213,0,train
3,he_bb65e5,7.4035186767578125,6.956762790679932,0,validation
3,he_95d87e,6.783544063568115,6.391543388366699,0,train
3,le_c8410f,7.551800727844238,7.3148512840271,0,train
3,le_e7807e,5.69340181350708,5.171360015869141,0,train
3,le_3a63b0,7.777103424072266,7.770884990692139,0,train
3,he_b61f8b,7.7450056076049805,7.904919147491455,0,validation
3,he_17f529,6.072854995727539,5.480825901031494,0,train
3,he_34360a,6.417459487915039,5.88161563873291,0,train
3,le_3422e0,7.5597310066223145,6.784690856933594,0,validation
3,he_a0069c,7.851851940155029,8.078543663024902,0,train
3,le_ba2a87,5.339987754821777,5.725407600402832,0,train
3,le_66b5ac,8.231879234313965,7.703485012054443,0,validation
3,he_ccbb6e,7.809884548187256,7.968844413757324,0,validation
3,le_4c4592,7.160357475280762,6.428955078125,0,validation
3,he_2b1023,7.270105361938477,7.133204936981201,0,validation
3,le_ed8708,5.4443583488464355,5.102941036224365,0,train
3,he_4ee83e,6.492668151855469,6.760275363922119,0,validation
3,le_49a533,6.8966593742370605,5.733961582183838,0,train
3,he_9ce40f,5.674908638000488,4.847472667694092,0,train
3,le_592616,6.4964118003845215,7.407181262969971,0,validation
3,he_76ab15,7.129744529724121,6.930077075958252,0,validation
3,he_261f83,6.3266072273254395,5.74533748626709,0,train
3,le_120b5b,6.385447025299072,5.864088535308838,0,train
3,le_f2acc0,6.781806945800781,6.846896171569824,0,train
3,he_04551f,7.353639602661133,7.268945693969727,0,validation
3,he_b9a930,6.242518424987793,5.774084568023682,0,train
3,le_80ca99,6.064068794250488,6.306802749633789,0,validation
3,he_334eb2,6.576458930969238,5.624046325683594,0,validation
3,le_0c2039,6.1360650062561035,5.754354000091553,0,validation
3,he_028951,6.761718273162842,6.398003578186035,0,validation
3,le_d45347,6.423527240753174,5.789751052856445,0,train
3,he_a4529f,6.101062297821045,5.46733283996582,0,train
3,le_234216,6.445218563079834,5.7533860206604,0,train
3,le_9391b0,8.331952095031738,7.2766876220703125,0,train
3,le_454c0b,7.294919967651367,6.657212257385254,0,validation
3,le_49db1c,8.521419525146484,10.282498359680176,0,validation
3,he_67ae44,5.938025951385498,5.230188369750977,0,train
3,le_3c9f84,7.386349678039551,7.083322525024414,0,validation
3,he_15a710,8.034131050109863,8.657005310058594,0,train
3,he_4be430,6.603209972381592,7.391657829284668,0,validation
3,he_4435d3,7.177854537963867,6.556385040283203,0,train
3,he_de4bf9,6.6331024169921875,6.157523155212402,0,validation
3,he_e361fe,7.104865074157715,6.891374588012695,0,validation
3,he_2e9fb6,5.9092698097229,5.188361167907715,0,train
3,le_b1f4ec,7.9681715965271,6.544610023498535,0,train
3,he_a3611b,6.876960754394531,6.395759582519531,0,validation
3,le_971e6c,6.262374401092529,5.890830993652344,0,validation
3,he_764bec,7.061172962188721,6.8234100341796875,0,train
3,he_2b42db,7.203494548797607,7.024964332580566,0,train
3,he_a10557,7.189140319824219,7.022469997406006,0,validation
3,he_5ec5e8,6.540056228637695,5.619256973266602,0,validation
3,le_4677fe,6.697664260864258,8.846036911010742,0,validation
3,le_98525a,7.497305393218994,6.30111837387085,0,validation
3,le_d24988,6.324121952056885,7.390145301818848,0,validation
3,he_37c485,7.124282360076904,6.921579837799072,0,validation
3,he_637e1b,6.454452991485596,5.937106609344482,0,train
3,le_aa9b3d,6.725555896759033,6.4354705810546875,0,validation
3,le_092d88,8.413129806518555,8.695830345153809,0,validation
3,le_d8de43,7.381138801574707,7.736459255218506,0,train
3,le_68cc09,5.600213527679443,6.477931499481201,0,train
3,le_814b46,5.914286136627197,5.306632995605469,0,validation
3,he_9cff74,7.073530197143555,6.456800937652588,0,train
3,le_96c6d5,8.52195930480957,8.898259162902832,0,validation
3,he_c1196d,8.363687515258789,9.890060424804688,0,train
3,he_5a6c32,6.928421497344971,6.616907596588135,0,validation
3,he_5d5f7a,7.152191638946533,6.964993953704834,0,train
3,le_3a623c,6.405618190765381,6.219537258148193,0,train
3,le_e7dea5,7.957448482513428,6.861012935638428,0,train
3,he_80b814,6.265413761138916,5.653547763824463,0,validation
3,le_09679c,6.612884998321533,8.162928581237793,0,train
3,le_d4dd8f,5.8869099617004395,5.0273213386535645,0,validation
3,he_4bfcf6,6.532384395599365,6.0540032386779785,0,train
3,le_8f8e8a,7.540478229522705,6.6358184814453125,0,validation
3,he_eff624,7.320756912231445,7.215514183044434,0,train
3,le_b194d6,6.930857181549072,6.111277103424072,0,validation
3,le_b1ae3c,8.624897956848145,7.316837310791016,0,validation
3,he_5597e5,6.97928524017334,6.696030616760254,0,train
3,he_8a456e,7.7415876388549805,7.8993635177612305,0,validation
3,he_094848,6.896467685699463,6.567201614379883,0,train
3,le_1c08db,5.880257606506348,5.643854141235352,0,train
3,he_e0689e,6.5275044441223145,6.835038661956787,0,validation
3,le_f1d98c,6.992391109466553,6.226618766784668,0,train
3,le_a818bf,5.681386947631836,5.879361152648926,0,train
3,he_b19ac2,6.5252275466918945,6.043267726898193,0,train
3,he_932e9c,7.375521183013916,7.304505348205566,0,validation
3,he_e1c1ac,7.985182762145996,8.40976333618164,0,validation
3,he_acd142,6.886366844177246,6.551490783691406,0,train
3,le_daf354,7.409450054168701,8.302661895751953,0,train
3,he_c21f8c,6.166534423828125,5.568843364715576,0,train
3,he_929f9b,6.590398788452148,6.141025543212891,0,validation
3,le_baabbc,6.348336696624756,5.3871026039123535,0,train
3,he_4f27f3,7.5344109535217285,7.56270170211792,0,train
3,le_c75cf6,7.003706455230713,7.297792911529541,0,validation
3,he_eaabee,6.849002838134766,7.142045497894287,0,validation
3,he_85fdc1,6.954611778259277,6.657647609710693,0,validation
3,le_d5e0b8,6.163679599761963,5.858202934265137,0,train
3,le_b001cf,7.268332004547119,6.440855026245117,0,validation
3,he_6be05d,7.405590057373047,7.845037460327148,0,train
3,le_870446,6.860477924346924,6.6495137214660645,0,train
3,le_0637ba,6.067343235015869,5.420902729034424,0,train
3,he_8a549e,7.682717800140381,8.874063491821289,0,train
3,le_d025d9,7.406513690948486,6.474525451660156,0,validation
3,he_a26cfb,7.967527389526367,9.1129150390625,0,validation
3,he_836543,7.156898498535156,6.972317695617676,0,train
3,he_b8a511,6.602734088897705,6.110283374786377,0,train
3,le_0623c9,6.908136367797852,6.658818244934082,0,validation
3,he_9b18bc,7.280168533325195,6.558506011962891,0,validation
3,he_685d08,8.176067352294922,9.496691703796387,0,train
3,le_92914d,9.667434692382812,9.25786304473877,0,train
3,he_35b068,5.788817405700684,5.928470134735107,0,train
3,he_3a40f5,6.3369951248168945,5.912115097045898,0,train
3,le_ddbf24,6.8468756675720215,7.264575958251953,0,train
3,le_08e1b5,5.7472100257873535,6.915167331695557,0,train
3,le_256cce,6.401552677154541,5.377668380737305,0,train
3,he_0e2b7a,8.080526351928711,8.266092300415039,0,validation
3,he_6cfa07,6.804410457611084,7.246102333068848,0,validation
3,he_85ff02,8.979025840759277,10.043225288391113,0,train
3,le_39b3e3,6.965303421020508,6.454334259033203,0,train
3,he_351fa1,6.179236888885498,5.524281978607178,0,validation
3,le_d2662d,6.4069342613220215,6.304779052734375,0,train
3,he_6e2164,6.558510780334473,6.093194007873535,0,validation
3,he_321338,6.891221523284912,6.559041500091553,0,train
3,he_b9c59b,7.391636848449707,7.330694198608398,0,train
3,he_5ba506,7.65615701675415,7.218331813812256,0,train
3,he_955633,6.31577730178833,5.729093551635742,0,train
3,he_711362,6.890422821044922,6.557797908782959,0,validation
3,le_380ed6,6.842518329620361,6.874034404754639,0,train
3,he_eb5653,6.950829982757568,6.651766300201416,0,train
3,le_ef147f,7.667306423187256,6.22245979309082,0,validation
3,le_bd5553,6.337044715881348,5.784627914428711,0,validation
3,he_e8d0d4,5.710951328277588,5.600626468658447,0,train
3,le_ac58bc,6.461635589599609,5.859250068664551,0,train
3,le_6e93a8,5.3721160888671875,5.231459140777588,0,train
3,le_a672ff,7.483864784240723,8.01123332977295,0,validation
3,he_59f481,8.010750770568848,9.777835845947266,0,train
3,le_32e365,5.939460754394531,5.719429016113281,0,validation
3,he_253e64,8.093422889709473,8.471095085144043,0,validation
3,he_1589ac,8.161337852478027,10.244853019714355,0,validation
3,he_0352a5,6.45768404006958,5.941951751708984,0,validation
3,he_0fe808,7.0311360359191895,6.77668571472168,0,validation
3,he_4dfc9a,6.891335487365723,6.559218406677246,0,train
3,he_53a37b,6.8337273597717285,6.9135942459106445,0,validation
3,he_3b1424,7.605637550354004,7.678444862365723,0,train
3,he_af8dbf,7.570013046264648,7.620555877685547,0,validation
3,he_a3e3a4,7.804365158081055,8.00137710571289,0,validation
3,le_622f03,5.836995601654053,4.8691582679748535,0,validation
3,he_f40d7e,7.025598526000977,6.935904502868652,0,train
3,he_ad2c6f,6.834694862365723,6.471110820770264,0,validation
3,he_557676,6.865081310272217,6.847137451171875,0,validation
3,he_3c577e,6.705588340759277,6.270277976989746,0,train
3,le_661759,7.763240337371826,7.15628719329834,0,validation
3,he_1aca60,6.89396858215332,7.081605434417725,0,validation
3,he_dab57d,7.283769130706787,6.2487640380859375,0,validation
3,le_7b2851,7.715275287628174,8.048348426818848,0,train
3,le_ef4386,8.140962600708008,7.512531280517578,0,train
3,he_81c663,6.820606708526611,6.486337184906006,0,train
3,le_cde2f8,7.689213752746582,8.426597595214844,0,train
3,he_781a92,6.3913726806640625,5.842486381530762,0,train
3,he_a777f6,7.0190863609313965,6.757941246032715,0,train
3,he_ee4bcc,6.973017692565918,6.686279773712158,0,train
3,le_bc79cd,6.807445526123047,6.013810157775879,0,validation
3,he_0e1b16,7.771500110626221,7.947971820831299,0,validation
3,he_d16357,7.078243732452393,6.849964618682861,0,train
3,he_28e587,6.693923473358154,5.805807113647461,0,train
3,he_41a754,6.731561183929443,5.397343158721924,0,train
3,le_70d46f,5.8264617919921875,5.906979560852051,0,validation
3,le_ffbca1,8.07017993927002,7.372645854949951,0,train
3,he_616252,7.2183685302734375,6.875466823577881,0,train
3,he_a4594f,6.423984050750732,6.012366771697998,0,train
3,le_b8feee,5.992677211761475,7.464378356933594,0,train
3,le_eb9660,6.850462913513184,6.044107913970947,0,train
3,le_363c70,8.45143985748291,7.1847968101501465,0,train
3,le_6bde61,9.103677749633789,7.989271640777588,0,validation
3,le_c04ae8,7.665971279144287,8.943408012390137,0,validation
3,he_4a3727,8.387090682983398,9.26283073425293,0,train
3,le_c880b0,7.747054100036621,7.85767936706543,0,validation
3,le_766228,7.386556625366211,6.597539901733398,0,validation
3,le_9c4270,5.289967060089111,5.1714582443237305,0,train
3,he_87d8a7,8.10137939453125,8.538688659667969,0,validation
3,he_8feb2d,7.703261852264404,6.838871002197266,0,validation
3,he_f01b48,7.533767223358154,7.561654090881348,0,validation
3,le_58079b,5.54719877243042,5.8476762771606445,0,train
3,le_5088b4,8.496562957763672,7.996865272521973,0,train
3,he_6528fe,6.213930606842041,5.468851089477539,0,validation
3,le_aa12de,7.100338935852051,6.263224124908447,0,train
3,he_3d059e,7.82477331161499,8.064506530761719,0,train
3,le_feadea,5.975244045257568,5.734280109405518,0,train
3,he_0724b7,8.404376029968262,8.423355102539062,0,validation
3,he_cd16a6,5.437614440917969,4.502315998077393,0,validation
3,le_5b76d0,6.123528003692627,5.911362648010254,0,validation
3,he_dfc951,7.613167762756348,7.6906819343566895,0,validation
3,he_ff9f62,5.5018768310546875,4.671295642852783,0,validation
3,le_7a26ee,7.326542377471924,7.788796901702881,0,validation
3,le_3fc415,6.645562171936035,7.294362545013428,0,train
3,he_79241f,6.738680362701416,7.13128137588501,0,train
3,he_51d69d,7.662556171417236,7.943374156951904,0,validation
3,he_660f4d,7.255664825439453,7.12595272064209,0,train
3,le_69cfdb,5.548630237579346,5.629772663116455,0,train
3,le_472126,8.106553077697754,6.992555141448975,0,train
3,le_4c7bcc,6.437762260437012,7.403350830078125,0,train
3,he_7d5015,8.304245948791504,9.018902778625488,0,validation
3,he_da468b,6.78778076171875,6.572052001953125,0,validation
3,le_a1bed9,7.960705280303955,7.210803508758545,0,train
3,he_b190e2,8.25711441040039,10.33612060546875,0,train
3,le_322936,6.293888568878174,5.78187894821167,0,train
3,le_39ed4e,5.637195110321045,5.751010894775391,0,train
3,he_139129,7.790258407592773,7.443144798278809,0,train
3,he_4615cf,6.645252227783203,7.660755157470703,0,validation
3,he_910819,6.5148186683654785,6.212555885314941,0,validation
3,he_03ff44,6.936975479125977,6.660890102386475,0,validation
3,he_c5228c,7.605897426605225,6.728623867034912,0,train
3,le_510ee4,6.417367458343506,7.706489562988281,0,validation
3,le_01c1d1,7.22228479385376,8.360386848449707,0,train
3,he_be5e6c,7.114002227783203,6.794610023498535,0,validation
3,he_035cdd,6.764487266540527,6.3618998527526855,0,validation
3,le_83ec82,6.271870136260986,5.757346153259277,0,train
3,le_10bdc8,5.631342887878418,5.73815393447876,0,train
3,he_08841b,5.874187469482422,5.137332439422607,0,validation
3,le_1438c8,6.548884868621826,6.203178405761719,0,train
3,le_28ff23,6.299266338348389,6.491125106811523,0,validation
3,le_26094c,7.54254674911499,7.194749355316162,0,validation
3,he_5bb743,7.1350321769714355,6.9137115478515625,0,train
3,le_400c54,6.361114978790283,5.421108245849609,0,train
3,le_044ad6,5.945927619934082,5.8129353523254395,0,validation
3,le_63f66e,5.583456516265869,5.008106708526611,0,train
3,le_9f1d40,6.058172225952148,5.614635944366455,0,validation
3,le_59dd77,7.799434661865234,7.200162410736084,0,validation
3,he_05a66f,6.827007293701172,6.459151744842529,0,train
3,he_758929,6.350924015045166,6.599820137023926,0,validation
3,le_acce2f,6.152892112731934,5.714500904083252,0,validation
3,he_ab9692,6.528769493103027,6.048580646514893,0,train
3,he_b5456c,6.260054111480713,5.645508766174316,0,validation
3,le_bc7d24,6.455809116363525,7.6792311668396,0,train
3,le_801110,6.1610846519470215,5.4409027099609375,0,train
3,le_eaae1c,6.785974979400635,6.504429340362549,0,validation
3,he_708f00,7.213429927825928,7.585986137390137,0,train
3,le_b43f6c,7.284329891204834,7.333728313446045,0,validation
3,le_590a7e,5.591290473937988,5.215036869049072,0,validation
3,le_130ed1,5.85693359375,5.631082057952881,0,train
3,he_f65738,8.480985641479492,9.841780662536621,0,train
3,he_a779a4,6.7585344314575195,6.352640151977539,0,validation
3,he_13dd33,6.721777439117432,5.7849273681640625,0,validation
3,le_9ab3c8,5.873128890991211,5.475551128387451,0,validation
3,he_37695e,4.710243225097656,5.38514518737793,0,validation
3,he_715e4a,6.352207660675049,5.783738613128662,0,validation
3,le_cf14b0,6.127388954162598,6.127388954162598,0,train
3,le_458c04,5.873248100280762,5.211465358734131,0,validation
3,le_321164,6.714662075042725,7.234516143798828,0,train
3,he_69af03,6.727225303649902,6.303935527801514,0,train
3,he_3179bb,7.080201625823975,5.758589267730713,0,train
3,le_1a2bdc,6.6724162101745605,7.727854251861572,0,train
3,le_6d4621,6.044046401977539,5.813159465789795,0,validation
3,le_f6fa0e,6.976390361785889,6.0570878982543945,0,validation
3,le_8ee86d,6.71558141708374,6.272132873535156,0,validation
3,he_6fcaa9,6.731057643890381,6.309897422790527,0,validation
3,le_c1040c,8.564674377441406,8.041282653808594,0,validation
3,he_4cb4e1,6.959859371185303,6.665810585021973,0,validation
3,le_bc95e6,7.239993095397949,7.316128730773926,0,validation
3,le_a07c3a,7.125102996826172,7.318878173828125,0,validation
3,he_83c6f7,7.683051109313965,7.804240703582764,0,train
3,le_49d277,6.864343166351318,5.994417667388916,0,validation
3,le_87d2fd,6.223960876464844,5.572730541229248,0,train
3,le_ba271f,7.139128684997559,6.850576400756836,0,validation
3,le_1a29b0,6.521383762359619,6.2913007736206055,0,train
3,he_279227,7.95145320892334,8.750234603881836,0,validation
3,le_05a5f2,5.9301838874816895,5.509068489074707,0,validation
3,le_ac3893,6.563720703125,5.747859477996826,0,validation
3,he_d65115,7.9832305908203125,9.348569869995117,0,validation
3,le_fa9cc3,7.616528034210205,7.961533546447754,0,validation
3,le_b0fdf1,6.45712423324585,6.261274814605713,0,validation
3,le_5a52c0,6.797966480255127,8.599333763122559,0,validation
3,he_d1f643,6.883665084838867,5.588691711425781,0,validation
3,le_d20bd3,7.5117340087890625,6.759781837463379,0,train
3,he_992e41,6.578004360198975,5.958380699157715,0,train
3,le_cc6043,5.568507671356201,4.922628879547119,0,validation
3,he_c8b376,6.705877780914307,6.311791896820068,0,train
3,le_d21039,7.788453578948975,6.737556457519531,0,validation
3,le_5b5cf8,6.301424503326416,5.900010585784912,0,train
3,he_56e7b9,7.101446628570557,5.920904159545898,0,train
3,le_4229e2,6.662379741668701,6.968663215637207,0,validation
3,le_1a2492,7.1173200607299805,8.141307830810547,0,validation
3,he_deb7c1,6.68870735168457,8.145408630371094,0,validation
3,le_4f31ff,7.681942939758301,7.86873197555542,0,validation
3,he_221288,7.872018814086914,9.801264762878418,0,validation
3,le_7b2aea,7.732452392578125,8.73902416229248,0,train
3,le_8045b0,6.806182861328125,6.160183429718018,0,train
3,he_537134,6.941565036773682,6.63735294342041,0,validation
3,he_2fe81b,6.400996685028076,5.8387627601623535,0,validation
3,he_a962bf,7.505936622619629,7.575718879699707,0,validation
3,le_50582c,7.064646244049072,5.904197692871094,0,validation
3,he_f55329,6.38496208190918,5.832869052886963,0,validation
3,he_43d1e1,7.3142313957214355,7.968221664428711,0,validation
3,he_4ec47d,6.743409633636475,6.110077381134033,0,validation
3,le_f28e73,7.223394393920898,6.543265342712402,0,validation
3,le_37a2d1,7.033570766448975,7.120047092437744,0,train
3,he_c20788,6.714449882507324,6.284063339233398,0,validation
3,le_764df2,6.853572368621826,6.917514801025391,0,validation
3,he_c6590f,6.200438022613525,5.556084632873535,0,train
3,he_60ed0a,5.700178623199463,4.952225208282471,0,validation
3,he_5df55a,8.775821685791016,11.113385200500488,0,validation
3,he_734cd1,5.855965614318848,5.728367328643799,0,train
3,le_de6e1e,5.430545806884766,5.891990661621094,0,validation
3,le_b4482a,6.469815731048584,5.931694030761719,0,validation
3,he_57a478,7.028616905212402,6.772768020629883,0,validation
3,le_0af460,6.474009037017822,6.346376419067383,0,validation
3,le_f0d06e,8.840361595153809,7.7935051918029785,0,train
3,le_1c128f,7.845772743225098,7.403846740722656,0,train
3,le_a85ddb,7.043834209442139,6.428853511810303,0,validation
3,he_85af94,6.721689701080322,6.29532527923584,0,train
3,he_63befa,5.994235515594482,5.311947345733643,0,validation
3,he_652056,8.055922508239746,9.269609451293945,0,validation
3,he_0d36d6,6.855093479156494,6.502842426300049,0,train
3,le_e0fa5c,6.403054237365723,5.5955657958984375,0,validation
3,he_48966d,7.593728065490723,7.803681373596191,0,train
3,le_4d537b,5.827976703643799,5.4939141273498535,0,validation
3,le_9d8415,5.934083461761475,5.221790313720703,0,validation
3,he_487634,8.530388832092285,9.300935745239258,0,train
3,le_5ca495,7.208747386932373,7.115541934967041,0,train
3,he_3caee5,7.647592544555664,8.808196067810059,0,train
3,le_a61898,7.7593278884887695,7.188686847686768,0,validation
3,he_6effe8,6.779268264770508,6.406309604644775,0,validation
3,le_01c9ec,7.020031452178955,6.479898452758789,0,train
3,le_b8397b,6.250922203063965,6.065220832824707,0,train
3,he_94fd55,7.465597152709961,7.45088005065918,0,validation
3,le_01f7f4,7.895089626312256,7.4782023429870605,0,validation
3,le_3730f0,7.727028846740723,7.324464797973633,0,train
3,le_d66bd6,7.901409149169922,8.264078140258789,0,train
3,le_4356f8,7.797049045562744,7.151887893676758,0,validation
3,le_0155ee,5.996406078338623,8.979436874389648,0,validation
3,he_380d40,7.3750762939453125,7.3037824630737305,0,train
3,le_1bd9fa,6.568169116973877,6.403097152709961,0,train
3,he_195589,6.821549892425537,6.450662612915039,0,validation
3,le_4f6999,7.782924175262451,7.87964391708374,0,train
3,he_d5d6ab,7.281645774841309,7.15195894241333,0,train
3,he_c90fcd,6.865723133087158,6.697715759277344,0,validation
3,le_3ccf61,7.5779571533203125,7.981227874755859,0,validation
3,le_b9c5c4,7.846534252166748,7.680114269256592,0,train
3,le_a6ce35,7.822185516357422,7.787826061248779,0,train
3,le_12c34b,5.965438365936279,5.268261432647705,0,validation
3,le_7c71da,5.78764533996582,5.023743152618408,0,validation
3,he_dbbed2,7.086842060089111,6.863339900970459,0,train
3,he_fcf200,6.551304340362549,6.082383155822754,0,validation
3,le_84b6bb,6.4801201820373535,5.929294109344482,0,train
3,he_1f22c4,7.137526512145996,7.443850040435791,0,train
3,le_a9f11f,8.099647521972656,7.10552453994751,0,validation
3,le_1911ce,8.671174049377441,10.011250495910645,0,validation
3,he_0d9235,7.082432270050049,8.577494621276855,0,validation
3,le_83decd,8.427874565124512,9.68493366241455,0,validation
3,he_412004,7.571012496948242,7.622178554534912,0,validation
3,he_9910b5,6.996354579925537,6.72258186340332,0,train
3,he_98349a,6.457679748535156,6.36206579208374,0,validation
3,le_404d16,6.864557266235352,6.308684349060059,0,train
3,le_00eeb2,7.6074042320251465,8.792365074157715,0,train
3,le_1ccf16,7.230620384216309,7.924889087677002,0,validation
3,le_7261d3,5.712823867797852,5.190141201019287,0,train
3,le_45d4cb,5.784463882446289,5.348186016082764,0,validation
3,le_694adb,6.885435104370117,6.620754718780518,0,train
3,le_70cf78,8.753010749816895,8.25601863861084,0,validation
3,he_e97c8c,6.885834217071533,6.584176540374756,0,train
3,he_0a5ec7,6.565261363983154,6.103318214416504,0,train
3,he_40a91b,7.505330562591553,6.8864336013793945,0,validation
3,he_cdc607,6.882198333740234,6.139611721038818,0,train
3,he_89ad62,7.108618259429932,7.730727195739746,0,train
3,le_8deff5,6.520031452178955,6.567946910858154,0,validation
3,he_e1a03a,5.931156635284424,5.4308857917785645,0,validation
3,le_52447f,7.2839884757995605,6.7291083335876465,0,validation
3,he_fb1124,8.437087059020996,11.09918212890625,0,train
3,le_523a81,5.61107063293457,5.31099796295166,0,validation
3,he_5608ba,6.786777496337891,6.515380859375,0,train
3,le_8198ec,8.880892753601074,7.7079010009765625,0,train
3,he_d85c04,7.289978504180908,7.165497779846191,0,validation
3,he_403257,7.952638149261475,7.851772308349609,0,train
3,le_e568c3,6.24491024017334,5.876638889312744,0,train
3,he_86eeae,5.186783790588379,5.887246131896973,0,validation
3,le_dfd822,8.392082214355469,10.280314445495605,0,train
3,le_c50a04,5.914635181427002,7.495647430419922,0,train
3,le_8de934,6.425479888916016,6.849491119384766,0,train
3,he_47238e,6.740439414978027,6.324490547180176,0,validation
3,he_d6039a,6.0660247802734375,7.049439907073975,0,validation
3,le_29fc1c,8.89509105682373,8.529744148254395,0,validation
3,he_076917,6.061123371124268,5.3171257972717285,0,validation
3,le_91c567,6.202871322631836,5.947936534881592,0,validation
3,le_f58d84,6.836016654968262,6.322428226470947,0,validation
3,he_f0d231,6.380184650421143,6.0638628005981445,0,validation
3,le_7427b9,6.069425582885742,6.413747310638428,0,validation
3,le_7716d1,8.176753044128418,9.366081237792969,0,validation
3,he_0db92b,6.453901290893555,5.936278343200684,0,train
3,le_6975d5,7.419126510620117,7.207824230194092,0,train
3,he_4f7ff0,7.115762233734131,8.42940902709961,0,validation
3,he_e7fbc9,8.079167366027832,7.705712795257568,0,train
3,he_6c7977,7.565229415893555,7.6127824783325195,0,validation
3,le_83615b,8.680718421936035,9.047801971435547,0,train
3,le_e50e4d,6.319258213043213,5.59806489944458,0,train
3,he_feda4e,7.514176845550537,8.669910430908203,0,validation
3,he_056a76,9.084433555603027,10.39105224609375,0,train
3,le_a0c615,6.72657585144043,6.542915344238281,0,train
3,he_25e97e,7.739555835723877,7.896060943603516,0,train
3,he_b85d24,7.927981376647949,8.718769073486328,0,validation
3,le_c470c6,7.827841281890869,8.162335395812988,0,validation
3,he_e554b0,6.804581642150879,6.42426872253418,0,train
3,le_a8ce41,5.734957218170166,7.416743755340576,0,train
3,le_56f182,5.933898448944092,6.569133281707764,0,train
3,le_5ff624,8.197179794311523,8.233811378479004,0,validation
3,le_c3a6f8,6.766426086425781,6.1397247314453125,0,validation
3,le_2f43e7,7.400944232940674,8.221056938171387,0,train
3,le_0bda07,6.950827121734619,7.029823303222656,0,validation
3,le_f39982,5.958530902862549,5.571437358856201,0,train
3,he_0fab59,6.335745811462402,5.759045600891113,0,validation
3,le_a1c863,6.500931262969971,6.036606788635254,0,train
3,he_512e0a,7.978773593902588,8.454765319824219,0,train
3,le_2ba026,6.828091144561768,6.889267921447754,0,train
3,he_2044e1,7.230902194976807,6.297115325927734,0,validation
3,he_552813,7.069214820861816,6.7666802406311035,0,train
3,he_caef9f,5.850863933563232,5.10340690612793,0,train
3,he_bf08f5,7.449441432952881,8.130578994750977,0,validation
3,he_959231,6.9706807136535645,6.774571418762207,0,validation
3,le_2c1c76,5.981895446777344,5.713222980499268,0,train
3,he_b63add,7.102317810058594,6.887411594390869,0,train
3,he_a2b8a1,7.344295978546143,7.253763675689697,0,validation
3,le_8578d9,8.24386978149414,7.780027389526367,0,train
3,le_b41a4d,6.535716533660889,6.428986072540283,0,validation
3,le_80446d,6.874650001525879,5.724991321563721,0,train
3,le_e8dc06,6.17791748046875,5.883097171783447,0,train
3,le_226bc8,6.852308750152588,6.729002952575684,0,train
3,le_fa7d2c,5.918501853942871,5.451852321624756,0,validation
3,he_063fc0,7.07189416885376,5.84216833114624,0,train
3,he_affe4b,6.907810688018799,6.584846019744873,0,validation
3,le_55232c,7.798856258392334,7.380018711090088,0,validation
3,he_01cfbe,7.539826393127441,7.5715012550354,0,validation
3,le_6cbd20,8.640027046203613,9.600172996520996,0,validation
3,he_4fd2c6,6.4532341957092285,5.935277462005615,0,validation
3,le_d07324,6.871835231781006,5.811151504516602,0,validation
3,he_149c5b,6.918637752532959,6.601687908172607,0,train
3,he_7b0696,6.6904425621032715,6.246718883514404,0,train
3,le_5ff0f8,6.360637664794922,6.911400318145752,0,validation
3,he_bfbfe0,6.309089660644531,5.719061851501465,0,validation
3,le_2c1fd3,5.549065113067627,6.138833999633789,0,train
3,he_113880,6.861111640930176,6.5058088302612305,0,train
3,he_43444c,6.275349140167236,5.668450832366943,0,train
3,he_63e860,8.582769393920898,12.801883697509766,0,train
3,he_30ba2d,6.551139831542969,6.082136154174805,0,validation
3,he_b516c8,6.846984386444092,6.490228652954102,0,validation
3,he_061e2c,7.489196300506592,7.489231586456299,0,train
3,le_430535,7.079627513885498,7.2327094078063965,0,validation
3,le_2ce311,7.156793117523193,6.893468379974365,0,validation
3,le_9a7a59,6.669462203979492,6.546077251434326,0,train
3,le_54d379,6.604771137237549,5.674250602722168,0,train
3,le_52b809,7.695220947265625,8.57270336151123,0,train
3,le_f66fec,6.084498882293701,5.7581868171691895,0,train
3,he_d9b3a0,6.390756130218506,5.841561317443848,0,validation
3,le_2e65e7,6.152037620544434,6.9592437744140625,0,validation
3,le_eb89a4,7.380603313446045,6.8336262702941895,0,validation
3,he_a7bf3c,6.925145626068115,6.57264518737793,0,validation
3,le_275fa9,8.007221221923828,8.659316062927246,0,train
3,he_16c2e2,6.532376289367676,6.053991794586182,0,train
3,le_763996,7.649212837219238,6.220709800720215,0,validation
3,le_c9ff75,7.809912204742432,7.304637908935547,0,validation
3,le_eb4323,6.984240531921387,6.1742682456970215,0,validation
3,he_0935e0,7.105123519897461,6.516465663909912,0,validation
3,le_28d5fc,7.279229164123535,5.948238849639893,0,train
3,le_f85aef,6.968084812164307,6.505141258239746,0,train
3,he_8743aa,7.41258430480957,7.364731788635254,0,validation
3,he_77325b,6.927854061126709,6.616024494171143,0,train
3,le_194430,7.00049352645874,6.488077640533447,0,train
3,he_0d978a,6.994486331939697,6.719675064086914,0,validation
3,he_d5d228,7.1898908615112305,7.54406213760376,0,train
3,he_703227,6.481015682220459,5.718822956085205,0,validation
3,he_01e8ed,6.485938549041748,5.984334945678711,0,train
3,he_5785c0,6.56593132019043,6.104323387145996,0,validation
3,le_e7ceaf,7.382389545440674,6.9989333152771,0,validation
3,he_11ed24,6.245937824249268,5.62433385848999,0,validation
3,he_f65f6e,6.477184772491455,5.639593601226807,0,validation
3,he_726d3f,6.7331414222717285,6.35513973236084,0,validation
3,le_dd8888,6.2318596839904785,5.46451473236084,0,train
3,le_d042c2,7.053940296173096,6.5924224853515625,0,train
3,le_39c6ce,6.868072509765625,6.648531436920166,0,validation
3,he_ab7281,6.849967956542969,6.494869709014893,0,train
3,he_019042,6.702671527862549,5.927078723907471,0,validation
3,le_d52c87,6.648563385009766,6.2548089027404785,0,validation
3,he_112f6d,6.568721294403076,6.1085076332092285,0,validation
3,le_4528f1,8.19664478302002,6.642528533935547,0,train
3,he_711892,6.570909023284912,7.553006172180176,0,validation
3,le_34558e,5.661681175231934,4.912063121795654,0,train
3,he_8066c3,7.390561103820801,7.328946590423584,0,train
3,he_fe4ada,7.333012580871582,8.012843132019043,0,validation
3,le_58b819,8.800494194030762,8.501363754272461,0,train
3,he_eae292,7.386740684509277,7.32984733581543,0,validation
3,he_14019f,6.481796741485596,6.956547737121582,0,validation
3,he_673c7e,6.7945356369018555,6.447231292724609,0,train
3,he_d5db57,6.962153434753418,6.362415313720703,0,validation
3,le_7badf8,6.830278396606445,6.018655776977539,0,validation
3,le_912a2a,7.624545097351074,8.041552543640137,0,train
3,he_95ee8c,7.1746063232421875,6.9998626708984375,0,validation
3,le_8761f6,7.161096096038818,6.407237529754639,0,validation
3,le_5d7507,7.237854957580566,7.815315246582031,0,train
3,le_5863fc,6.815657138824463,6.713893890380859,0,validation
3,he_853422,6.941418647766113,6.637126445770264,0,validation
3,he_4e43b9,7.5785417556762695,6.925846099853516,0,train
3,he_a39ebf,6.933781623840332,8.548627853393555,0,validation
3,le_80e3b0,5.759310722351074,5.741098880767822,0,train
3,le_e11ea9,6.490435600280762,6.000611305236816,0,validation
3,he_e69885,6.393259048461914,5.845315933227539,0,train
3,le_5d62d2,6.02401065826416,5.46164083480835,0,train
3,le_a8ce3a,7.496389865875244,7.31470251083374,0,validation
3,he_477534,6.848948955535889,7.247910499572754,0,train
3,he_4528d8,7.515917778015137,6.628991603851318,0,validation
3,le_315c9d,6.044071674346924,5.843563556671143,0,train
3,he_9c907a,7.8589043617248535,9.123128890991211,0,train
3,he_bc8ef0,6.262135028839111,5.648629188537598,0,validation
3,le_ff4463,7.314720153808594,7.439371585845947,0,train
3,he_b63a86,6.957190036773682,8.128053665161133,0,validation
3,le_6fe94c,5.786849021911621,5.940600872039795,0,train
3,le_b554e0,6.418720722198486,5.714423179626465,0,validation
3,he_905478,6.187449932098389,5.369165420532227,0,validation
3,le_ae27bc,6.193671226501465,5.848142147064209,0,validation
3,le_86dde0,6.777366638183594,6.589078903198242,0,validation
3,le_3235a7,6.044859886169434,5.853190898895264,0,train
3,le_560bc5,7.341047763824463,7.793712615966797,0,validation
3,le_b2d8a4,6.861995220184326,6.701327800750732,0,train
3,he_57b66a,7.422119140625,8.734291076660156,0,train
3,he_8b6e8a,6.658156394958496,6.196495056152344,0,train
3,he_0ad37b,7.3112592697143555,7.212433815002441,0,validation
3,he_1f1796,7.076075077056885,6.846591949462891,0,validation
3,he_c788c4,6.522731781005859,10.220779418945312,0,train
3,le_3e0c8b,6.135286808013916,5.695192813873291,0,validation
3,le_ad29d4,8.287800788879395,8.55239200592041,0,validation
3,he_9ead18,6.64729118347168,7.081061363220215,0,train
3,le_a9c8e7,6.640026092529297,8.405560493469238,0,train
3,he_fa775e,8.382291793823242,11.127236366271973,0,train
3,he_6eb3b7,5.91580867767334,6.1271209716796875,0,train
3,le_b68792,7.214553356170654,7.12734317779541,0,train
3,le_7491ba,6.380864143371582,5.842258453369141,0,train
3,le_155906,7.936967849731445,8.590255737304688,0,validation
3,le_71250d,8.549649238586426,6.81615686416626,0,train
3,he_945b84,5.958370208740234,5.259779453277588,0,validation
3,le_767019,8.038189888000488,7.981293201446533,0,validation
3,le_bea3b5,6.35660982131958,6.180199146270752,0,validation
3,le_1a7ab7,5.51422643661499,6.5053205490112305,0,train
3,he_0445e3,6.859011173248291,6.748706817626953,0,validation
3,he_ebb18a,6.4017767906188965,5.322166442871094,0,train
3,he_04607e,6.244611740112305,5.62234354019165,0,train
3,le_8dffb2,6.314324855804443,5.783267974853516,0,validation
3,he_bf7958,6.898544788360596,5.961232662200928,0,validation
3,he_865b01,6.785233020782471,6.39417028427124,0,validation
3,he_5422d6,6.667614459991455,6.211208343505859,0,validation
3,le_1b77f0,5.857929706573486,6.0208740234375,0,validation
3,he_061f19,6.4743828773498535,5.909939765930176,0,train
3,le_ab66f0,5.893823623657227,5.570157527923584,0,train
3,le_33de79,7.443976879119873,8.513394355773926,0,validation
3,he_4d16d8,7.907655239105225,8.350380897521973,0,train
3,he_7141aa,5.926699638366699,5.480025291442871,0,validation
3,le_b7b78e,6.080480098724365,5.995317459106445,0,train
3,le_341408,5.969436168670654,7.507534980773926,0,validation
3,he_e7f057,5.749621391296387,5.022267818450928,0,validation
3,le_c975ec,6.454681396484375,6.026319980621338,0,train
3,he_b9dc56,6.2513427734375,5.632442474365234,0,validation
3,he_b9ba5e,7.380156517028809,8.022525787353516,0,train
3,le_3ef247,8.472475051879883,9.335883140563965,0,validation
3,le_945414,6.49265718460083,7.110047340393066,0,train
3,le_73a0f6,5.961963653564453,5.325863361358643,0,validation
3,le_f790ca,6.091297149658203,5.484779357910156,0,train
3,le_3c1dbd,9.036205291748047,8.222367286682129,0,train
3,he_ac375a,7.518810749053955,8.194826126098633,0,validation
3,he_d0547e,7.616589546203613,7.121922969818115,0,train
3,le_0e80d9,5.943743705749512,5.93632698059082,0,train
3,he_9a731c,6.5873332023620605,6.551643371582031,0,validation
3,he_442910,6.348777770996094,6.715024471282959,0,validation
3,le_ae71bb,6.745086193084717,6.287379741668701,0,validation
3,he_0c8461,8.127927780151367,9.814706802368164,0,validation
3,le_36906d,7.690450191497803,7.24914026260376,0,validation
3,he_c72991,7.2668256759643555,7.143314838409424,0,train
3,le_698ed0,7.230200290679932,6.009830951690674,0,train
3,le_2f8b4e,6.246156692504883,6.147843837738037,0,validation
3,le_096a5a,6.578508377075195,5.64517879486084,0,train
3,he_b62509,6.410384654998779,5.811071395874023,0,validation
3,le_ad984a,8.443990707397461,7.159351348876953,0,train
3,he_2aef37,6.7133870124816895,6.903054714202881,0,validation
3,le_4e404a,5.835740089416504,5.469817638397217,0,train
3,he_8f57fb,7.028785705566406,6.773029804229736,0,train
3,he_10c218,6.4453535079956055,6.7775983810424805,0,train
3,he_a7eb16,7.013926029205322,6.749914646148682,0,train
3,le_157346,6.4672136306762695,6.389509677886963,0,train
3,he_4c56d3,7.489412784576416,7.489579200744629,0,validation
3,le_875512,6.025391578674316,5.656199932098389,0,validation
3,le_f593c2,5.985191822052002,6.039877414703369,0,train
3,le_43f436,7.451233386993408,8.307515144348145,0,train
3,he_fa6948,6.8241095542907715,7.52191686630249,0,validation
3,he_cc58af,6.614164352416992,6.7334418296813965,0,train
3,le_9aabb9,6.765557289123535,6.736099720001221,0,train
3,he_256c48,6.988791465759277,6.710816860198975,0,validation
3,he_301a3e,7.71942663192749,7.863351821899414,0,train
3,he_bda96d,6.904224395751953,6.759742736816406,0,validation
3,le_d031d2,6.50277042388916,6.800418853759766,0,train
3,he_935b9f,7.710443019866943,7.1629462242126465,0,train
3,he_f51b67,5.879602432250977,5.145209789276123,0,train
3,le_1223ad,5.697279930114746,5.328511714935303,0,validation
3,le_59e8c6,7.515161991119385,7.344120025634766,0,train
3,he_fd9c4c,7.71301794052124,7.852937698364258,0,train
3,he_4e95fa,8.279951095581055,9.715916633605957,0,train
3,he_5863f3,6.995318412780762,6.909412384033203,0,train
3,le_327267,6.148022174835205,5.73014497756958,0,validation
3,le_d61b54,8.641975402832031,7.910515308380127,0,validation
3,he_69475d,7.157171249389648,6.949686527252197,0,validation
3,he_f152e5,6.554303169250488,6.086880683898926,0,train
3,le_5704eb,8.069710731506348,7.099580764770508,0,validation
3,le_c5b6c0,7.255086898803711,7.0174055099487305,0,validation
3,he_90123f,8.049676895141602,8.170580863952637,0,train
3,he_0bee72,7.2314066886901855,7.088217735290527,0,validation
3,he_68742b,7.180800437927246,7.009496212005615,0,validation
3,he_b7e84d,6.309083938598633,5.719053745269775,0,validation
3,he_765035,7.130041122436523,7.005673408508301,0,train
3,le_e7dcfd,6.180205821990967,6.001134395599365,0,validation
3,he_a9942d,7.228996276855469,7.376451015472412,0,validation
3,he_d1ef4d,6.843042850494385,6.448432922363281,0,validation
3,le_f9fcdf,6.417765140533447,6.313779830932617,0,validation
3,he_b2fbe6,7.776872634887695,7.956700801849365,0,train
3,le_338fc2,6.539137363433838,6.000548362731934,0,validation
3,he_51a0c7,6.540931701660156,6.0494794845581055,0,validation
3,le_77f475,7.491639614105225,8.37587833404541,0,validation
3,le_0e684b,8.277207374572754,8.625288009643555,0,validation
3,he_19058d,5.565736293792725,4.761763095855713,0,train
3,he_b5f00f,5.311679363250732,4.40185022354126,0,train
3,he_1ef995,7.520799160003662,7.012718200683594,0,train
3,he_844d39,6.496586322784424,5.945165157318115,0,train
3,he_ae8e9c,6.864334583282471,5.9464192390441895,0,train
3,le_6035f7,6.041505813598633,5.713525295257568,0,train
3,he_0a3039,6.15359354019165,7.468327522277832,0,train
3,le_550d25,6.367727279663086,6.707627296447754,0,validation
3,le_ec27a1,6.908740043640137,6.38843297958374,0,validation
3,he_f77454,7.146966457366943,6.516559600830078,0,validation
3,le_d7795e,6.399986267089844,6.553866863250732,0,train
3,le_1c7c91,6.423346996307373,6.248378276824951,0,validation
3,he_8a99f7,7.777400970458984,8.450616836547852,0,train
3,le_d1964b,7.294186592102051,8.155540466308594,0,validation
3,he_2dc55e,6.662448406219482,7.1218085289001465,0,train
3,le_8cccbf,7.088072776794434,7.696503162384033,0,validation
3,le_25d7bf,6.514742374420166,6.3627028465271,0,train
3,le_d83883,7.442043304443359,7.810014247894287,0,validation
3,he_5893a2,7.047910690307617,7.602869987487793,0,train
3,he_5b4ec1,7.672475337982178,7.8034257888793945,0,train
3,le_adb773,7.119130611419678,6.627699375152588,0,validation
3,he_d66410,7.072911262512207,7.488990783691406,0,validation
3,he_d91d52,8.01624584197998,9.632299423217773,0,train
3,le_497c69,6.6351141929626465,7.326056003570557,0,validation
3,he_b70236,6.614827632904053,6.177668571472168,0,train
3,le_ecfb48,6.751980781555176,6.596384048461914,0,train
3,he_4caf0f,6.91021203994751,7.882172107696533,0,train
3,he_f7f5b8,6.936549663543701,6.629552364349365,0,train
3,he_8b8e73,6.276326656341553,5.669917583465576,0,validation
3,he_df76e7,5.873631477355957,5.13652229309082,0,train
3,le_384eec,6.4808197021484375,5.558900356292725,0,train
3,he_6a3ff1,6.1051859855651855,5.473331451416016,0,train
3,le_af2269,6.8967814445495605,6.863548278808594,0,validation
3,he_91e872,6.191579818725586,5.5427961349487305,0,train
3,he_92a1d4,5.891012668609619,5.161804676055908,0,train
3,le_58503c,6.246591091156006,5.4246320724487305,0,validation
3,le_9827be,6.246947765350342,6.36952543258667,0,validation
3,he_0a2e7a,6.03806734085083,5.312527656555176,0,train
3,le_536ce6,5.990268230438232,5.717403888702393,0,validation
3,le_c47bf3,6.202004432678223,6.014800548553467,0,train
3,le_23d7e6,5.812506198883057,5.08943510055542,0,train
3,he_aea985,6.955879211425781,8.329556465148926,0,train
3,he_610a6b,6.430964946746826,5.901875019073486,0,train
3,le_0b5c71,7.261091232299805,6.584554672241211,0,train
3,le_8e17a1,6.403858661651611,6.136013984680176,0,train
3,he_e97a85,6.716615676879883,6.216975212097168,0,train
3,he_baf440,7.440453052520752,6.374260902404785,0,validation
3,he_41f4cd,6.020857810974121,5.350671291351318,0,validation
3,he_5cb9a5,7.122562885284424,6.925558567047119,0,train
3,le_59e850,6.058982849121094,5.699732303619385,0,train
3,le_130466,7.427194118499756,7.256763458251953,0,train
3,le_ae10ae,6.676782131195068,6.005190372467041,0,train
3,le_b57fb4,5.628288745880127,4.89690637588501,0,validation
3,he_122fc1,7.4389824867248535,7.40762996673584,0,validation
3,he_def558,7.5000152587890625,7.686895847320557,0,train
3,he_88eef7,7.094600677490234,8.859905242919922,0,train
3,le_56db27,7.328218460083008,6.709577560424805,0,train
3,le_b72c01,7.03598165512085,7.523202896118164,0,train
3,he_e7e54d,7.97756814956665,8.759521484375,0,train
3,he_666efe,8.038640975952148,8.382074356079102,0,train
3,le_5f218d,6.113687038421631,5.780068874359131,0,validation
3,le_31327c,7.211069583892822,7.289767742156982,0,validation
3,le_cae6e7,6.61996603012085,6.074272155761719,0,validation
3,he_fdfcef,7.811171531677246,8.012436866760254,0,train
3,le_53b2fd,6.196214199066162,6.028883457183838,0,train
3,le_72261f,7.6146368980407715,5.662053108215332,0,train
3,le_fc3d57,7.23956823348999,7.813629627227783,0,train
3,le_230abf,7.704852104187012,7.205314636230469,0,validation
3,le_41a3a0,6.670353412628174,6.648334980010986,0,validation
3,he_7a5e63,6.788792133331299,6.399707317352295,0,train
3,le_dfd3b4,7.846253395080566,8.046213150024414,0,validation
3,le_a2fcff,6.8210320472717285,6.254393100738525,0,validation
3,le_109683,7.547270774841309,7.172318935394287,0,validation
3,he_7057f3,6.781890869140625,5.45579719543457,0,validation
3,he_558615,7.055710315704346,7.751084327697754,0,train
3,le_e7fc9f,6.578129768371582,6.393151760101318,0,train
3,le_ac7cf7,6.278378486633301,6.035142421722412,0,validation
3,he_9eff37,7.170385837554932,6.993296146392822,0,validation
3,le_d44ccb,6.291802406311035,5.113917350769043,0,validation
3,le_d60087,5.339042663574219,5.29544734954834,0,train
3,le_9c6ba0,5.999218463897705,7.182142734527588,0,validation
3,he_97db03,8.593011856079102,9.07082462310791,0,train
3,le_ff1ebb,7.364784240722656,7.364784240722656,0,validation
3,le_e9f735,7.492045879364014,7.963376522064209,0,train
3,he_e6d7a6,7.791136741638184,7.979881286621094,0,validation
3,he_97c074,7.718157768249512,8.51981258392334,0,validation
3,le_d969e0,6.310282230377197,6.161948204040527,0,train
3,he_bbc8b7,8.197470664978027,8.98294448852539,0,validation
3,le_1aa1fb,5.929450035095215,5.06500768661499,0,validation
3,le_1c3df3,7.001935005187988,7.391996383666992,0,validation
3,le_b7d8a6,6.994381427764893,6.559898376464844,0,validation
3,he_9b050e,6.452210426330566,5.933743000030518,0,validation
3,le_d52c28,6.334384441375732,5.379293441772461,0,validation
3,he_3f7fe7,7.115996837615967,6.965834140777588,0,validation
3,he_b3e123,6.717051982879639,6.288111686706543,0,validation
3,le_1674c0,5.805185317993164,5.240940093994141,0,train
3,le_78f0ed,5.489137172698975,5.400476932525635,0,train
3,he_533155,7.198195457458496,7.036556243896484,0,validation
3,he_d80706,7.862351894378662,9.592649459838867,0,train
3,le_ff18cf,6.496606826782227,5.807586193084717,0,validation
3,le_8a6f35,7.3065667152404785,7.729976177215576,0,validation
3,he_2edc16,6.543222904205322,6.017709732055664,0,validation
3,he_4ff1c4,6.849528789520264,8.411762237548828,0,validation
3,he_4f9390,7.4158172607421875,7.824418067932129,0,validation
3,le_185d39,8.356769561767578,7.173698425292969,0,train
3,le_9b9745,7.345291614532471,6.963341236114502,0,validation
3,le_91f758,6.484140872955322,5.674236297607422,0,train
3,le_a8ed34,7.474593162536621,7.339214324951172,0,train
3,he_661ccf,7.347117900848389,6.960188865661621,0,train
3,he_37489d,6.780076503753662,7.835273265838623,0,train
3,he_7c68af,8.199592590332031,9.189369201660156,0,train
3,le_838987,5.956121444702148,5.831058502197266,0,train
3,le_f50d64,6.530778884887695,7.613440036773682,0,validation
3,le_417bec,7.956721782684326,7.876777648925781,0,validation
3,le_a6260b,6.138263702392578,5.503271102905273,0,train
3,he_51332a,7.14424467086792,6.539776802062988,0,validation
3,he_1ef686,7.012568950653076,6.951310157775879,0,train
3,le_4b0989,6.122990131378174,5.648276329040527,0,train
3,le_19c9ac,5.500343322753906,6.890258312225342,0,train
3,he_d79548,6.261180400848389,5.647197723388672,0,validation
3,le_6d15c9,7.949852466583252,7.04502534866333,0,validation
3,le_5b740a,6.436217784881592,5.819324970245361,0,train
3,le_edf950,6.120750427246094,5.410834789276123,0,train
3,he_847dab,6.6348419189453125,7.341387748718262,0,train
3,he_a64661,6.789453983306885,6.400735855102539,0,train
3,he_cdf3a4,7.657054424285889,7.4849114418029785,0,train
3,he_cabb3d,6.509040832519531,6.018988609313965,0,validation
3,he_e07220,6.147278308868408,5.476344585418701,0,validation
3,le_57ec9b,8.0178804397583,7.549030780792236,0,train
3,he_7556fc,6.653217792510986,6.235253810882568,0,train
3,le_9468b1,9.008718490600586,9.579048156738281,0,validation
3,le_2af127,6.5621819496154785,6.476171493530273,0,validation
3,he_9c8a78,5.825590133666992,5.066645622253418,0,train
3,he_2519ee,7.411168575286865,8.1583251953125,0,train
3,he_f84b71,6.941041469573975,6.636538028717041,0,train
3,le_98b680,6.555166721343994,5.815613269805908,0,train
3,le_4afc4d,8.929198265075684,8.206705093383789,0,train
3,le_d96176,7.637094020843506,8.409473419189453,0,validation
3,he_859e26,6.6690216064453125,7.176037788391113,0,train
3,he_bddd26,6.322495460510254,5.739170074462891,0,train
3,he_f07086,6.544896602630615,7.00040340423584,0,train
3,he_ffbc40,5.954591274261475,5.254283428192139,0,train
3,le_a80334,7.038334369659424,6.529310703277588,0,train
3,le_1b5d46,7.334385395050049,7.069037437438965,0,validation
3,le_f7b80b,5.973893642425537,5.222256660461426,0,validation
3,le_ceeb48,6.620863914489746,5.6272358894348145,0,train
3,he_e187a0,6.125389099121094,4.929874897003174,0,train
3,le_5f97fa,7.596672534942627,7.286867141723633,0,train
4,le_d069d3,6.4720845222473145,6.557289123535156,0,validation
4,he_47c12f,7.14452600479126,6.982324600219727,0,validation
4,le_64d75a,5.680346965789795,5.675548076629639,0,train
4,le_259d3e,7.387682914733887,7.642927169799805,0,validation
4,he_31fd02,7.423313617706299,6.778408050537109,0,train
4,he_cb7e90,7.743649482727051,10.067375183105469,0,train
4,he_79e9b7,7.555110454559326,9.021472930908203,0,validation
4,he_eb9923,6.343688011169434,6.4574456214904785,0,validation
4,he_fb3ae1,6.365699768066406,5.8303046226501465,0,validation
4,he_e12d52,8.12819766998291,9.051546096801758,0,validation
4,le_bf9a36,8.544620513916016,8.230451583862305,0,train
4,he_4a04a2,7.317218780517578,7.82316255569458,0,validation
4,le_b2752d,7.684501647949219,6.950184345245361,0,train
4,le_7aa426,6.889121055603027,7.981153964996338,0,train
4,le_98d6b3,6.757773399353027,6.84401798248291,0,validation
4,he_0d4150,7.827260971069336,9.471683502197266,0,validation
4,he_a87a9b,7.018440246582031,7.421403408050537,0,validation
4,le_fde5e8,7.884045124053955,7.735504627227783,0,validation
4,le_78fc9a,7.437269687652588,8.06718921661377,0,train
4,le_749d9e,6.144176006317139,5.8287553787231445,0,train
4,le_d82184,6.952003479003906,8.17220687866211,0,validation
4,he_81252f,6.543966770172119,7.469823360443115,0,train
4,le_02764e,7.474153518676758,7.492269515991211,0,train
4,he_bda94e,6.628851890563965,6.225033283233643,0,train
4,le_5f185b,7.846343517303467,8.171216011047363,0,train
4,he_a8615f,6.486134052276611,6.010956764221191,0,train
4,he_929466,8.030691146850586,8.333381652832031,0,train
4,he_883cb8,7.062819004058838,6.855224609375,0,validation
4,le_f0530f,7.225077152252197,7.499284267425537,0,train
4,he_1d2579,5.977900505065918,5.914272308349609,0,validation
4,le_9faffe,6.020668029785156,5.658970832824707,0,validation
4,he_842a1f,6.068384647369385,5.460516452789307,0,train
4,he_bb65e5,7.371837139129639,6.898644924163818,0,validation
4,he_95d87e,6.7419610023498535,6.356111526489258,0,train
4,le_c8410f,7.5484747886657715,7.355479717254639,0,train
4,le_e7807e,5.4825921058654785,4.884360313415527,0,train
4,le_3a63b0,7.742933750152588,7.73335075378418,0,train
4,he_b61f8b,7.757267475128174,7.957754611968994,0,validation
4,he_17f529,6.053660869598389,5.380604267120361,0,train
4,he_34360a,6.3684797286987305,5.834475517272949,0,train
4,le_3422e0,7.5937418937683105,6.841524600982666,0,validation
4,he_a0069c,7.9724650382995605,8.307449340820312,0,train
4,le_ba2a87,5.3414740562438965,5.557929992675781,0,train
4,le_66b5ac,8.014227867126465,7.313722133636475,0,validation
4,he_ccbb6e,7.792590618133545,7.874444484710693,0,validation
4,le_4c4592,7.1888251304626465,6.5460991859436035,0,validation
4,he_2b1023,7.289899826049805,7.198281288146973,0,validation
4,le_ed8708,5.4434309005737305,5.109694957733154,0,train
4,he_4ee83e,6.376227855682373,6.626927852630615,0,validation
4,le_49a533,6.802343845367432,5.538700103759766,0,train
4,he_9ce40f,5.526143550872803,4.6718034744262695,0,train
4,le_592616,6.469949245452881,7.515403747558594,0,validation
4,he_76ab15,7.146346569061279,6.985157489776611,0,validation
4,he_261f83,6.309650897979736,5.746231555938721,0,train
4,le_120b5b,6.39657735824585,5.892512321472168,0,train
4,le_f2acc0,6.832476615905762,6.879263401031494,0,train
4,he_04551f,7.287263870239258,7.193997859954834,0,validation
4,he_b9a930,6.164973258972168,5.613809585571289,0,train
4,le_80ca99,5.9829864501953125,6.160793781280518,0,validation
4,he_334eb2,6.546755790710449,5.733453273773193,0,validation
4,le_0c2039,6.154847145080566,5.72382926940918,0,validation
4,he_028951,6.839776039123535,6.541419982910156,0,validation
4,le_d45347,6.295071125030518,5.697287082672119,0,train
4,he_a4529f,6.037938594818115,5.416233062744141,0,train
4,le_234216,6.531037330627441,5.8765869140625,0,train
4,le_9391b0,8.44971752166748,7.370361804962158,0,train
4,le_454c0b,7.290321350097656,6.621474266052246,0,validation
4,le_49db1c,8.462262153625488,10.055112838745117,0,validation
4,he_67ae44,5.91386604309082,5.235762596130371,0,train
4,le_3c9f84,7.373161792755127,6.947059631347656,0,validation
4,he_15a710,8.109662055969238,8.849831581115723,0,train
4,he_4be430,6.734390735626221,7.5776166915893555,0,validation
4,he_4435d3,7.142753601074219,6.559776306152344,0,train
4,he_de4bf9,6.586787223815918,6.114731788635254,0,validation
4,he_e361fe,7.048149108886719,6.832404136657715,0,validation
4,he_2e9fb6,5.8034467697143555,5.075153350830078,0,train
4,le_b1f4ec,7.970215797424316,6.492394924163818,0,train
4,he_a3611b,6.813283920288086,6.265598297119141,0,validation
4,le_971e6c,6.200432300567627,5.815089702606201,0,validation
4,he_764bec,7.1190996170043945,6.942774295806885,0,train
4,he_2b42db,7.229666709899902,7.100403785705566,0,train
4,he_a10557,7.188185214996338,7.050239086151123,0,validation
4,he_5ec5e8,6.488772869110107,5.5565667152404785,0,validation
4,le_4677fe,6.620526313781738,8.553669929504395,0,validation
4,le_98525a,7.456577777862549,6.137728214263916,0,validation
4,le_d24988,6.240652084350586,7.174160480499268,0,validation
4,he_37c485,7.091867923736572,6.900411605834961,0,validation
4,he_637e1b,6.491400718688965,6.018856048583984,0,train
4,le_aa9b3d,6.878021240234375,6.672914981842041,0,validation
4,le_092d88,8.366303443908691,8.487793922424316,0,validation
4,le_d8de43,7.220536231994629,7.438589096069336,0,train
4,le_68cc09,5.787782192230225,6.663473606109619,0,train
4,le_814b46,5.912293910980225,5.31040620803833,0,validation
4,he_9cff74,7.126702785491943,6.500795841217041,0,train
4,le_96c6d5,8.559656143188477,8.944960594177246,0,validation
4,he_c1196d,8.341275215148926,9.800989151000977,0,train
4,he_5a6c32,6.890379428863525,6.586987495422363,0,validation
4,he_5d5f7a,7.21738338470459,7.095658779144287,0,train
4,le_3a623c,6.421032905578613,6.194570064544678,0,train
4,le_e7dea5,7.921546459197998,6.6473517417907715,0,train
4,he_80b814,6.2238993644714355,5.617603302001953,0,validation
4,le_09679c,6.525066375732422,7.8000311851501465,0,train
4,le_d4dd8f,5.774526119232178,4.89747428894043,0,validation
4,he_4bfcf6,6.5476202964782715,6.103186130523682,0,train
4,le_8f8e8a,7.424379348754883,6.488794803619385,0,validation
4,he_eff624,7.3588738441467285,7.310365676879883,0,train
4,le_b194d6,6.9940505027771,6.198519229888916,0,validation
4,le_b1ae3c,8.7019624710083,7.321002960205078,0,validation
4,he_5597e5,6.884003639221191,6.577066421508789,0,train
4,he_8a456e,7.687807559967041,7.844881057739258,0,validation
4,he_094848,6.855540752410889,6.532792568206787,0,train
4,le_1c08db,5.972751617431641,5.723993301391602,0,train
4,he_e0689e,6.5478739738464355,6.938733100891113,0,validation
4,le_f1d98c,7.086816310882568,6.286032199859619,0,train
4,le_a818bf,5.704117298126221,5.878036022186279,0,train
4,he_b19ac2,6.5020365715026855,6.034811496734619,0,train
4,he_932e9c,7.231015682220459,7.102596759796143,0,validation
4,he_e1c1ac,7.770681381225586,8.211494445800781,0,validation
4,he_acd142,6.89640474319458,6.596357822418213,0,train
4,le_daf354,7.495880126953125,8.381080627441406,0,train
4,he_c21f8c,6.155986785888672,5.464803218841553,0,train
4,he_929f9b,6.650637626647949,6.25771427154541,0,validation
4,le_baabbc,6.463384628295898,5.498527526855469,0,train
4,he_4f27f3,7.614785194396973,7.726221561431885,0,train
4,le_c75cf6,6.902271270751953,7.258199214935303,0,validation
4,he_eaabee,6.75908899307251,6.936001777648926,0,validation
4,he_85fdc1,7.063985347747803,6.857038974761963,0,validation
4,le_d5e0b8,6.073472499847412,5.736028671264648,0,train
4,le_b001cf,7.224594593048096,6.356602668762207,0,validation
4,he_6be05d,7.417990207672119,7.6440935134887695,0,train
4,le_870446,6.992475986480713,6.83521842956543,0,train
4,le_0637ba,6.145722389221191,5.491539478302002,0,train
4,he_8a549e,7.734499931335449,9.181640625,0,train
4,le_d025d9,7.424368381500244,6.50997257232666,0,validation
4,he_a26cfb,7.996664047241211,9.285276412963867,0,validation
4,he_836543,7.216433048248291,7.094179630279541,0,train
4,he_b8a511,6.520747184753418,6.012001991271973,0,train
4,le_0623c9,6.905014514923096,6.524558067321777,0,validation
4,he_9b18bc,7.363768100738525,6.681787014007568,0,validation
4,he_685d08,8.265116691589355,9.72775650024414,0,train
4,le_92914d,9.747772216796875,9.356324195861816,0,train
4,he_35b068,5.747395992279053,5.964263439178467,0,train
4,he_3a40f5,6.198287010192871,5.598161697387695,0,train
4,le_ddbf24,6.807107448577881,7.316712856292725,0,train
4,le_08e1b5,5.651371002197266,6.647793292999268,0,train
4,le_256cce,6.450630187988281,5.392750263214111,0,train
4,he_0e2b7a,8.066068649291992,8.352155685424805,0,validation
4,he_6cfa07,6.7391767501831055,7.2815656661987305,0,validation
4,he_85ff02,9.1392822265625,10.355565071105957,0,train
4,le_39b3e3,6.906888008117676,6.417003154754639,0,train
4,he_351fa1,6.248037815093994,5.653811931610107,0,validation
4,le_d2662d,6.333474636077881,6.1350297927856445,0,train
4,he_6e2164,6.54313850402832,6.096463203430176,0,validation
4,he_321338,6.904263973236084,6.608583927154541,0,train
4,he_b9c59b,7.446863651275635,7.4533491134643555,0,train
4,he_5ba506,7.67138671875,7.23136043548584,0,train
4,he_955633,6.370684623718262,5.8377814292907715,0,train
4,he_711362,6.846893310546875,6.5193400382995605,0,validation
4,le_380ed6,6.908292770385742,6.906269073486328,0,train
4,he_eb5653,7.004797458648682,6.7649688720703125,0,train
4,le_ef147f,7.861592769622803,6.470830917358398,0,validation
4,le_bd5553,6.275226593017578,5.636466026306152,0,validation
4,he_e8d0d4,5.745622634887695,5.720574855804443,0,train
4,le_ac58bc,6.448645114898682,5.865287780761719,0,train
4,le_6e93a8,5.389819622039795,5.156709671020508,0,train
4,le_a672ff,7.636151313781738,8.167701721191406,0,validation
4,he_59f481,8.155106544494629,10.021485328674316,0,train
4,le_32e365,5.856722831726074,5.56070613861084,0,validation
4,he_253e64,8.172958374023438,8.633252143859863,0,validation
4,he_1589ac,8.16460132598877,10.27450942993164,0,validation
4,he_0352a5,6.3092570304870605,5.745640754699707,0,validation
4,he_0fe808,7.050382137298584,6.835879802703857,0,validation
4,he_4dfc9a,6.804543972015381,6.453465461730957,0,train
4,he_53a37b,6.817886829376221,6.691348075866699,0,validation
4,he_3b1424,7.658698081970215,7.79757833480835,0,train
4,he_af8dbf,7.5220723152160645,7.5755615234375,0,validation
4,he_a3e3a4,7.723146438598633,7.902307987213135,0,validation
4,le_622f03,5.8527069091796875,4.8721513748168945,0,validation
4,he_f40d7e,7.004018306732178,7.000292778015137,0,train
4,he_ad2c6f,6.868114948272705,6.552351474761963,0,validation
4,he_557676,6.880643844604492,6.947558403015137,0,validation
4,he_3c577e,6.727681636810303,6.33389949798584,0,train
4,le_661759,7.789944171905518,7.187337875366211,0,validation
4,he_1aca60,6.8916192054748535,7.211877346038818,0,validation
4,he_dab57d,7.20114278793335,6.112456798553467,0,validation
4,le_7b2851,7.6836395263671875,7.997358322143555,0,train
4,le_ef4386,8.106873512268066,7.478512287139893,0,train
4,he_81c663,6.835879802703857,6.535575866699219,0,train
4,le_cde2f8,7.627247333526611,8.301673889160156,0,train
4,he_781a92,6.3577399253845215,5.818366050720215,0,train
4,he_a777f6,7.102944374084473,6.917642593383789,0,train
4,he_ee4bcc,7.010204315185547,6.773380756378174,0,train
4,le_bc79cd,6.706274509429932,5.902116298675537,0,validation
4,he_0e1b16,7.734095573425293,7.920100688934326,0,validation
4,he_d16357,7.0233869552612305,6.793885707855225,0,train
4,he_28e587,6.705502986907959,5.758470058441162,0,train
4,he_41a754,6.724954128265381,5.368597030639648,0,train
4,le_70d46f,5.788964748382568,5.918230056762695,0,validation
4,le_ffbca1,8.128987312316895,7.454490661621094,0,train
4,he_616252,7.1947550773620605,6.922179222106934,0,train
4,he_a4594f,6.475255489349365,6.1673150062561035,0,train
4,le_b8feee,5.907489776611328,7.354513645172119,0,train
4,le_eb9660,6.828514099121094,6.0615386962890625,0,train
4,le_363c70,8.466554641723633,7.00649881362915,0,train
4,le_6bde61,9.166430473327637,7.90625,0,validation
4,le_c04ae8,7.535727024078369,8.63702392578125,0,validation
4,he_4a3727,8.502896308898926,9.416681289672852,0,train
4,le_c880b0,7.944598197937012,7.974153995513916,0,validation
4,le_766228,7.368204593658447,6.5538458824157715,0,validation
4,le_9c4270,5.244812488555908,5.132668972015381,0,train
4,he_87d8a7,8.112614631652832,8.595560073852539,0,validation
4,he_8feb2d,7.767889022827148,7.117559909820557,0,validation
4,he_f01b48,7.444279193878174,7.449146747589111,0,validation
4,le_58079b,5.448265552520752,5.724221706390381,0,train
4,le_5088b4,8.51839542388916,8.011024475097656,0,train
4,he_6528fe,6.218450546264648,5.537686824798584,0,validation
4,le_aa12de,7.077271938323975,6.275460243225098,0,train
4,he_3d059e,7.877988338470459,8.193345069885254,0,train
4,le_feadea,5.957705497741699,5.718311786651611,0,train
4,he_0724b7,8.279272079467773,8.435385704040527,0,validation
4,he_cd16a6,5.425502777099609,4.525415897369385,0,validation
4,le_5b76d0,6.097540855407715,5.897580146789551,0,validation
4,he_dfc951,7.553476333618164,7.626593589782715,0,validation
4,he_ff9f62,5.455073833465576,4.642314910888672,0,validation
4,le_7a26ee,7.2386674880981445,7.723743438720703,0,validation
4,le_3fc415,6.722317218780518,7.341694355010986,0,train
4,he_79241f,6.83351993560791,7.231518745422363,0,train
4,he_51d69d,7.592010498046875,7.878002166748047,0,validation
4,he_660f4d,7.24796724319458,7.1432342529296875,0,train
4,le_69cfdb,5.543698310852051,5.564502239227295,0,train
4,le_472126,8.212685585021973,7.062963008880615,0,train
4,le_4c7bcc,6.410460472106934,7.423398494720459,0,train
4,he_7d5015,8.205926895141602,9.054161071777344,0,validation
4,he_da468b,6.893636226654053,6.697388648986816,0,validation
4,le_a1bed9,7.969440937042236,7.101589679718018,0,train
4,he_b190e2,8.221808433532715,10.346916198730469,0,train
4,le_322936,6.283492565155029,5.702125549316406,0,train
4,le_39ed4e,5.619117259979248,5.756126403808594,0,train
4,he_139129,7.8674821853637695,7.657400608062744,0,train
4,he_4615cf,6.6731343269348145,7.593153476715088,0,validation
4,he_910819,6.481518268585205,6.225781440734863,0,validation
4,he_03ff44,6.792269229888916,6.470160007476807,0,validation
4,he_c5228c,7.674328804016113,6.891983985900879,0,train
4,le_510ee4,6.553640365600586,7.846490383148193,0,validation
4,le_01c1d1,7.114871025085449,8.136162757873535,0,train
4,he_be5e6c,6.988070964813232,6.9092254638671875,0,validation
4,he_035cdd,6.686657428741455,6.270084381103516,0,validation
4,le_83ec82,6.167006969451904,5.607448101043701,0,train
4,le_10bdc8,5.772944450378418,6.011322021484375,0,train
4,he_08841b,5.84398078918457,5.134112358093262,0,validation
4,le_1438c8,6.6201300621032715,6.31011438369751,0,train
4,le_28ff23,6.359034061431885,6.686331748962402,0,validation
4,le_26094c,7.7233099937438965,7.479231357574463,0,validation
4,he_5bb743,7.1990203857421875,7.050603866577148,0,train
4,le_400c54,6.255544185638428,5.323886394500732,0,train
4,le_044ad6,6.022953987121582,5.811438083648682,0,validation
4,le_63f66e,5.467797756195068,4.834811687469482,0,train
4,le_9f1d40,5.971682548522949,5.431047439575195,0,validation
4,le_59dd77,7.837777614593506,7.150932788848877,0,validation
4,he_05a66f,6.932673931121826,6.652776718139648,0,train
4,he_758929,6.354317665100098,6.595492362976074,0,validation
4,le_acce2f,6.082521915435791,5.665895462036133,0,validation
4,he_ab9692,6.631224632263184,6.228592872619629,0,train
4,he_b5456c,6.1925554275512695,5.570588111877441,0,validation
4,le_bc7d24,6.462950229644775,7.706861972808838,0,train
4,le_801110,6.121840476989746,5.438776016235352,0,train
4,le_eaae1c,6.814610481262207,6.546989440917969,0,validation
4,he_708f00,7.320423603057861,7.776190757751465,0,train
4,le_b43f6c,7.23253870010376,7.275762557983398,0,validation
4,le_590a7e,5.73433780670166,5.3986101150512695,0,validation
4,le_130ed1,5.89051628112793,5.604124546051025,0,train
4,he_f65738,8.419885635375977,10.032597541809082,0,train
4,he_a779a4,6.8153076171875,6.470207214355469,0,validation
4,he_13dd33,6.717205047607422,5.814633846282959,0,validation
4,le_9ab3c8,5.75886869430542,5.314480304718018,0,validation
4,he_37695e,4.58870792388916,5.287107944488525,0,validation
4,he_715e4a,6.531394958496094,6.078848838806152,0,validation
4,le_cf14b0,6.094120979309082,6.094120979309082,0,train
4,le_458c04,5.855740547180176,5.139973163604736,0,validation
4,le_321164,6.6219282150268555,7.154056549072266,0,train
4,he_69af03,6.70535135269165,6.299162864685059,0,train
4,he_3179bb,7.135960578918457,5.845908164978027,0,train
4,le_1a2bdc,6.782296657562256,7.7899603843688965,0,train
4,le_6d4621,6.104635238647461,5.941725730895996,0,validation
4,le_f6fa0e,7.057212829589844,6.106054306030273,0,validation
4,le_8ee86d,6.717414379119873,6.308286666870117,0,validation
4,he_6fcaa9,6.701347827911377,6.292936325073242,0,validation
4,le_c1040c,8.699432373046875,8.23244571685791,0,validation
4,he_4cb4e1,6.945895195007324,6.673343658447266,0,validation
4,le_bc95e6,7.083021640777588,7.094710826873779,0,validation
4,le_a07c3a,7.3347249031066895,7.607415199279785,0,validation
4,he_83c6f7,7.663527488708496,7.805427551269531,0,train
4,le_49d277,6.902664661407471,5.91098690032959,0,validation
4,le_87d2fd,6.295198917388916,5.641172409057617,0,train
4,le_ba271f,7.007558345794678,6.546383380889893,0,validation
4,le_1a29b0,6.4924774169921875,6.229280471801758,0,train
4,he_279227,7.973277568817139,8.797966003417969,0,validation
4,le_05a5f2,5.982199192047119,5.548834800720215,0,validation
4,le_ac3893,6.374582290649414,5.517096996307373,0,validation
4,he_d65115,7.981204032897949,9.406856536865234,0,validation
4,le_fa9cc3,7.655755519866943,7.942668437957764,0,validation
4,le_b0fdf1,6.422255992889404,6.157900333404541,0,validation
4,le_5a52c0,6.83050537109375,8.507453918457031,0,validation
4,he_d1f643,7.0184326171875,5.6753106117248535,0,validation
4,le_d20bd3,7.495389461517334,6.67216157913208,0,train
4,he_992e41,6.692417621612549,6.122884273529053,0,train
4,le_cc6043,5.661982536315918,4.971547603607178,0,validation
4,he_c8b376,6.649423599243164,6.275782108306885,0,train
4,le_d21039,7.838984966278076,6.850496768951416,0,validation
4,le_5b5cf8,6.30235481262207,5.934464931488037,0,train
4,he_56e7b9,7.149763107299805,5.916893005371094,0,train
4,le_4229e2,6.483639717102051,6.562017917633057,0,validation
4,le_1a2492,7.182103633880615,8.188702583312988,0,validation
4,he_deb7c1,6.64567232131958,7.923725128173828,0,validation
4,le_4f31ff,7.599999904632568,7.681158542633057,0,validation
4,he_221288,7.796370983123779,9.664200782775879,0,validation
4,le_7b2aea,7.800259590148926,8.784525871276855,0,train
4,le_8045b0,6.874788284301758,6.228668212890625,0,train
4,he_537134,6.919813632965088,6.632771968841553,0,validation
4,he_2fe81b,6.433251857757568,5.878964900970459,0,validation
4,he_a962bf,7.539447784423828,7.735594749450684,0,validation
4,le_50582c,6.938459396362305,5.6312079429626465,0,validation
4,he_f55329,6.310622692108154,5.747689247131348,0,validation
4,he_43d1e1,7.328556537628174,8.092459678649902,0,validation
4,he_4ec47d,6.6620402336120605,6.103537559509277,0,validation
4,le_f28e73,7.22314977645874,6.553615093231201,0,validation
4,le_37a2d1,7.0313544273376465,7.052709579467773,0,train
4,he_c20788,6.781323432922363,6.417344570159912,0,validation
4,le_764df2,6.860252380371094,7.094936370849609,0,validation
4,he_c6590f,6.036777019500732,5.336920738220215,0,train
4,he_60ed0a,5.7011189460754395,4.990879535675049,0,validation
4,he_5df55a,8.875579833984375,11.339325904846191,0,validation
4,he_734cd1,5.878175735473633,5.771143913269043,0,train
4,le_de6e1e,5.585063457489014,5.916266918182373,0,validation
4,le_b4482a,6.4287519454956055,5.799186706542969,0,validation
4,he_57a478,7.100384712219238,6.913660049438477,0,validation
4,le_0af460,6.5334882736206055,6.401920318603516,0,validation
4,le_f0d06e,8.96212100982666,7.728501796722412,0,train
4,le_1c128f,8.009002685546875,7.540428638458252,0,train
4,le_a85ddb,7.087835311889648,6.449402809143066,0,validation
4,he_85af94,6.673934459686279,6.250293254852295,0,train
4,he_63befa,5.9586920738220215,5.300965785980225,0,validation
4,he_652056,7.97772216796875,9.097587585449219,0,validation
4,he_0d36d6,6.8083271980285645,6.459348678588867,0,train
4,le_e0fa5c,6.414292812347412,5.5519328117370605,0,validation
4,he_48966d,7.546583652496338,7.798369407653809,0,train
4,le_4d537b,5.691666126251221,5.312568187713623,0,validation
4,le_9d8415,5.950983047485352,5.25551176071167,0,validation
4,he_487634,8.43317699432373,9.108808517456055,0,train
4,le_5ca495,7.261552333831787,6.894881725311279,0,train
4,he_3caee5,7.832120895385742,9.14948558807373,0,train
4,le_a61898,7.888620853424072,7.4823760986328125,0,validation
4,he_6effe8,6.797922134399414,6.467718601226807,0,validation
4,le_01c9ec,7.106051445007324,6.588727951049805,0,train
4,le_b8397b,6.215271949768066,5.881513595581055,0,train
4,he_94fd55,7.414486885070801,7.400736331939697,0,validation
4,le_01f7f4,7.81134033203125,7.604923725128174,0,validation
4,le_3730f0,7.737824440002441,7.367376327514648,0,train
4,le_d66bd6,7.80830192565918,8.126220703125,0,train
4,le_4356f8,7.835644245147705,7.1313323974609375,0,validation
4,le_0155ee,5.986505031585693,8.877486228942871,0,validation
4,he_380d40,7.39216423034668,7.364461898803711,0,train
4,le_1bd9fa,6.44603967666626,6.228137016296387,0,train
4,he_195589,6.856427192687988,6.534170627593994,0,validation
4,le_4f6999,7.822037220001221,7.869459629058838,0,train
4,he_d5d6ab,7.270981788635254,7.167539596557617,0,train
4,he_c90fcd,6.815118312835693,6.645669460296631,0,validation
4,le_3ccf61,7.6056694984436035,8.037723541259766,0,validation
4,le_b9c5c4,7.784402847290039,7.605187892913818,0,train
4,le_a6ce35,7.842779636383057,7.787349700927734,0,train
4,le_12c34b,6.062742233276367,5.339484691619873,0,validation
4,le_7c71da,5.965996265411377,5.215704441070557,0,validation
4,he_dbbed2,7.204390525817871,7.075446605682373,0,train
4,he_fcf200,6.515013694763184,6.054276466369629,0,validation
4,le_84b6bb,6.59918212890625,6.073665142059326,0,train
4,he_1f22c4,7.12293004989624,7.4329681396484375,0,train
4,le_a9f11f,8.096257209777832,6.8099045753479,0,validation
4,le_1911ce,8.702999114990234,9.8550386428833,0,validation
4,he_0d9235,7.014489650726318,8.517182350158691,0,validation
4,le_83decd,8.316462516784668,9.622764587402344,0,validation
4,he_412004,7.6705851554870605,7.816895008087158,0,validation
4,he_9910b5,7.025393486022949,6.797008991241455,0,train
4,he_98349a,6.530992031097412,6.3745574951171875,0,validation
4,le_404d16,6.86978816986084,6.268457889556885,0,train
4,le_00eeb2,7.564692974090576,8.77982234954834,0,train
4,le_1ccf16,7.250357627868652,8.059075355529785,0,validation
4,le_7261d3,5.621347904205322,5.005988597869873,0,train
4,le_45d4cb,5.873537063598633,5.42917013168335,0,validation
4,le_694adb,7.011975288391113,6.779989719390869,0,train
4,le_70cf78,8.738005638122559,8.143183708190918,0,validation
4,he_e97c8c,6.815992832183838,6.505745887756348,0,train
4,he_0a5ec7,6.62205696105957,6.214840888977051,0,train
4,he_40a91b,7.442526817321777,6.732605934143066,0,validation
4,he_cdc607,6.859182357788086,6.119328022003174,0,train
4,he_89ad62,7.102798938751221,7.627620697021484,0,train
4,le_8deff5,6.59917688369751,6.672343730926514,0,validation
4,he_e1a03a,5.8975419998168945,5.487798690795898,0,validation
4,le_52447f,7.3254218101501465,6.73988151550293,0,validation
4,he_fb1124,8.534289360046387,11.385127067565918,0,train
4,le_523a81,5.654590606689453,5.317516326904297,0,validation
4,he_5608ba,6.7186737060546875,6.24082088470459,0,train
4,le_8198ec,9.107895851135254,7.853385925292969,0,train
4,he_d85c04,7.296299457550049,7.208681583404541,0,validation
4,he_403257,8.038384437561035,8.144777297973633,0,train
4,le_e568c3,6.337967872619629,5.957130432128906,0,train
4,he_86eeae,5.053476810455322,5.6734700202941895,0,validation
4,le_dfd822,8.360329627990723,10.144024848937988,0,train
4,le_c50a04,5.899589538574219,7.450933456420898,0,train
4,le_8de934,6.417751312255859,7.075598239898682,0,train
4,he_47238e,6.709352970123291,6.305389404296875,0,validation
4,he_d6039a,6.0719523429870605,7.047361850738525,0,validation
4,le_29fc1c,9.05146598815918,8.553654670715332,0,validation
4,he_076917,6.105034351348877,5.296951770782471,0,validation
4,le_91c567,6.052452087402344,5.763364791870117,0,validation
4,le_f58d84,6.731179237365723,6.279905796051025,0,validation
4,he_f0d231,6.379800319671631,5.925902843475342,0,validation
4,le_7427b9,6.143332481384277,6.543095588684082,0,validation
4,le_7716d1,8.266782760620117,9.278060913085938,0,validation
4,he_0db92b,6.451364517211914,5.958801746368408,0,train
4,le_6975d5,7.432338714599609,7.28652811050415,0,train
4,he_4f7ff0,6.977956771850586,8.183185577392578,0,validation
4,he_e7fbc9,8.065071105957031,7.795486927032471,0,train
4,he_6c7977,7.498514175415039,7.537281036376953,0,validation
4,le_83615b,8.730874061584473,9.015742301940918,0,train
4,le_e50e4d,6.39700174331665,5.648096084594727,0,train
4,he_feda4e,7.5033183097839355,8.820889472961426,0,validation
4,he_056a76,9.249226570129395,10.597211837768555,0,train
4,le_a0c615,6.738561153411865,6.592472076416016,0,train
4,he_25e97e,7.733503341674805,7.919136047363281,0,train
4,he_b85d24,7.999151229858398,8.967350006103516,0,validation
4,le_c470c6,7.623560905456543,7.918127059936523,0,validation
4,he_e554b0,6.845651149749756,6.5174078941345215,0,train
4,le_a8ce41,5.851995944976807,7.577006816864014,0,train
4,le_56f182,5.914089679718018,6.645778179168701,0,train
4,le_5ff624,8.248212814331055,8.151466369628906,0,validation
4,le_c3a6f8,6.8295512199401855,6.186485290527344,0,validation
4,le_2f43e7,7.660971164703369,8.480264663696289,0,train
4,le_0bda07,6.93690824508667,7.135247707366943,0,validation
4,le_f39982,5.823697090148926,5.4060468673706055,0,train
4,he_0fab59,6.360587120056152,5.822636127471924,0,validation
4,le_a1c863,6.540074825286865,6.056304454803467,0,train
4,he_512e0a,7.946741104125977,8.337786674499512,0,train
4,le_2ba026,6.7129082679748535,6.5958356857299805,0,train
4,he_2044e1,7.376833915710449,6.5133256912231445,0,validation
4,he_552813,7.140003681182861,6.791088104248047,0,train
4,he_caef9f,5.856980323791504,5.153019905090332,0,train
4,he_bf08f5,7.535809516906738,8.327289581298828,0,validation
4,he_959231,7.026302337646484,6.868086338043213,0,validation
4,le_2c1c76,6.078878879547119,5.753390789031982,0,train
4,he_b63add,7.062880992889404,6.855321407318115,0,train
4,he_a2b8a1,7.339757919311523,7.279302597045898,0,validation
4,le_8578d9,8.381603240966797,7.907078742980957,0,train
4,le_b41a4d,6.7889323234558105,6.907646179199219,0,validation
4,le_80446d,7.113714694976807,5.94841194152832,0,train
4,le_e8dc06,6.053690433502197,5.727270603179932,0,train
4,le_226bc8,6.840856552124023,6.7333903312683105,0,train
4,le_fa7d2c,5.810225009918213,5.304147720336914,0,validation
4,he_063fc0,7.249475955963135,6.154900074005127,0,train
4,he_affe4b,6.873806953430176,6.561205863952637,0,validation
4,le_55232c,7.920687675476074,7.4322309494018555,0,validation
4,he_01cfbe,7.630740642547607,7.75214958190918,0,validation
4,le_6cbd20,8.798022270202637,9.7433443069458,0,validation
4,he_4fd2c6,6.41242790222168,5.900397300720215,0,validation
4,le_d07324,6.855066776275635,5.741508960723877,0,validation
4,he_149c5b,6.974192142486572,6.717360496520996,0,train
4,he_7b0696,6.707208156585693,6.3020524978637695,0,train
4,le_5ff0f8,6.427146911621094,7.024368762969971,0,validation
4,he_bfbfe0,6.210651874542236,5.597733497619629,0,validation
4,le_2c1fd3,5.6181840896606445,6.256638050079346,0,train
4,he_113880,7.0787248611450195,6.910111904144287,0,train
4,he_43444c,6.200145244598389,5.581973552703857,0,train
4,he_63e860,8.60037612915039,12.887677192687988,0,train
4,he_30ba2d,6.563514232635498,6.127027988433838,0,validation
4,he_b516c8,6.844850063323975,6.51616096496582,0,validation
4,he_061e2c,7.439955234527588,7.442431926727295,0,train
4,le_430535,7.01337194442749,7.263103485107422,0,validation
4,le_2ce311,7.2276201248168945,6.799161434173584,0,validation
4,le_9a7a59,6.728097438812256,6.585803508758545,0,train
4,le_54d379,6.609620094299316,5.67626953125,0,train
4,le_52b809,7.749969005584717,8.566670417785645,0,train
4,le_f66fec,6.123632431030273,5.779043197631836,0,train
4,he_d9b3a0,6.4494242668151855,5.955893039703369,0,validation
4,le_2e65e7,6.081777095794678,6.886902332305908,0,validation
4,le_eb89a4,7.373050689697266,6.988993167877197,0,validation
4,he_a7bf3c,6.890484809875488,6.549232482910156,0,validation
4,le_275fa9,7.893648624420166,8.441887855529785,0,train
4,he_16c2e2,6.489604473114014,6.016162395477295,0,train
4,le_763996,7.6197052001953125,6.062679290771484,0,validation
4,le_c9ff75,7.8360443115234375,7.286277770996094,0,validation
4,le_eb4323,7.002373218536377,6.138943672180176,0,validation
4,he_0935e0,6.926737308502197,6.205592632293701,0,validation
4,le_28d5fc,7.339004039764404,5.821451187133789,0,train
4,le_f85aef,6.76728630065918,6.259389877319336,0,train
4,he_8743aa,7.4265313148498535,7.4203081130981445,0,validation
4,he_77325b,6.928976535797119,6.647024154663086,0,train
4,le_194430,7.0909223556518555,6.562426567077637,0,train
4,he_0d978a,7.012092590332031,6.776317596435547,0,validation
4,he_d5d228,7.161196708679199,7.609835147857666,0,train
4,he_703227,6.588106632232666,5.800753116607666,0,validation
4,he_01e8ed,6.403192520141602,5.886544227600098,0,train
4,he_5785c0,6.597958087921143,6.17869234085083,0,validation
4,le_e7ceaf,7.339810848236084,6.971290588378906,0,validation
4,he_11ed24,6.155458450317383,5.5149431228637695,0,validation
4,he_f65f6e,6.491782188415527,5.682912826538086,0,validation
4,he_726d3f,6.664753437042236,6.278885841369629,0,validation
4,le_dd8888,6.211071491241455,5.420220375061035,0,train
4,le_d042c2,6.914800643920898,6.418890953063965,0,train
4,le_39c6ce,6.898721694946289,6.660322189331055,0,validation
4,he_ab7281,6.848256587982178,6.521462917327881,0,train
4,he_019042,6.717461109161377,5.9825825691223145,0,validation
4,le_d52c87,6.934378147125244,6.623485088348389,0,validation
4,he_112f6d,6.528025150299072,6.073794364929199,0,validation
4,le_4528f1,8.254077911376953,6.679586887359619,0,train
4,he_711892,6.4615397453308105,7.40457010269165,0,validation
4,le_34558e,5.599716663360596,4.810605049133301,0,train
4,he_8066c3,7.428852558135986,7.424079895019531,0,train
4,he_fe4ada,7.319725036621094,8.28291130065918,0,validation
4,le_58b819,8.916706085205078,8.58382511138916,0,train
4,he_eae292,7.371309757232666,7.335100173950195,0,validation
4,he_14019f,6.436216831207275,7.008212089538574,0,validation
4,he_673c7e,6.820595741271973,6.512648582458496,0,train
4,he_d5db57,7.085275173187256,6.602596282958984,0,validation
4,le_7badf8,6.749872207641602,5.975789546966553,0,validation
4,le_912a2a,7.4951300621032715,7.727409839630127,0,train
4,he_95ee8c,7.1571269035339355,7.001925945281982,0,validation
4,le_8761f6,7.123722076416016,6.361522197723389,0,validation
4,le_5d7507,7.158950328826904,7.613288402557373,0,train
4,le_5863fc,6.803884983062744,6.69266939163208,0,validation
4,he_853422,6.935383319854736,6.656991958618164,0,validation
4,he_4e43b9,7.590298652648926,6.860342502593994,0,train
4,he_a39ebf,6.898571968078613,8.5985107421875,0,validation
4,le_80e3b0,5.772983551025391,5.689173221588135,0,train
4,le_e11ea9,6.573070049285889,6.0359039306640625,0,validation
4,he_e69885,6.329690933227539,5.776291847229004,0,train
4,le_5d62d2,6.060449600219727,5.436775207519531,0,train
4,le_a8ce3a,7.525317668914795,7.378715515136719,0,validation
4,he_477534,6.852273941040039,7.389045715332031,0,train
4,he_4528d8,7.459155082702637,6.79498291015625,0,validation
4,le_315c9d,6.017914295196533,5.805445671081543,0,train
4,he_9c907a,7.812745094299316,9.10167407989502,0,train
4,he_bc8ef0,6.318721294403076,5.759838104248047,0,validation
4,le_ff4463,7.206132411956787,7.195791721343994,0,train
4,he_b63a86,6.909126281738281,8.356468200683594,0,validation
4,le_6fe94c,5.7313361167907715,5.848350524902344,0,train
4,le_b554e0,6.355015754699707,5.615327835083008,0,validation
4,he_905478,6.3338303565979,5.61535120010376,0,validation
4,le_ae27bc,6.254883766174316,5.7804436683654785,0,validation
4,le_86dde0,6.7613067626953125,6.593237400054932,0,validation
4,le_3235a7,6.003662109375,5.773103713989258,0,train
4,le_560bc5,7.486180782318115,7.91592264175415,0,validation
4,le_b2d8a4,6.782946586608887,6.615843772888184,0,train
4,he_57b66a,7.31654167175293,8.647592544555664,0,train
4,he_8b6e8a,6.690713405609131,6.276395320892334,0,train
4,he_0ad37b,7.328925609588623,7.269168376922607,0,validation
4,he_1f1796,7.072443962097168,6.8701982498168945,0,validation
4,he_c788c4,6.3501482009887695,9.99392032623291,0,train
4,le_3e0c8b,6.21190071105957,5.781398773193359,0,validation
4,le_ad29d4,8.187236785888672,8.476263046264648,0,validation
4,he_9ead18,6.6682963371276855,7.071396827697754,0,train
4,le_a9c8e7,6.657659530639648,8.395686149597168,0,train
4,he_fa775e,8.355198860168457,11.376397132873535,0,train
4,he_6eb3b7,5.720682144165039,5.873892784118652,0,train
4,le_b68792,7.243167877197266,7.101365089416504,0,train
4,le_7491ba,6.5477423667907715,6.006023406982422,0,train
4,le_155906,7.893180847167969,8.425121307373047,0,validation
4,le_71250d,8.647449493408203,6.706092834472656,0,train
4,he_945b84,5.918796062469482,5.242934226989746,0,validation
4,le_767019,8.12569522857666,8.016341209411621,0,validation
4,le_bea3b5,6.356333255767822,6.170596599578857,0,validation
4,le_1a7ab7,5.409248352050781,6.388666152954102,0,train
4,he_0445e3,6.940469741821289,6.878157138824463,0,validation
4,he_ebb18a,6.424394607543945,5.404926300048828,0,train
4,he_04607e,6.363738059997559,5.8273606300354,0,train
4,le_8dffb2,6.532324314117432,6.021571159362793,0,validation
4,he_bf7958,6.922783374786377,6.044379234313965,0,validation
4,he_865b01,6.711361408233643,6.308513164520264,0,validation
4,he_5422d6,6.62472677230835,6.173748970031738,0,validation
4,le_1b77f0,5.773542404174805,6.123994827270508,0,validation
4,he_061f19,6.468160152435303,5.84223747253418,0,train
4,le_ab66f0,5.901699542999268,5.553664684295654,0,train
4,le_33de79,7.566947937011719,8.716238021850586,0,validation
4,he_4d16d8,7.848330020904541,8.451715469360352,0,train
4,he_7141aa,5.889919757843018,5.433391571044922,0,validation
4,le_b7b78e,6.115029811859131,5.962737560272217,0,train
4,le_341408,5.923810958862305,7.488833427429199,0,validation
4,he_e7f057,5.666993141174316,4.94253396987915,0,validation
4,le_c975ec,6.455929756164551,5.9211039543151855,0,train
4,he_b9dc56,6.266301155090332,5.681206703186035,0,validation
4,he_b9ba5e,7.439505100250244,8.194774627685547,0,train
4,le_3ef247,8.497307777404785,9.062712669372559,0,validation
4,le_945414,6.465574741363525,7.087116241455078,0,train
4,le_73a0f6,5.986445426940918,5.278094291687012,0,validation
4,le_f790ca,6.140718936920166,5.527687072753906,0,train
4,le_3c1dbd,8.944612503051758,8.063033103942871,0,train
4,he_ac375a,7.571981430053711,8.222729682922363,0,validation
4,he_d0547e,7.671554088592529,7.341311454772949,0,train
4,le_0e80d9,5.96198034286499,5.898124694824219,0,train
4,he_9a731c,6.6238789558410645,6.667632102966309,0,validation
4,he_442910,6.295185565948486,6.529566287994385,0,validation
4,le_ae71bb,6.791187763214111,6.325059413909912,0,validation
4,he_0c8461,8.151117324829102,9.96223258972168,0,validation
4,le_36906d,7.656452178955078,7.2076263427734375,0,validation
4,he_c72991,7.313580513000488,7.245299339294434,0,train
4,le_698ed0,7.130774021148682,5.669850826263428,0,train
4,le_2f8b4e,6.224040985107422,6.2328410148620605,0,validation
4,le_096a5a,6.405435085296631,5.472874641418457,0,train
4,he_b62509,6.385883808135986,5.802214622497559,0,validation
4,le_ad984a,8.435542106628418,7.197333812713623,0,train
4,he_2aef37,6.696910381317139,6.866992950439453,0,validation
4,le_4e404a,5.777505874633789,5.372066020965576,0,train
4,he_8f57fb,7.104618549346924,6.9202470779418945,0,train
4,he_10c218,6.522263526916504,6.899064540863037,0,train
4,he_a7eb16,7.010817050933838,6.774333953857422,0,train
4,le_157346,6.478207588195801,6.374948978424072,0,train
4,he_4c56d3,7.489331245422363,7.522357940673828,0,validation
4,le_875512,6.183372497558594,5.81059455871582,0,validation
4,le_f593c2,5.911898612976074,5.883368492126465,0,train
4,le_43f436,7.322442531585693,7.920773983001709,0,train
4,he_fa6948,6.780977725982666,7.640720367431641,0,validation
4,he_cc58af,6.65074348449707,6.783653259277344,0,train
4,le_9aabb9,6.904531478881836,6.843283653259277,0,train
4,he_256c48,6.884387016296387,6.577662467956543,0,validation
4,he_301a3e,7.810075759887695,8.043566703796387,0,train
4,he_bda96d,6.959826946258545,6.991323947906494,0,validation
4,le_d031d2,6.335951328277588,6.59914493560791,0,train
4,he_935b9f,7.630925178527832,7.226161956787109,0,train
4,he_f51b67,5.7545671463012695,5.004055500030518,0,train
4,le_1223ad,5.622122287750244,5.18317174911499,0,validation
4,le_59e8c6,7.458255767822266,7.308560848236084,0,train
4,he_fd9c4c,7.765919208526611,7.971814155578613,0,train
4,he_4e95fa,8.150923728942871,9.67141056060791,0,train
4,he_5863f3,7.041130542755127,7.004620552062988,0,train
4,le_327267,6.267806053161621,5.86507511138916,0,validation
4,le_d61b54,8.567513465881348,7.8307061195373535,0,validation
4,he_69475d,7.149059772491455,6.96941614151001,0,validation
4,he_f152e5,6.53574275970459,6.085370063781738,0,train
4,le_5704eb,7.997457027435303,7.107458114624023,0,validation
4,le_c5b6c0,7.2110514640808105,6.9418535232543945,0,validation
4,he_90123f,8.07767105102539,8.140209197998047,0,train
4,he_0bee72,7.258322238922119,7.15933895111084,0,validation
4,he_68742b,7.326290130615234,7.265069007873535,0,validation
4,he_b7e84d,6.361056327819824,5.8233418464660645,0,validation
4,he_765035,7.0974907875061035,7.071323394775391,0,train
4,le_e7dcfd,6.046670913696289,6.139841079711914,0,validation
4,he_a9942d,7.327427387237549,7.584837913513184,0,validation
4,he_d1ef4d,6.853142261505127,6.51239538192749,0,validation
4,le_f9fcdf,6.448060989379883,6.383274555206299,0,validation
4,he_b2fbe6,7.764394760131836,7.96933650970459,0,train
4,le_338fc2,6.463875770568848,5.816958427429199,0,validation
4,he_51a0c7,6.522432327270508,6.032266139984131,0,validation
4,le_77f475,7.419388771057129,8.153884887695312,0,validation
4,le_0e684b,8.242423057556152,8.3204984664917,0,validation
4,he_19058d,5.538022994995117,4.759827136993408,0,train
4,he_b5f00f,5.4036865234375,4.569517612457275,0,train
4,he_1ef995,7.606297016143799,7.172706604003906,0,train
4,he_844d39,6.429929256439209,5.870729923248291,0,train
4,he_ae8e9c,6.911810398101807,5.962843894958496,0,train
4,le_6035f7,6.0426459312438965,5.722811698913574,0,train
4,he_0a3039,6.067215442657471,7.390713691711426,0,train
4,le_550d25,6.4380269050598145,6.813423156738281,0,validation
4,le_ec27a1,6.733483791351318,6.054476737976074,0,validation
4,he_f77454,7.2620697021484375,6.724146842956543,0,validation
4,le_d7795e,6.305130958557129,6.453129291534424,0,train
4,le_1c7c91,6.3275370597839355,6.222528457641602,0,validation
4,he_8a99f7,7.898754119873047,8.609273910522461,0,train
4,le_d1964b,7.250339031219482,8.014348030090332,0,validation
4,he_2dc55e,6.743078708648682,7.267405033111572,0,train
4,le_8cccbf,7.183760166168213,7.823477268218994,0,validation
4,le_25d7bf,6.555729866027832,6.377038478851318,0,train
4,le_d83883,7.427358150482178,7.788520812988281,0,validation
4,he_5893a2,7.034633159637451,7.526452541351318,0,train
4,he_5b4ec1,7.635923385620117,7.778377532958984,0,train
4,le_adb773,7.145992279052734,6.633543491363525,0,validation
4,he_d66410,7.177156448364258,7.642540454864502,0,validation
4,he_d91d52,8.128257751464844,9.996831893920898,0,train
4,le_497c69,6.534617900848389,7.080380916595459,0,validation
4,he_b70236,6.575725078582764,6.145343780517578,0,train
4,le_ecfb48,6.694393157958984,6.453780651092529,0,train
4,he_4caf0f,6.952144622802734,8.219383239746094,0,train
4,he_f7f5b8,7.047975063323975,6.83213472366333,0,train
4,he_8b8e73,6.257097244262695,5.667403221130371,0,validation
4,he_df76e7,5.761264324188232,5.013795375823975,0,train
4,le_384eec,6.454338550567627,5.481919288635254,0,train
4,he_6a3ff1,6.039536952972412,5.418557643890381,0,train
4,le_af2269,6.97510290145874,6.875679016113281,0,validation
4,he_91e872,6.280969619750977,5.703209400177002,0,train
4,he_92a1d4,5.881543159484863,5.188748359680176,0,train
4,le_58503c,6.267176151275635,5.3720574378967285,0,validation
4,le_9827be,6.291548252105713,6.365830421447754,0,validation
4,he_0a2e7a,5.927298545837402,5.172703742980957,0,train
4,le_536ce6,5.8837056159973145,5.557831287384033,0,validation
4,le_c47bf3,6.239529609680176,6.024939060211182,0,train
4,le_23d7e6,5.937516689300537,5.217345237731934,0,train
4,he_aea985,6.893357753753662,8.240368843078613,0,train
4,he_610a6b,6.460046768188477,5.971826553344727,0,train
4,le_0b5c71,7.2748260498046875,6.671926498413086,0,train
4,le_8e17a1,6.369589805603027,6.109335899353027,0,train
4,he_e97a85,6.560391426086426,6.129580020904541,0,train
4,he_baf440,7.309362888336182,6.232283115386963,0,validation
4,he_41f4cd,5.960281848907471,5.303277969360352,0,validation
4,he_5cb9a5,7.047308444976807,6.756066799163818,0,train
4,le_59e850,6.097057342529297,5.7500433921813965,0,train
4,le_130466,7.556502342224121,7.425565719604492,0,train
4,le_ae10ae,6.651078701019287,5.932096481323242,0,train
4,le_b57fb4,5.649497032165527,4.896798133850098,0,validation
4,he_122fc1,7.274035930633545,7.1725029945373535,0,validation
4,he_def558,7.512963771820068,7.7345099449157715,0,train
4,he_88eef7,7.076572418212891,9.173707008361816,0,train
4,le_56db27,7.3793625831604,6.712325096130371,0,train
4,le_b72c01,7.075648784637451,7.61926794052124,0,train
4,he_e7e54d,7.997018337249756,8.917186737060547,0,train
4,he_666efe,8.038311004638672,8.414449691772461,0,train
4,le_5f218d,6.037866115570068,5.680596828460693,0,validation
4,le_31327c,7.143255233764648,7.221431732177734,0,validation
4,le_cae6e7,6.667119026184082,6.046967506408691,0,validation
4,he_fdfcef,7.824265480041504,8.066629409790039,0,train
4,le_53b2fd,6.068637847900391,5.813300132751465,0,train
4,le_72261f,7.6997222900390625,5.529556751251221,0,train
4,le_fc3d57,7.215120792388916,7.670356750488281,0,train
4,le_230abf,7.595824241638184,7.069116115570068,0,validation
4,le_41a3a0,6.5815958976745605,6.49636173248291,0,validation
4,he_7a5e63,6.800609111785889,6.447343349456787,0,train
4,le_dfd3b4,7.675998687744141,7.858924865722656,0,validation
4,le_a2fcff,6.875290870666504,6.289108753204346,0,validation
4,le_109683,7.5171895027160645,7.120448112487793,0,validation
4,he_7057f3,6.798328399658203,5.491725921630859,0,validation
4,he_558615,7.003667831420898,7.814206123352051,0,train
4,le_e7fc9f,6.6771135330200195,6.476737976074219,0,train
4,le_ac7cf7,6.295429706573486,6.017685413360596,0,validation
4,he_9eff37,7.330463886260986,7.271561622619629,0,validation
4,le_d44ccb,6.470080375671387,5.2831220626831055,0,validation
4,le_d60087,5.274936199188232,5.255582332611084,0,train
4,le_9c6ba0,6.0655083656311035,7.2061591148376465,0,validation
4,he_97db03,8.671220779418945,9.396566390991211,0,train
4,le_ff1ebb,7.276623249053955,7.276623249053955,0,validation
4,le_e9f735,7.3057475090026855,7.6964874267578125,0,train
4,he_e6d7a6,7.8088836669921875,8.041629791259766,0,validation
4,he_97c074,7.6980180740356445,8.570154190063477,0,validation
4,le_d969e0,6.344860076904297,6.208014488220215,0,train
4,he_bbc8b7,8.307720184326172,9.1455717086792,0,validation
4,le_1aa1fb,5.9595112800598145,5.0671210289001465,0,validation
4,le_1c3df3,6.904874324798584,7.169171333312988,0,validation
4,le_b7d8a6,7.0707292556762695,6.609808444976807,0,validation
4,he_9b050e,6.481078624725342,6.0033745765686035,0,validation
4,le_d52c28,6.319425582885742,5.276192665100098,0,validation
4,he_3f7fe7,7.134605884552002,7.0094757080078125,0,validation
4,he_b3e123,6.664693355560303,6.235918998718262,0,validation
4,le_1674c0,5.776976585388184,5.215423107147217,0,train
4,le_78f0ed,5.518077850341797,5.383727550506592,0,train
4,he_533155,7.175869464874268,7.0310797691345215,0,validation
4,he_d80706,7.9276275634765625,9.807435989379883,0,train
4,le_ff18cf,6.5706682205200195,5.905462265014648,0,validation
4,le_8a6f35,7.288730621337891,7.764440059661865,0,validation
4,he_2edc16,6.466533184051514,5.927669048309326,0,validation
4,he_4ff1c4,6.85479211807251,8.51659870147705,0,validation
4,he_4f9390,7.432037830352783,7.8278021812438965,0,validation
4,le_185d39,8.295098304748535,6.869407653808594,0,train
4,le_9b9745,7.532107353210449,7.194937705993652,0,validation
4,le_91f758,6.439218997955322,5.579232215881348,0,train
4,le_a8ed34,7.437619686126709,7.258110046386719,0,train
4,he_661ccf,7.268181800842285,6.857199192047119,0,train
4,he_37489d,6.743290424346924,7.985800743103027,0,train
4,he_7c68af,8.305585861206055,9.330324172973633,0,train
4,le_838987,5.864781856536865,5.6311564445495605,0,train
4,le_f50d64,6.5266008377075195,7.675134181976318,0,validation
4,le_417bec,7.799170970916748,7.722419738769531,0,validation
4,le_a6260b,6.135753154754639,5.50602912902832,0,train
4,he_51332a,7.220325946807861,6.7147393226623535,0,validation
4,he_1ef686,7.061616897583008,6.974501609802246,0,train
4,le_4b0989,6.072667121887207,5.6011962890625,0,train
4,le_19c9ac,5.547766208648682,6.926989555358887,0,train
4,he_d79548,6.207766532897949,5.593405723571777,0,validation
4,le_6d15c9,7.911384582519531,7.0333991050720215,0,validation
4,le_5b740a,6.386440277099609,5.733887195587158,0,train
4,le_edf950,6.138027191162109,5.461146831512451,0,train
4,he_847dab,6.645058631896973,7.455145835876465,0,train
4,he_a64661,6.832500457763672,6.496952056884766,0,train
4,he_cdf3a4,7.711270332336426,7.6598968505859375,0,train
4,he_cabb3d,6.515684127807617,6.055281639099121,0,validation
4,he_e07220,6.137444972991943,5.487923622131348,0,validation
4,le_57ec9b,8.121932029724121,7.606043338775635,0,train
4,he_7556fc,6.660825252532959,6.272993564605713,0,train
4,le_9468b1,8.983041763305664,9.42483139038086,0,validation
4,le_2af127,6.63730001449585,6.574306964874268,0,validation
4,he_9c8a78,5.748171329498291,4.994752883911133,0,train
4,he_2519ee,7.452121734619141,8.361688613891602,0,train
4,he_f84b71,6.844986438751221,6.516374588012695,0,train
4,le_98b680,6.540775775909424,5.747032165527344,0,train
4,le_4afc4d,8.870438575744629,8.014355659484863,0,train
4,le_d96176,7.6114702224731445,8.36888599395752,0,validation
4,he_859e26,6.528085708618164,7.090868949890137,0,train
4,he_bddd26,6.303311824798584,5.736722469329834,0,train
4,he_f07086,6.557231903076172,7.134737968444824,0,train
4,he_ffbc40,5.883087158203125,5.1909942626953125,0,train
4,le_a80334,7.213719844818115,6.819061279296875,0,train
4,le_1b5d46,7.526484966278076,7.287041664123535,0,validation
4,le_f7b80b,5.840188980102539,5.084714889526367,0,validation
4,le_ceeb48,6.58380126953125,5.534066200256348,0,train
4,he_e187a0,6.1004862785339355,4.916347503662109,0,train
4,le_5f97fa,7.5273613929748535,7.120511531829834,0,train
5,le_d069d3,6.574926376342773,6.6744232177734375,0,validation
5,he_47c12f,7.15895938873291,6.996427536010742,0,validation
5,le_64d75a,5.64417028427124,5.584433555603027,0,train
5,le_259d3e,7.499520301818848,7.8945465087890625,0,validation
5,he_31fd02,7.306646347045898,6.54227352142334,0,train
5,he_cb7e90,7.76767110824585,10.111105918884277,0,train
5,he_79e9b7,7.537364482879639,9.022300720214844,0,validation
5,he_eb9923,6.366367816925049,6.562365531921387,0,validation
5,he_fb3ae1,6.429705619812012,5.918798923492432,0,validation
5,he_e12d52,8.095251083374023,8.885108947753906,0,validation
5,le_bf9a36,8.483816146850586,8.158869743347168,0,train
5,he_4a04a2,7.422769546508789,8.004505157470703,0,validation
5,le_b2752d,7.597658157348633,6.827889442443848,0,train
5,le_7aa426,6.921899795532227,8.039434432983398,0,train
5,le_98d6b3,6.778077602386475,6.855592250823975,0,validation
5,he_0d4150,8.010263442993164,9.653509140014648,0,validation
5,he_a87a9b,6.919031620025635,7.382399559020996,0,validation
5,le_fde5e8,7.7906670570373535,7.557398319244385,0,validation
5,le_78fc9a,7.453751564025879,8.055977821350098,0,train
5,le_749d9e,6.186744213104248,5.863021373748779,0,train
5,le_d82184,7.069343566894531,8.375088691711426,0,validation
5,he_81252f,6.6085052490234375,7.533145904541016,0,train
5,le_02764e,7.424352169036865,7.527486324310303,0,train
5,he_bda94e,6.600937366485596,6.1756463050842285,0,train
5,le_5f185b,8.007763862609863,8.454236030578613,0,train
5,he_a8615f,6.450485706329346,5.9499688148498535,0,train
5,he_929466,7.925870418548584,7.903038501739502,0,train
5,he_883cb8,7.039328098297119,6.810332298278809,0,validation
5,le_f0530f,7.283793926239014,7.590895175933838,0,train
5,he_1d2579,5.907364845275879,5.749988079071045,0,validation
5,le_9faffe,6.159246921539307,5.8839030265808105,0,validation
5,he_842a1f,5.964864730834961,5.2881975173950195,0,train
5,he_bb65e5,7.408163070678711,6.857236385345459,0,validation
5,he_95d87e,6.874684810638428,6.554221153259277,0,train
5,le_c8410f,7.708273410797119,7.495333671569824,0,train
5,le_e7807e,5.592250347137451,5.0081071853637695,0,train
5,le_3a63b0,7.783230781555176,7.751319408416748,0,train
5,he_b61f8b,7.7443928718566895,7.927439212799072,0,validation
5,he_17f529,5.998023509979248,5.274474620819092,0,train
5,he_34360a,6.360588550567627,5.815123558044434,0,train
5,le_3422e0,7.66572380065918,6.893120288848877,0,validation
5,he_a0069c,8.085923194885254,8.482427597045898,0,train
5,le_ba2a87,5.4829888343811035,5.812532424926758,0,train
5,le_66b5ac,8.050748825073242,7.433454990386963,0,validation
5,he_ccbb6e,7.82594108581543,7.995994567871094,0,validation
5,le_4c4592,7.332197189331055,6.647365570068359,0,validation
5,he_2b1023,7.279043197631836,7.171245574951172,0,validation
5,le_ed8708,5.475487232208252,5.101253032684326,0,train
5,he_4ee83e,6.404922008514404,6.789217472076416,0,validation
5,le_49a533,6.875263214111328,5.635917663574219,0,train
5,he_9ce40f,5.6398024559021,4.815380573272705,0,train
5,le_592616,6.508507251739502,7.513899326324463,0,validation
5,he_76ab15,7.168857574462891,7.011823654174805,0,validation
5,he_261f83,6.2990522384643555,5.722820281982422,0,train
5,le_120b5b,6.525417804718018,5.966683864593506,0,train
5,le_f2acc0,6.906632423400879,6.959877967834473,0,train
5,he_04551f,7.4117045402526855,7.3868207931518555,0,validation
5,he_b9a930,6.127993583679199,5.619905948638916,0,train
5,le_80ca99,6.120129108428955,6.3325395584106445,0,validation
5,he_334eb2,6.569173812866211,5.686681270599365,0,validation
5,le_0c2039,6.144320964813232,5.749828815460205,0,validation
5,he_028951,6.814974308013916,6.496701717376709,0,validation
5,le_d45347,6.528414726257324,5.951406002044678,0,train
5,he_a4529f,6.0206451416015625,5.369332790374756,0,train
5,le_234216,6.647974491119385,5.984179496765137,0,train
5,le_9391b0,8.425960540771484,7.345974445343018,0,train
5,le_454c0b,7.3115057945251465,6.643912315368652,0,validation
5,le_49db1c,8.410331726074219,10.040833473205566,0,validation
5,he_67ae44,5.863210201263428,5.140336513519287,0,train
5,le_3c9f84,7.414407730102539,7.030664443969727,0,validation
5,he_15a710,8.051736831665039,8.524755477905273,0,train
5,he_4be430,6.553535461425781,7.298635959625244,0,validation
5,he_4435d3,7.159359455108643,6.503826141357422,0,train
5,he_de4bf9,6.5473151206970215,6.044979572296143,0,validation
5,he_e361fe,7.101919651031494,6.907697677612305,0,validation
5,he_2e9fb6,5.9200286865234375,5.222981929779053,0,train
5,le_b1f4ec,7.9099249839782715,6.551849842071533,0,train
5,he_a3611b,6.800312519073486,6.202291011810303,0,validation
5,le_971e6c,6.284698009490967,5.863776206970215,0,validation
5,he_764bec,7.031426429748535,6.798041343688965,0,train
5,he_2b42db,7.234859943389893,7.099447727203369,0,train
5,he_a10557,7.245681285858154,7.131326675415039,0,validation
5,he_5ec5e8,6.570659160614014,5.606202125549316,0,validation
5,le_4677fe,6.649670124053955,8.842883110046387,0,validation
5,le_98525a,7.663047790527344,6.286180019378662,0,validation
5,le_d24988,6.191705226898193,7.046426773071289,0,validation
5,he_37c485,7.138744831085205,6.964982509613037,0,validation
5,he_637e1b,6.549562931060791,6.0985846519470215,0,train
5,le_aa9b3d,6.825892925262451,6.521787166595459,0,validation
5,le_092d88,8.66109848022461,8.748086929321289,0,validation
5,le_d8de43,7.283723831176758,7.5982465744018555,0,train
5,le_68cc09,5.68127965927124,6.584491729736328,0,train
5,le_814b46,5.913900852203369,5.3276872634887695,0,validation
5,he_9cff74,7.139772415161133,6.686715126037598,0,train
5,le_96c6d5,8.703550338745117,9.068100929260254,0,validation
5,he_c1196d,8.029413223266602,9.39222526550293,0,train
5,he_5a6c32,6.938408374786377,6.653346538543701,0,validation
5,he_5d5f7a,7.259719371795654,7.153163433074951,0,train
5,le_3a623c,6.47401237487793,6.243614196777344,0,train
5,le_e7dea5,7.9544196128845215,6.7362236976623535,0,train
5,he_80b814,6.216784477233887,5.599417686462402,0,validation
5,le_09679c,6.691483974456787,8.076403617858887,0,train
5,le_d4dd8f,5.836444854736328,4.970927715301514,0,validation
5,he_4bfcf6,6.633194446563721,6.224032402038574,0,train
5,le_8f8e8a,7.625075817108154,6.754418849945068,0,validation
5,he_eff624,7.302798748016357,7.209848403930664,0,train
5,le_b194d6,6.978957176208496,6.138922691345215,0,validation
5,le_b1ae3c,8.706725120544434,7.32214879989624,0,validation
5,he_5597e5,6.828446388244629,6.48229455947876,0,train
5,he_8a456e,7.783343315124512,7.990734100341797,0,validation
5,he_094848,6.849796772003174,6.515507221221924,0,train
5,le_1c08db,6.012024879455566,5.774804592132568,0,train
5,he_e0689e,6.527740955352783,6.948119163513184,0,validation
5,le_f1d98c,7.09820556640625,6.258274555206299,0,train
5,le_a818bf,5.68086051940918,5.784088611602783,0,train
5,he_b19ac2,6.620122909545898,6.204424858093262,0,train
5,he_932e9c,7.351593971252441,7.289140701293945,0,validation
5,he_e1c1ac,7.853018760681152,8.169288635253906,0,validation
5,he_acd142,6.811450481414795,6.455857276916504,0,train
5,le_daf354,7.502129554748535,8.501242637634277,0,train
5,he_c21f8c,6.108664035797119,5.478988170623779,0,train
5,he_929f9b,6.5731201171875,6.133920669555664,0,validation
5,le_baabbc,6.473974227905273,5.5529398918151855,0,train
5,he_4f27f3,7.654662609100342,7.7816267013549805,0,train
5,le_c75cf6,6.978095531463623,7.350318908691406,0,validation
5,he_eaabee,6.7735490798950195,6.8881635665893555,0,validation
5,he_85fdc1,7.121694087982178,6.9384589195251465,0,validation
5,le_d5e0b8,6.053370952606201,5.732770919799805,0,train
5,le_b001cf,7.25115442276001,6.3169779777526855,0,validation
5,he_6be05d,7.454495906829834,7.728055953979492,0,train
5,le_870446,6.919743061065674,6.760682106018066,0,train
5,le_0637ba,6.0832648277282715,5.419666767120361,0,train
5,he_8a549e,7.78416109085083,9.226055145263672,0,train
5,le_d025d9,7.478465557098389,6.53998327255249,0,validation
5,he_a26cfb,8.017913818359375,9.210869789123535,0,validation
5,he_836543,7.147922039031982,6.979256629943848,0,train
5,he_b8a511,6.572251796722412,6.083770751953125,0,train
5,le_0623c9,7.106516361236572,6.741110801696777,0,validation
5,he_9b18bc,7.313955307006836,6.365077495574951,0,validation
5,he_685d08,8.371598243713379,9.9186372756958,0,train
5,le_92914d,9.750210762023926,9.345186233520508,0,train
5,he_35b068,5.6548333168029785,5.853764057159424,0,train
5,he_3a40f5,6.233606338500977,5.695057392120361,0,train
5,le_ddbf24,6.809814453125,7.254379749298096,0,train
5,le_08e1b5,5.880507946014404,7.173363208770752,0,train
5,le_256cce,6.6280951499938965,5.569235324859619,0,train
5,he_0e2b7a,8.189390182495117,8.447330474853516,0,validation
5,he_6cfa07,6.778982639312744,7.275998592376709,0,validation
5,he_85ff02,9.080184936523438,10.243517875671387,0,train
5,le_39b3e3,6.892938613891602,6.455995559692383,0,train
5,he_351fa1,6.108144760131836,5.436457633972168,0,validation
5,le_d2662d,6.3121819496154785,6.153407096862793,0,train
5,he_6e2164,6.574385643005371,6.135819435119629,0,validation
5,he_321338,7.012916088104248,6.769247531890869,0,train
5,he_b9c59b,7.408497333526611,7.381608963012695,0,train
5,he_5ba506,7.701159477233887,7.2613701820373535,0,train
5,he_955633,6.4133806228637695,5.894312858581543,0,train
5,he_711362,6.949423789978027,6.670482158660889,0,validation
5,le_380ed6,6.881327152252197,6.857784748077393,0,train
5,he_eb5653,6.983753204345703,6.723882675170898,0,train
5,le_ef147f,7.868018627166748,6.424446105957031,0,validation
5,le_bd5553,6.265786647796631,5.757718086242676,0,validation
5,he_e8d0d4,5.814960479736328,5.805639743804932,0,train
5,le_ac58bc,6.518477439880371,5.99808406829834,0,train
5,le_6e93a8,5.4261064529418945,5.157262802124023,0,train
5,le_a672ff,7.614060878753662,8.064095497131348,0,validation
5,he_59f481,8.162325859069824,9.766036987304688,0,train
5,le_32e365,6.009766101837158,5.7568230628967285,0,validation
5,he_253e64,8.183256149291992,8.640592575073242,0,validation
5,he_1589ac,8.261649131774902,10.443018913269043,0,validation
5,he_0352a5,6.514970779418945,6.046695709228516,0,validation
5,he_0fe808,7.007063388824463,6.760143756866455,0,validation
5,he_4dfc9a,6.711248874664307,6.29998779296875,0,train
5,he_53a37b,6.903350830078125,6.829315185546875,0,validation
5,he_3b1424,7.639674186706543,7.757272243499756,0,train
5,he_af8dbf,7.474477767944336,7.488829135894775,0,validation
5,he_a3e3a4,7.839484214782715,8.081962585449219,0,validation
5,le_622f03,5.861715793609619,4.876985549926758,0,validation
5,he_f40d7e,7.013031482696533,6.756797790527344,0,train
5,he_ad2c6f,6.917163372039795,6.620297431945801,0,validation
5,he_557676,6.884158611297607,6.940306663513184,0,validation
5,he_3c577e,6.768280982971191,6.388705730438232,0,train
5,le_661759,7.882841110229492,7.265103816986084,0,validation
5,he_1aca60,6.928684711456299,7.173972129821777,0,validation
5,he_dab57d,7.242502212524414,6.074576377868652,0,validation
5,le_7b2851,7.825782775878906,8.215381622314453,0,train
5,le_ef4386,8.091397285461426,7.4706902503967285,0,train
5,he_81c663,6.841606140136719,6.536650657653809,0,train
5,le_cde2f8,7.703838348388672,8.300786018371582,0,train
5,he_781a92,6.388319969177246,5.856720924377441,0,train
5,he_a777f6,7.167694568634033,7.01001501083374,0,train
5,he_ee4bcc,6.986894130706787,6.728769779205322,0,train
5,le_bc79cd,6.792758941650391,5.991697311401367,0,validation
5,he_0e1b16,7.708361625671387,7.8688883781433105,0,validation
5,he_d16357,7.101337909698486,6.906793594360352,0,train
5,he_28e587,6.666749954223633,5.758664608001709,0,train
5,he_41a754,6.724173069000244,5.4167962074279785,0,train
5,le_70d46f,5.817659854888916,6.049270153045654,0,validation
5,le_ffbca1,8.256749153137207,7.587560653686523,0,train
5,he_616252,7.250555038452148,7.032925605773926,0,train
5,he_a4594f,6.4444379806518555,5.992847919464111,0,train
5,le_b8feee,5.992919921875,7.589000701904297,0,train
5,le_eb9660,6.972918510437012,6.241362571716309,0,train
5,le_363c70,8.449385643005371,7.138805866241455,0,train
5,le_6bde61,9.251126289367676,8.0756196975708,0,validation
5,le_c04ae8,7.693482875823975,8.882628440856934,0,validation
5,he_4a3727,8.391393661499023,9.232878684997559,0,train
5,le_c880b0,7.865816593170166,7.877479553222656,0,validation
5,le_766228,7.422222137451172,6.602325439453125,0,validation
5,le_9c4270,5.207059383392334,5.052241802215576,0,train
5,he_87d8a7,8.164423942565918,8.6736421585083,0,validation
5,he_8feb2d,7.874461650848389,7.225799560546875,0,validation
5,he_f01b48,7.488804340362549,7.512106895446777,0,validation
5,le_58079b,5.503173828125,5.86594295501709,0,train
5,le_5088b4,8.565091133117676,8.006275177001953,0,train
5,he_6528fe,6.21498966217041,5.42532205581665,0,validation
5,le_aa12de,7.1065993309021,6.248313903808594,0,train
5,he_3d059e,7.7320475578308105,7.932425498962402,0,train
5,le_feadea,6.017924785614014,5.805740833282471,0,train
5,he_0724b7,8.351160049438477,8.326972961425781,0,validation
5,he_cd16a6,5.428439617156982,4.507941722869873,0,validation
5,le_5b76d0,6.1521782875061035,5.986969947814941,0,validation
5,he_dfc951,7.6354851722717285,7.750463485717773,0,validation
5,he_ff9f62,5.503320693969727,4.690731525421143,0,validation
5,le_7a26ee,7.333476543426514,7.911281585693359,0,validation
5,le_3fc415,6.866633892059326,7.54642915725708,0,train
5,he_79241f,6.73888635635376,7.0451765060424805,0,train
5,he_51d69d,7.695864677429199,8.036649703979492,0,validation
5,he_660f4d,7.31927490234375,7.245805740356445,0,train
5,le_69cfdb,5.544455528259277,5.622946739196777,0,train
5,le_472126,8.18470287322998,7.196792125701904,0,train
5,le_4c7bcc,6.458774566650391,7.314990520477295,0,train
5,he_7d5015,8.321889877319336,9.04548168182373,0,validation
5,he_da468b,6.765397548675537,6.482922554016113,0,validation
5,le_a1bed9,8.008090019226074,7.152266979217529,0,train
5,he_b190e2,8.261445999145508,10.272971153259277,0,train
5,le_322936,6.327302932739258,5.692182540893555,0,train
5,le_39ed4e,5.645682334899902,5.803503036499023,0,train
5,he_139129,7.890450954437256,7.851820945739746,0,train
5,he_4615cf,6.780335903167725,7.750435829162598,0,validation
5,he_910819,6.439794540405273,6.087067604064941,0,validation
5,he_03ff44,6.78694486618042,6.454658508300781,0,validation
5,he_c5228c,7.546972751617432,6.736767768859863,0,train
5,le_510ee4,6.508760929107666,7.7304368019104,0,validation
5,le_01c1d1,7.316429138183594,8.39882755279541,0,train
5,he_be5e6c,7.138686656951904,6.855947971343994,0,validation
5,he_035cdd,6.607931613922119,6.139272212982178,0,validation
5,le_83ec82,6.2222113609313965,5.647119522094727,0,train
5,le_10bdc8,5.778894901275635,6.093179702758789,0,train
5,he_08841b,5.919609069824219,5.2223711013793945,0,validation
5,le_1438c8,6.694220542907715,6.375792980194092,0,train
5,le_28ff23,6.262207508087158,6.587023735046387,0,validation
5,le_26094c,7.727997303009033,7.415602207183838,0,validation
5,he_5bb743,7.302785396575928,7.2098283767700195,0,train
5,le_400c54,6.331470012664795,5.410687446594238,0,train
5,le_044ad6,5.982570648193359,5.796102523803711,0,validation
5,le_63f66e,5.61474084854126,5.01253080368042,0,train
5,le_9f1d40,6.051633834838867,5.527573108673096,0,validation
5,le_59dd77,7.875852584838867,7.1812968254089355,0,validation
5,he_05a66f,6.855991840362549,6.525143146514893,0,train
5,he_758929,6.417923927307129,6.7996673583984375,0,validation
5,le_acce2f,6.18068265914917,5.773411750793457,0,validation
5,he_ab9692,6.647717475891113,6.245817184448242,0,train
5,he_b5456c,6.2342376708984375,5.625596523284912,0,validation
5,le_bc7d24,6.579444408416748,7.9091668128967285,0,train
5,le_801110,6.183074951171875,5.451841831207275,0,train
5,le_eaae1c,6.759613990783691,6.457075595855713,0,validation
5,he_708f00,7.34050989151001,7.696018218994141,0,train
5,le_b43f6c,7.347832202911377,7.340864181518555,0,validation
5,le_590a7e,5.8509840965271,5.523778915405273,0,validation
5,le_130ed1,5.868216514587402,5.59864616394043,0,train
5,he_f65738,8.607955932617188,10.237263679504395,0,train
5,he_a779a4,6.816708087921143,6.464036464691162,0,validation
5,he_13dd33,6.740576267242432,5.795120716094971,0,validation
5,le_9ab3c8,5.768350124359131,5.323476791381836,0,validation
5,he_37695e,4.658628940582275,5.381631851196289,0,validation
5,he_715e4a,6.512223720550537,6.042577266693115,0,validation
5,le_cf14b0,6.179832458496094,6.179832458496094,0,train
5,le_458c04,5.834719657897949,5.120822429656982,0,validation
5,le_321164,6.72189474105835,7.346795558929443,0,train
5,he_69af03,6.780615329742432,6.4078898429870605,0,train
5,he_3179bb,7.125073432922363,5.873280048370361,0,train
5,le_1a2bdc,6.776890754699707,7.7409281730651855,0,train
5,le_6d4621,6.1700215339660645,5.96303129196167,0,validation
5,le_f6fa0e,7.058423042297363,6.1016621589660645,0,validation
5,le_8ee86d,6.765846252441406,6.398402214050293,0,validation
5,he_6fcaa9,6.842353820800781,6.503928184509277,0,validation
5,le_c1040c,8.637910842895508,8.106037139892578,0,validation
5,he_4cb4e1,7.001911640167236,6.7521281242370605,0,validation
5,le_bc95e6,7.21191930770874,7.253486156463623,0,validation
5,le_a07c3a,7.222745895385742,7.425253868103027,0,validation
5,he_83c6f7,7.781405925750732,7.987585067749023,0,train
5,le_49d277,6.897312641143799,5.941525459289551,0,validation
5,le_87d2fd,6.292713165283203,5.600979804992676,0,train
5,le_ba271f,7.11774206161499,6.677874565124512,0,validation
5,le_1a29b0,6.521426200866699,6.26346492767334,0,train
5,he_279227,7.869702339172363,8.50401496887207,0,validation
5,le_05a5f2,6.046389579772949,5.683855056762695,0,validation
5,le_ac3893,6.451633930206299,5.5446319580078125,0,validation
5,he_d65115,7.968555450439453,9.42491626739502,0,validation
5,le_fa9cc3,7.624164581298828,7.92753791809082,0,validation
5,le_b0fdf1,6.509265422821045,6.226619720458984,0,validation
5,le_5a52c0,6.880536079406738,8.623988151550293,0,validation
5,he_d1f643,6.877676010131836,5.550457000732422,0,validation
5,le_d20bd3,7.539844512939453,6.7320756912231445,0,train
5,he_992e41,6.625556945800781,5.980595588684082,0,train
5,le_cc6043,5.698478698730469,4.9999003410339355,0,validation
5,he_c8b376,6.656187057495117,6.289511680603027,0,train
5,le_d21039,7.8889641761779785,6.949307918548584,0,validation
5,le_5b5cf8,6.365835189819336,5.950798511505127,0,train
5,he_56e7b9,7.157472610473633,5.89251708984375,0,train
5,le_4229e2,6.58117151260376,6.747527599334717,0,validation
5,le_1a2492,7.186309814453125,8.194527626037598,0,validation
5,he_deb7c1,6.700733184814453,8.166781425476074,0,validation
5,le_4f31ff,7.679405689239502,7.8420538902282715,0,validation
5,he_221288,7.919839859008789,9.891626358032227,0,validation
5,le_7b2aea,7.783428192138672,8.786017417907715,0,train
5,le_8045b0,6.9084553718566895,6.2095136642456055,0,train
5,he_537134,7.020175933837891,6.780541896820068,0,validation
5,he_2fe81b,6.511129856109619,5.9818925857543945,0,validation
5,he_a962bf,7.4745073318481445,7.437373161315918,0,validation
5,le_50582c,7.070610046386719,5.691222667694092,0,validation
5,he_f55329,6.249876022338867,5.649054527282715,0,validation
5,he_43d1e1,7.3348388671875,7.94666862487793,0,validation
5,he_4ec47d,6.804766654968262,6.256113052368164,0,validation
5,le_f28e73,7.222153186798096,6.5501179695129395,0,validation
5,le_37a2d1,7.1602935791015625,7.238251686096191,0,train
5,he_c20788,6.80867862701416,6.451545715332031,0,validation
5,le_764df2,6.9589385986328125,7.117403507232666,0,validation
5,he_c6590f,6.287814617156982,5.705963134765625,0,train
5,he_60ed0a,5.62277364730835,4.859958171844482,0,validation
5,he_5df55a,8.799030303955078,11.1048002243042,0,validation
5,he_734cd1,5.944947719573975,5.740771293640137,0,train
5,le_de6e1e,5.543008327484131,5.949158668518066,0,validation
5,le_b4482a,6.416356563568115,5.868350028991699,0,validation
5,he_57a478,7.089600086212158,6.8885345458984375,0,validation
5,le_0af460,6.4850568771362305,6.267370223999023,0,validation
5,le_f0d06e,8.887761116027832,7.7695746421813965,0,train
5,le_1c128f,7.880124092102051,7.419352054595947,0,train
5,le_a85ddb,7.134492874145508,6.487005710601807,0,validation
5,he_85af94,6.662685871124268,6.2244462966918945,0,train
5,he_63befa,6.030031681060791,5.382986068725586,0,validation
5,he_652056,8.066130638122559,9.263564109802246,0,validation
5,he_0d36d6,6.851535320281982,6.518209457397461,0,train
5,le_e0fa5c,6.357023239135742,5.683178901672363,0,validation
5,he_48966d,7.497632026672363,7.707223415374756,0,train
5,le_4d537b,5.827000617980957,5.489705562591553,0,validation
5,le_9d8415,6.1121063232421875,5.396389484405518,0,validation
5,he_487634,8.47583293914795,9.256791114807129,0,train
5,le_5ca495,7.246450901031494,7.154834270477295,0,train
5,he_3caee5,7.67091703414917,8.921932220458984,0,train
5,le_a61898,7.74517822265625,7.337987422943115,0,validation
5,he_6effe8,6.806125164031982,6.476807594299316,0,validation
5,le_01c9ec,7.070620059967041,6.518819808959961,0,train
5,le_b8397b,6.254828453063965,5.944089889526367,0,train
5,he_94fd55,7.424191474914551,7.407112121582031,0,validation
5,le_01f7f4,7.898623943328857,7.627437591552734,0,validation
5,le_3730f0,7.785478115081787,7.570891380310059,0,train
5,le_d66bd6,7.766645908355713,8.023285865783691,0,train
5,le_4356f8,7.816179275512695,7.142468452453613,0,validation
5,le_0155ee,5.97762393951416,8.857985496520996,0,validation
5,he_380d40,7.4345502853393555,7.423944473266602,0,train
5,le_1bd9fa,6.442688465118408,6.201527118682861,0,train
5,he_195589,6.875232219696045,6.555073261260986,0,validation
5,le_4f6999,7.815954208374023,7.898210525512695,0,train
5,he_d5d6ab,7.293993949890137,7.1955413818359375,0,train
5,he_c90fcd,6.693258285522461,6.502727508544922,0,validation
5,le_3ccf61,7.680404186248779,8.138434410095215,0,validation
5,le_b9c5c4,7.77421760559082,7.631063461303711,0,train
5,le_a6ce35,7.731882095336914,7.682536602020264,0,train
5,le_12c34b,6.004268169403076,5.321044445037842,0,validation
5,le_7c71da,5.830509185791016,5.084891319274902,0,validation
5,he_dbbed2,7.2575578689575195,7.149801254272461,0,train
5,he_fcf200,6.518247604370117,6.051611423492432,0,validation
5,le_84b6bb,6.670478343963623,6.151632785797119,0,train
5,he_1f22c4,7.049008369445801,7.367175102233887,0,train
5,le_a9f11f,8.24163818359375,7.023828029632568,0,validation
5,le_1911ce,8.709465980529785,9.895392417907715,0,validation
5,he_0d9235,7.067929744720459,8.52783203125,0,validation
5,le_83decd,8.473326683044434,9.718371391296387,0,validation
5,he_412004,7.743008613586426,7.92518949508667,0,validation
5,he_9910b5,7.017678260803223,6.776655673980713,0,train
5,he_98349a,6.409755706787109,6.4296464920043945,0,validation
5,le_404d16,6.913763999938965,6.315370559692383,0,train
5,le_00eeb2,7.612020015716553,8.705126762390137,0,train
5,le_1ccf16,7.394140720367432,8.190740585327148,0,validation
5,le_7261d3,5.726268768310547,5.116782188415527,0,train
5,le_45d4cb,5.8565287590026855,5.438490867614746,0,validation
5,le_694adb,6.958379745483398,6.7162089347839355,0,train
5,le_70cf78,8.91888427734375,8.530563354492188,0,validation
5,he_e97c8c,6.875176906585693,6.587006568908691,0,train
5,he_0a5ec7,6.573513507843018,6.134511470794678,0,train
5,he_40a91b,7.379116535186768,6.6250786781311035,0,validation
5,he_cdc607,6.795489311218262,5.983527183532715,0,train
5,he_89ad62,7.092113971710205,7.655020713806152,0,train
5,le_8deff5,6.538903713226318,6.572136878967285,0,validation
5,he_e1a03a,5.878359317779541,5.432086944580078,0,validation
5,le_52447f,7.322393417358398,6.696640491485596,0,validation
5,he_fb1124,8.466453552246094,11.217087745666504,0,train
5,le_523a81,5.594480037689209,5.262498378753662,0,validation
5,he_5608ba,6.683650970458984,6.2771687507629395,0,train
5,le_8198ec,8.956672668457031,7.740730285644531,0,train
5,he_d85c04,7.373179912567139,7.32421875,0,validation
5,he_403257,7.823066711425781,7.840484619140625,0,train
5,le_e568c3,6.392879009246826,6.056565761566162,0,train
5,he_86eeae,5.11076545715332,5.696654319763184,0,validation
5,le_dfd822,8.486586570739746,10.286182403564453,0,train
5,le_c50a04,5.975452423095703,7.539762496948242,0,train
5,le_8de934,6.368913650512695,7.0641560554504395,0,train
5,he_47238e,6.7316107749938965,6.331660747528076,0,validation
5,he_d6039a,6.080563068389893,7.028445243835449,0,validation
5,le_29fc1c,8.899338722229004,8.339227676391602,0,validation
5,he_076917,5.999856948852539,5.199131011962891,0,validation
5,le_91c567,6.1099348068237305,5.853476047515869,0,validation
5,le_f58d84,6.850477695465088,6.329763889312744,0,validation
5,he_f0d231,6.426150798797607,6.0221028327941895,0,validation
5,le_7427b9,6.14241361618042,6.5268964767456055,0,validation
5,le_7716d1,8.336926460266113,9.350152015686035,0,validation
5,he_0db92b,6.444812297821045,5.941458225250244,0,train
5,le_6975d5,7.530858516693115,7.320942401885986,0,train
5,he_4f7ff0,7.086912631988525,8.427156448364258,0,validation
5,he_e7fbc9,8.116524696350098,7.977061748504639,0,train
5,he_6c7977,7.4733734130859375,7.487033843994141,0,validation
5,le_83615b,8.802968978881836,9.12862491607666,0,train
5,le_e50e4d,6.559425354003906,5.754465103149414,0,train
5,he_feda4e,7.521098613739014,8.919201850891113,0,validation
5,he_056a76,9.211674690246582,10.619916915893555,0,train
5,le_a0c615,6.784243583679199,6.601780414581299,0,train
5,he_25e97e,7.772526264190674,7.973155975341797,0,train
5,he_b85d24,7.959527015686035,8.89377212524414,0,validation
5,le_c470c6,7.799830436706543,8.10915756225586,0,validation
5,he_e554b0,6.870403289794922,6.547560691833496,0,train
5,le_a8ce41,5.810849666595459,7.517232418060303,0,train
5,le_56f182,5.904470920562744,6.642799377441406,0,train
5,le_5ff624,8.171411514282227,8.205734252929688,0,validation
5,le_c3a6f8,6.809922695159912,6.107471942901611,0,validation
5,le_2f43e7,7.658140659332275,8.45626163482666,0,train
5,le_0bda07,6.976160526275635,7.11825704574585,0,validation
5,le_f39982,5.9661545753479,5.583008766174316,0,train
5,he_0fab59,6.320394992828369,5.754833221435547,0,validation
5,le_a1c863,6.467419147491455,5.971158504486084,0,train
5,he_512e0a,8.035812377929688,8.418402671813965,0,train
5,le_2ba026,6.9481611251831055,7.037709712982178,0,train
5,he_2044e1,7.231069564819336,6.331083297729492,0,validation
5,he_552813,7.093326091766357,6.982196807861328,0,train
5,he_caef9f,5.847962856292725,5.118158340454102,0,train
5,he_bf08f5,7.476441383361816,8.114236831665039,0,validation
5,he_959231,7.041065216064453,6.704497337341309,0,validation
5,le_2c1c76,6.136368751525879,5.818552494049072,0,train
5,he_b63add,7.050136566162109,6.827145576477051,0,train
5,he_a2b8a1,7.356029987335205,7.296350002288818,0,validation
5,le_8578d9,8.201862335205078,7.695581436157227,0,train
5,le_b41a4d,6.720858097076416,6.771927356719971,0,validation
5,le_80446d,7.080008506774902,5.889224052429199,0,train
5,le_e8dc06,6.137675762176514,5.949535369873047,0,train
5,le_226bc8,6.9210968017578125,6.775450706481934,0,train
5,le_fa7d2c,5.898416042327881,5.36832332611084,0,validation
5,he_063fc0,7.1883625984191895,5.963578701019287,0,train
5,he_affe4b,6.9170098304748535,6.620059490203857,0,validation
5,le_55232c,7.854381084442139,7.278810501098633,0,validation
5,he_01cfbe,7.639243125915527,7.756570816040039,0,validation
5,le_6cbd20,8.89909839630127,9.901126861572266,0,validation
5,he_4fd2c6,6.338495254516602,5.781982421875,0,validation
5,le_d07324,7.137608051300049,6.125938415527344,0,validation
5,he_149c5b,6.972806453704834,6.706855773925781,0,train
5,he_7b0696,6.684594631195068,6.258525848388672,0,train
5,le_5ff0f8,6.411840915679932,6.958187580108643,0,validation
5,he_bfbfe0,6.1949896812438965,5.5667243003845215,0,validation
5,le_2c1fd3,5.628859996795654,6.312016487121582,0,train
5,he_113880,7.019207954406738,6.774212837219238,0,train
5,he_43444c,6.220121383666992,5.604422092437744,0,train
5,he_63e860,8.60735034942627,12.956619262695312,0,train
5,he_30ba2d,6.584731101989746,6.151336669921875,0,validation
5,he_b516c8,6.934107303619385,6.646657466888428,0,validation
5,he_061e2c,7.4665350914001465,7.477260112762451,0,train
5,le_430535,7.155982971191406,7.294759750366211,0,validation
5,le_2ce311,7.196891784667969,6.977874755859375,0,validation
5,le_9a7a59,6.797984600067139,6.615937232971191,0,train
5,le_54d379,6.635772705078125,5.7044148445129395,0,train
5,le_52b809,7.710729122161865,8.58328628540039,0,train
5,le_f66fec,6.135644435882568,5.7474236488342285,0,train
5,he_d9b3a0,6.380075931549072,5.844354152679443,0,validation
5,le_2e65e7,6.0871171951293945,6.933695316314697,0,validation
5,le_eb89a4,7.407690525054932,6.989939212799072,0,validation
5,he_a7bf3c,6.8425374031066895,6.461925029754639,0,validation
5,le_275fa9,7.924610137939453,8.3336763381958,0,train
5,he_16c2e2,6.571298122406006,6.131189346313477,0,train
5,le_763996,7.531548976898193,6.050749778747559,0,validation
5,le_c9ff75,8.067763328552246,7.527408599853516,0,validation
5,le_eb4323,6.989643573760986,6.152713298797607,0,validation
5,he_0935e0,6.997173309326172,6.397995948791504,0,validation
5,le_28d5fc,7.40329122543335,6.076300621032715,0,train
5,le_f85aef,6.920628547668457,6.415672302246094,0,train
5,he_8743aa,7.450089454650879,7.4491963386535645,0,validation
5,he_77325b,6.9121012687683105,6.612423419952393,0,train
5,le_194430,6.980252742767334,6.380743980407715,0,train
5,he_0d978a,7.059554100036621,6.841794967651367,0,validation
5,he_d5d228,7.115413188934326,7.579335689544678,0,train
5,he_703227,6.593828201293945,5.808904647827148,0,validation
5,he_01e8ed,6.352782726287842,5.803415775299072,0,train
5,he_5785c0,6.581384181976318,6.146317005157471,0,validation
5,le_e7ceaf,7.339188098907471,6.9431610107421875,0,validation
5,he_11ed24,6.244524002075195,5.641027927398682,0,validation
5,he_f65f6e,6.487022876739502,5.721398830413818,0,validation
5,he_726d3f,6.728670597076416,6.367247581481934,0,validation
5,le_dd8888,6.208254337310791,5.422491073608398,0,train
5,le_d042c2,6.954249382019043,6.468981742858887,0,train
5,le_39c6ce,6.812429428100586,6.575617790222168,0,validation
5,he_ab7281,6.759749412536621,6.375432968139648,0,train
5,he_019042,6.5944366455078125,5.817485332489014,0,validation
5,le_d52c87,6.711422443389893,6.365036487579346,0,validation
5,he_112f6d,6.492178916931152,6.012509346008301,0,validation
5,le_4528f1,8.35586929321289,6.824721813201904,0,train
5,he_711892,6.482633590698242,7.501199245452881,0,validation
5,le_34558e,5.694173812866211,4.906039714813232,0,train
5,he_8066c3,7.424314022064209,7.407311916351318,0,train
5,he_fe4ada,7.268726825714111,7.963458061218262,0,validation
5,le_58b819,8.976346015930176,8.528056144714355,0,train
5,he_eae292,7.3653082847595215,7.317413330078125,0,validation
5,he_14019f,6.414236545562744,6.846144199371338,0,validation
5,he_673c7e,6.778534889221191,6.442042350769043,0,train
5,he_d5db57,7.003571033477783,6.391274452209473,0,validation
5,le_7badf8,6.8495635986328125,6.11224365234375,0,validation
5,le_912a2a,7.685882091522217,7.917565822601318,0,train
5,he_95ee8c,7.228474140167236,7.104559898376465,0,validation
5,le_8761f6,7.136023998260498,6.369171142578125,0,validation
5,le_5d7507,7.163825035095215,7.766979217529297,0,train
5,le_5863fc,6.781822204589844,6.657530784606934,0,validation
5,he_853422,6.956325054168701,6.681217670440674,0,validation
5,he_4e43b9,7.62818717956543,7.031754970550537,0,train
5,he_a39ebf,6.860549449920654,8.369035720825195,0,validation
5,le_80e3b0,5.787115097045898,5.681987762451172,0,train
5,le_e11ea9,6.5756635665893555,6.067124366760254,0,validation
5,he_e69885,6.37045955657959,5.829928874969482,0,train
5,le_5d62d2,6.139560222625732,5.495447635650635,0,train
5,le_a8ce3a,7.618618011474609,7.5197930335998535,0,validation
5,he_477534,6.970726013183594,7.302067756652832,0,train
5,he_4528d8,7.382716655731201,6.526447296142578,0,validation
5,le_315c9d,6.239256858825684,6.098627090454102,0,train
5,he_9c907a,7.801756381988525,8.980791091918945,0,train
5,he_bc8ef0,6.310060024261475,5.739331245422363,0,validation
5,le_ff4463,7.259089946746826,7.343986988067627,0,train
5,he_b63a86,6.853626728057861,8.056055068969727,0,validation
5,le_6fe94c,5.8063154220581055,5.976079940795898,0,train
5,le_b554e0,6.442090034484863,5.743154525756836,0,validation
5,he_905478,6.282715320587158,5.467845916748047,0,validation
5,le_ae27bc,6.328803062438965,6.092125415802002,0,validation
5,le_86dde0,6.85467529296875,6.749413967132568,0,validation
5,le_3235a7,6.02394962310791,5.860644340515137,0,train
5,le_560bc5,7.496818542480469,7.864413738250732,0,validation
5,le_b2d8a4,7.056309700012207,7.040316581726074,0,train
5,he_57b66a,7.318783760070801,8.554383277893066,0,train
5,he_8b6e8a,6.6604180335998535,6.220916748046875,0,train
5,he_0ad37b,7.34769868850708,7.29002046585083,0,validation
5,he_1f1796,7.1783857345581055,7.026645660400391,0,validation
5,he_c788c4,6.468580722808838,10.111515998840332,0,train
5,le_3e0c8b,6.193100929260254,5.780318737030029,0,validation
5,le_ad29d4,8.267661094665527,8.587427139282227,0,validation
5,he_9ead18,6.584698677062988,7.0148606300354,0,train
5,le_a9c8e7,6.636067867279053,8.424895286560059,0,train
5,he_fa775e,8.443129539489746,11.343017578125,0,train
5,he_6eb3b7,5.6045241355896,5.662312984466553,0,train
5,le_b68792,7.4000935554504395,7.355130672454834,0,train
5,le_7491ba,6.4832072257995605,5.889886856079102,0,train
5,le_155906,7.871232509613037,8.468220710754395,0,validation
5,le_71250d,8.819432258605957,7.078266620635986,0,train
5,he_945b84,6.006152153015137,5.348252773284912,0,validation
5,le_767019,8.098326683044434,7.94467830657959,0,validation
5,le_bea3b5,6.371012210845947,6.177842617034912,0,validation
5,le_1a7ab7,5.305868148803711,6.255701065063477,0,train
5,he_0445e3,6.969792366027832,6.918787479400635,0,validation
5,he_ebb18a,6.347157955169678,5.313070774078369,0,train
5,he_04607e,6.29899263381958,5.722729682922363,0,train
5,le_8dffb2,6.421992301940918,5.867927551269531,0,validation
5,he_bf7958,6.94114351272583,6.057604789733887,0,validation
5,he_865b01,6.812265872955322,6.457124710083008,0,validation
5,he_5422d6,6.608630657196045,6.140359878540039,0,validation
5,le_1b77f0,5.881184101104736,6.250431060791016,0,validation
5,he_061f19,6.478794097900391,5.934045314788818,0,train
5,le_ab66f0,5.9061598777771,5.563488483428955,0,train
5,le_33de79,7.5025763511657715,8.527861595153809,0,validation
5,he_4d16d8,7.896768093109131,8.500771522521973,0,train
5,he_7141aa,5.779530048370361,5.362530708312988,0,validation
5,le_b7b78e,6.174045085906982,6.021330833435059,0,train
5,le_341408,5.851053237915039,7.2986931800842285,0,validation
5,he_e7f057,5.680240631103516,4.941369533538818,0,validation
5,le_c975ec,6.502809524536133,6.046327590942383,0,train
5,he_b9dc56,6.2554850578308105,5.657467365264893,0,validation
5,he_b9ba5e,7.395503044128418,8.179374694824219,0,train
5,le_3ef247,8.643798828125,9.32385540008545,0,validation
5,le_945414,6.265411853790283,6.9377217292785645,0,train
5,le_73a0f6,5.972219944000244,5.29806661605835,0,validation
5,le_f790ca,6.206864833831787,5.496281147003174,0,train
5,le_3c1dbd,9.230382919311523,8.435128211975098,0,train
5,he_ac375a,7.638630390167236,8.523930549621582,0,validation
5,he_d0547e,7.6741251945495605,7.354222297668457,0,train
5,le_0e80d9,5.997613906860352,5.973966598510742,0,train
5,he_9a731c,6.593935012817383,6.721978664398193,0,validation
5,he_442910,6.187739849090576,6.6332831382751465,0,validation
5,le_ae71bb,6.726149559020996,6.211630821228027,0,validation
5,he_0c8461,8.229761123657227,10.145818710327148,0,validation
5,le_36906d,7.663090705871582,7.271058559417725,0,validation
5,he_c72991,7.359164714813232,7.30785608291626,0,train
5,le_698ed0,7.292843341827393,5.808291912078857,0,train
5,le_2f8b4e,6.234952926635742,6.20316743850708,0,validation
5,le_096a5a,6.44586181640625,5.463821887969971,0,train
5,he_b62509,6.411320686340332,5.833433628082275,0,validation
5,le_ad984a,8.488669395446777,7.054507732391357,0,train
5,he_2aef37,6.717041492462158,6.903954982757568,0,validation
5,le_4e404a,5.800748825073242,5.388075351715088,0,train
5,he_8f57fb,7.089919567108154,6.889032363891602,0,train
5,he_10c218,6.496818542480469,6.818273067474365,0,train
5,he_a7eb16,7.120858192443848,6.937158584594727,0,train
5,le_157346,6.520933628082275,6.412139892578125,0,train
5,he_4c56d3,7.459499835968018,7.4644880294799805,0,validation
5,le_875512,6.1738691329956055,5.774978160858154,0,validation
5,le_f593c2,5.877063274383545,5.8965678215026855,0,train
5,le_43f436,7.568509578704834,8.267050743103027,0,train
5,he_fa6948,6.825733184814453,7.72311544418335,0,validation
5,he_cc58af,6.554203510284424,6.597481727600098,0,train
5,le_9aabb9,6.8919901847839355,6.833635330200195,0,train
5,he_256c48,6.9281134605407715,6.637333393096924,0,validation
5,he_301a3e,7.7601776123046875,7.953089714050293,0,train
5,he_bda96d,6.843051433563232,6.648926734924316,0,validation
5,le_d031d2,6.438370227813721,6.6995849609375,0,train
5,he_935b9f,7.834590435028076,7.389925479888916,0,train
5,he_f51b67,5.805984973907471,5.05709981918335,0,train
5,le_1223ad,5.609803676605225,5.229004859924316,0,validation
5,le_59e8c6,7.539730548858643,7.345763683319092,0,train
5,he_fd9c4c,7.836670398712158,8.07738971710205,0,train
5,he_4e95fa,8.244483947753906,9.717047691345215,0,train
5,he_5863f3,7.038032054901123,7.013341426849365,0,train
5,le_327267,6.238498210906982,5.8252272605896,0,validation
5,le_d61b54,8.5740966796875,7.894974231719971,0,validation
5,he_69475d,7.1111674308776855,6.898447036743164,0,validation
5,he_f152e5,6.5458149909973145,6.09296178817749,0,train
5,le_5704eb,8.049592018127441,7.19221830368042,0,validation
5,le_c5b6c0,7.261509895324707,6.960234642028809,0,validation
5,he_90123f,8.173770904541016,8.454896926879883,0,train
5,he_0bee72,7.2146477699279785,7.083052158355713,0,validation
5,he_68742b,7.361074924468994,7.310827255249023,0,validation
5,he_b7e84d,6.4608635902404785,5.965535640716553,0,validation
5,he_765035,7.006214618682861,6.823446750640869,0,train
5,le_e7dcfd,6.051851272583008,6.012183666229248,0,validation
5,he_a9942d,7.21638298034668,7.315236568450928,0,validation
5,he_d1ef4d,6.868795871734619,6.361800193786621,0,validation
5,le_f9fcdf,6.545023441314697,6.440487861633301,0,validation
5,he_b2fbe6,7.805486679077148,8.026717185974121,0,train
5,le_338fc2,6.510919094085693,5.868834972381592,0,validation
5,he_51a0c7,6.534862995147705,6.159947872161865,0,validation
5,le_77f475,7.497262001037598,8.297642707824707,0,validation
5,le_0e684b,8.208600997924805,8.275298118591309,0,validation
5,he_19058d,5.5354905128479,4.736306190490723,0,train
5,he_b5f00f,5.389321804046631,4.529234886169434,0,train
5,he_1ef995,7.5459513664245605,7.117468357086182,0,train
5,he_844d39,6.47722864151001,5.935956001281738,0,train
5,he_ae8e9c,6.837677478790283,5.895009517669678,0,train
5,le_6035f7,5.949306011199951,5.611542224884033,0,train
5,he_0a3039,5.9643635749816895,7.2446136474609375,0,train
5,le_550d25,6.446075439453125,6.935403347015381,0,validation
5,le_ec27a1,6.7606282234191895,6.17484712600708,0,validation
5,he_f77454,7.147387504577637,6.65642786026001,0,validation
5,le_d7795e,6.35798978805542,6.59215784072876,0,train
5,le_1c7c91,6.347935676574707,6.1778950691223145,0,validation
5,he_8a99f7,7.815999507904053,8.432475090026855,0,train
5,le_d1964b,7.277817726135254,8.013664245605469,0,validation
5,he_2dc55e,6.719285488128662,7.210722923278809,0,train
5,le_8cccbf,7.421390533447266,8.125433921813965,0,validation
5,le_25d7bf,6.616909980773926,6.530320644378662,0,train
5,le_d83883,7.569070339202881,7.9052863121032715,0,validation
5,he_5893a2,7.0666117668151855,7.572930335998535,0,train
5,he_5b4ec1,7.629295349121094,7.756278991699219,0,train
5,le_adb773,7.187699317932129,6.892775058746338,0,validation
5,he_d66410,7.1725287437438965,7.615274906158447,0,validation
5,he_d91d52,8.145654678344727,10.032885551452637,0,train
5,le_497c69,6.577682018280029,7.293544292449951,0,validation
5,he_b70236,6.618462562561035,6.201933860778809,0,train
5,le_ecfb48,6.907573699951172,6.807111740112305,0,train
5,he_4caf0f,6.983731746673584,8.106147766113281,0,train
5,he_f7f5b8,7.117191314697266,6.931455135345459,0,train
5,he_8b8e73,6.294276714324951,5.71565580368042,0,validation
5,he_df76e7,5.892238616943359,5.182560443878174,0,train
5,le_384eec,6.374040603637695,5.434468746185303,0,train
5,he_6a3ff1,6.085622310638428,5.463844299316406,0,train
5,le_af2269,7.070626735687256,7.084259986877441,0,validation
5,he_91e872,6.191558837890625,5.561579704284668,0,train
5,he_92a1d4,5.865299224853516,5.143375396728516,0,train
5,le_58503c,6.2861714363098145,5.420732021331787,0,validation
5,le_9827be,6.509417533874512,6.695969581604004,0,validation
5,he_0a2e7a,6.052952766418457,5.353669166564941,0,train
5,le_536ce6,5.976617336273193,5.711601734161377,0,validation
5,le_c47bf3,6.317664623260498,6.112411975860596,0,train
5,le_23d7e6,5.936722278594971,5.171980857849121,0,train
5,he_aea985,6.812493801116943,7.98687744140625,0,train
5,he_610a6b,6.431319236755371,5.921219825744629,0,train
5,le_0b5c71,7.386264801025391,6.756071090698242,0,train
5,le_8e17a1,6.513899803161621,6.425512313842773,0,train
5,he_e97a85,6.556660175323486,6.008569240570068,0,train
5,he_baf440,7.462368965148926,6.478865146636963,0,validation
5,he_41f4cd,5.981195449829102,5.311952114105225,0,validation
5,he_5cb9a5,7.090701580047607,6.7342023849487305,0,train
5,le_59e850,6.152734756469727,5.8030571937561035,0,train
5,le_130466,7.259281158447266,7.10976505279541,0,train
5,le_ae10ae,6.664546966552734,5.965041637420654,0,train
5,le_b57fb4,5.701707363128662,4.918148517608643,0,validation
5,he_122fc1,7.306445598602295,7.215775489807129,0,validation
5,he_def558,7.358358383178711,7.460990905761719,0,train
5,he_88eef7,7.129678726196289,8.947907447814941,0,train
5,le_56db27,7.41218376159668,6.789775371551514,0,train
5,le_b72c01,7.0039873123168945,7.369085788726807,0,train
5,he_e7e54d,8.141146659851074,9.160236358642578,0,train
5,he_666efe,8.070018768310547,8.456579208374023,0,train
5,le_5f218d,6.0704026222229,5.756853103637695,0,validation
5,le_31327c,7.265341758728027,7.431424617767334,0,validation
5,le_cae6e7,6.766715049743652,6.124317169189453,0,validation
5,he_fdfcef,7.8276495933532715,8.06273078918457,0,train
5,le_53b2fd,6.209627628326416,6.042361259460449,0,train
5,le_72261f,7.73620080947876,5.593377113342285,0,train
5,le_fc3d57,7.347255706787109,7.75079345703125,0,train
5,le_230abf,7.56282901763916,7.130928039550781,0,validation
5,le_41a3a0,6.543982982635498,6.380029201507568,0,validation
5,he_7a5e63,6.935478210449219,6.6487884521484375,0,train
5,le_dfd3b4,7.873156547546387,8.051761627197266,0,validation
5,le_a2fcff,6.864154815673828,6.262448310852051,0,validation
5,le_109683,7.562136173248291,7.14561128616333,0,validation
5,he_7057f3,6.6802287101745605,5.299736499786377,0,validation
5,he_558615,7.050230026245117,7.616661071777344,0,train
5,le_e7fc9f,6.587527751922607,6.381245136260986,0,train
5,le_ac7cf7,6.469544887542725,6.290687561035156,0,validation
5,he_9eff37,7.288527488708496,7.197975158691406,0,validation
5,le_d44ccb,6.4410223960876465,5.245338439941406,0,validation
5,le_d60087,5.314901828765869,5.256746292114258,0,train
5,le_9c6ba0,6.150683403015137,7.300027370452881,0,validation
5,he_97db03,8.542167663574219,9.048712730407715,0,train
5,le_ff1ebb,7.474132537841797,7.474132537841797,0,validation
5,le_e9f735,7.438260555267334,7.916751384735107,0,train
5,he_e6d7a6,7.8896942138671875,8.163554191589355,0,validation
5,he_97c074,7.8395233154296875,8.7234468460083,0,validation
5,le_d969e0,6.368288516998291,6.204219341278076,0,train
5,he_bbc8b7,8.265897750854492,9.00020980834961,0,validation
5,le_1aa1fb,5.986536979675293,5.106684684753418,0,validation
5,le_1c3df3,7.183781623840332,7.490530014038086,0,validation
5,le_b7d8a6,7.126771450042725,6.712582588195801,0,validation
5,he_9b050e,6.529118061065674,6.067917346954346,0,validation
5,le_d52c28,6.4112091064453125,5.419486999511719,0,validation
5,he_3f7fe7,7.066226959228516,6.778940677642822,0,validation
5,he_b3e123,6.720050811767578,6.313679218292236,0,validation
5,le_1674c0,5.892517566680908,5.324977397918701,0,train
5,le_78f0ed,5.610711574554443,5.537332534790039,0,train
5,he_533155,7.255945682525635,7.1472930908203125,0,validation
5,he_d80706,7.944115161895752,9.825879096984863,0,train
5,le_ff18cf,6.554163932800293,5.87689208984375,0,validation
5,le_8a6f35,7.217163562774658,7.683347702026367,0,validation
5,he_2edc16,6.544630527496338,6.040803909301758,0,validation
5,he_4ff1c4,6.7522101402282715,8.229302406311035,0,validation
5,he_4f9390,7.421217441558838,7.783593654632568,0,validation
5,le_185d39,8.369332313537598,7.165030002593994,0,train
5,le_9b9745,7.549498558044434,7.186519145965576,0,validation
5,le_91f758,6.446867942810059,5.56035041809082,0,train
5,le_a8ed34,7.47799015045166,7.341886043548584,0,train
5,he_661ccf,7.242330074310303,6.732393741607666,0,train
5,he_37489d,6.7180304527282715,7.9970703125,0,train
5,he_7c68af,8.133200645446777,9.074165344238281,0,train
5,le_838987,5.9200663566589355,5.8166022300720215,0,train
5,le_f50d64,6.4832305908203125,7.5033416748046875,0,validation
5,le_417bec,7.952090263366699,7.8674516677856445,0,validation
5,le_a6260b,6.131652355194092,5.422037124633789,0,train
5,he_51332a,7.045215129852295,6.438656806945801,0,validation
5,he_1ef686,6.971601963043213,6.799615383148193,0,train
5,le_4b0989,6.153068542480469,5.638708114624023,0,train
5,le_19c9ac,5.740658760070801,7.219919204711914,0,train
5,he_d79548,6.254703044891357,5.6562957763671875,0,validation
5,le_6d15c9,7.96222448348999,7.103229999542236,0,validation
5,le_5b740a,6.394978046417236,5.747924327850342,0,train
5,le_edf950,6.226734638214111,5.497525215148926,0,train
5,he_847dab,6.6890716552734375,7.541848659515381,0,train
5,he_a64661,6.736234188079834,6.338854789733887,0,train
5,he_cdf3a4,7.673341274261475,7.58148717880249,0,train
5,he_cabb3d,6.564942836761475,6.121654987335205,0,validation
5,he_e07220,6.160438537597656,5.514898777008057,0,validation
5,le_57ec9b,8.119616508483887,7.585832118988037,0,train
5,he_7556fc,6.574073791503906,6.135350704193115,0,train
5,le_9468b1,9.084799766540527,9.566386222839355,0,validation
5,le_2af127,6.6730194091796875,6.62594747543335,0,validation
5,he_9c8a78,5.796017646789551,5.042602062225342,0,train
5,he_2519ee,7.454317569732666,8.243230819702148,0,train
5,he_f84b71,6.999978542327881,6.749123573303223,0,train
5,le_98b680,6.5161967277526855,5.726643085479736,0,train
5,le_4afc4d,8.936038970947266,8.17065715789795,0,train
5,le_d96176,7.624839782714844,8.483155250549316,0,validation
5,he_859e26,6.732401371002197,7.111138820648193,0,train
5,he_bddd26,6.322254657745361,5.757622718811035,0,train
5,he_f07086,6.573911666870117,7.169891357421875,0,train
5,he_ffbc40,5.918601989746094,5.220905780792236,0,train
5,le_a80334,7.298532962799072,6.997974395751953,0,train
5,le_1b5d46,7.459547519683838,7.143581867218018,0,validation
5,le_f7b80b,5.886808395385742,5.145493507385254,0,validation
5,le_ceeb48,6.56519889831543,5.50736665725708,0,train
5,he_e187a0,6.106876850128174,4.944796085357666,0,train
5,le_5f97fa,7.5895256996154785,7.215860366821289,0,train
6,le_d069d3,6.645866394042969,6.766637325286865,0,validation
6,he_47c12f,7.132530689239502,6.991787433624268,0,validation
6,le_64d75a,5.752892017364502,5.808346748352051,0,train
6,le_259d3e,7.502711772918701,7.869409561157227,0,validation
6,he_31fd02,7.345531940460205,6.6393842697143555,0,train
6,he_cb7e90,7.87100887298584,10.298754692077637,0,train
6,he_79e9b7,7.665802478790283,9.181407928466797,0,validation
6,he_eb9923,6.431202411651611,6.6661272048950195,0,validation
6,he_fb3ae1,6.430083274841309,5.952191352844238,0,validation
6,he_e12d52,8.174328804016113,9.086621284484863,0,validation
6,le_bf9a36,8.619457244873047,8.31568431854248,0,train
6,he_4a04a2,7.553854942321777,8.152973175048828,0,validation
6,le_b2752d,7.764911651611328,6.956418991088867,0,train
6,le_7aa426,6.999784469604492,8.271378517150879,0,train
6,le_98d6b3,6.82682466506958,7.00101375579834,0,validation
6,he_0d4150,8.072461128234863,9.956153869628906,0,validation
6,he_a87a9b,7.047984600067139,7.463503360748291,0,validation
6,le_fde5e8,7.829930782318115,7.7584381103515625,0,validation
6,le_78fc9a,7.5330634117126465,8.301153182983398,0,train
6,le_749d9e,6.133236885070801,5.784360408782959,0,train
6,le_d82184,7.035094738006592,8.382038116455078,0,validation
6,he_81252f,6.650889873504639,7.495755195617676,0,train
6,le_02764e,7.564610958099365,7.590221405029297,0,train
6,he_bda94e,6.561567783355713,6.149418830871582,0,train
6,le_5f185b,7.933032512664795,8.40457534790039,0,train
6,he_a8615f,6.400962829589844,5.908510684967041,0,train
6,he_929466,8.036834716796875,7.982359409332275,0,train
6,he_883cb8,6.974368095397949,6.74575662612915,0,validation
6,le_f0530f,7.361095905303955,7.584917068481445,0,train
6,he_1d2579,6.070004940032959,5.989192485809326,0,validation
6,le_9faffe,6.138576984405518,5.806262016296387,0,validation
6,he_842a1f,5.986454963684082,5.349148273468018,0,train
6,he_bb65e5,7.392699718475342,6.887448310852051,0,validation
6,he_95d87e,6.807467937469482,6.486135482788086,0,train
6,le_c8410f,7.766857147216797,7.529050827026367,0,train
6,le_e7807e,5.600858211517334,4.990527153015137,0,train
6,le_3a63b0,7.8871660232543945,7.908926486968994,0,train
6,he_b61f8b,7.840240478515625,8.124223709106445,0,validation
6,he_17f529,6.180236339569092,5.645762920379639,0,train
6,he_34360a,6.37449312210083,5.868805885314941,0,train
6,le_3422e0,7.845765113830566,7.1098103523254395,0,validation
6,he_a0069c,8.019708633422852,8.415857315063477,0,train
6,le_ba2a87,5.402745246887207,5.777525901794434,0,train
6,le_66b5ac,8.109175682067871,7.211416244506836,0,validation
6,he_ccbb6e,7.8701982498168945,7.980581760406494,0,validation
6,le_4c4592,7.189936637878418,6.510702610015869,0,validation
6,he_2b1023,7.370753288269043,7.3613080978393555,0,validation
6,le_ed8708,5.504449367523193,5.1378068923950195,0,train
6,he_4ee83e,6.5065202713012695,6.877433776855469,0,validation
6,le_49a533,6.8469014167785645,5.576317310333252,0,train
6,he_9ce40f,5.648074150085449,4.856956958770752,0,train
6,le_592616,6.649960994720459,7.690362930297852,0,validation
6,he_76ab15,7.0579376220703125,6.875753402709961,0,validation
6,he_261f83,6.304805278778076,5.764273643493652,0,train
6,le_120b5b,6.564788818359375,6.002551555633545,0,train
6,le_f2acc0,6.802066802978516,6.818548679351807,0,train
6,he_04551f,7.385221004486084,7.384817600250244,0,validation
6,he_b9a930,6.339816093444824,5.749741077423096,0,train
6,le_80ca99,6.073952674865723,6.327310562133789,0,validation
6,he_334eb2,6.530754089355469,5.66984224319458,0,validation
6,le_0c2039,6.250718593597412,5.861785411834717,0,validation
6,he_028951,6.795089244842529,6.499701023101807,0,validation
6,le_d45347,6.455522537231445,5.79543924331665,0,train
6,he_a4529f,6.104609966278076,5.52100944519043,0,train
6,le_234216,6.609733581542969,5.932104587554932,0,train
6,le_9391b0,8.50522518157959,7.394677639007568,0,train
6,le_454c0b,7.557984352111816,7.055728912353516,0,validation
6,le_49db1c,8.614788055419922,10.22823429107666,0,validation
6,he_67ae44,5.870675563812256,5.180742263793945,0,train
6,le_3c9f84,7.387998104095459,7.045355796813965,0,validation
6,he_15a710,8.267716407775879,8.978876113891602,0,train
6,he_4be430,6.674389839172363,7.582785129547119,0,validation
6,he_4435d3,7.200982570648193,6.4332990646362305,0,train
6,he_de4bf9,6.504922389984131,6.015508651733398,0,validation
6,he_e361fe,7.012515068054199,6.8050971031188965,0,validation
6,he_2e9fb6,5.859765529632568,5.164871692657471,0,train
6,le_b1f4ec,8.095483779907227,6.753662586212158,0,train
6,he_a3611b,6.915869235992432,6.397228717803955,0,validation
6,le_971e6c,6.278214454650879,5.798676490783691,0,validation
6,he_764bec,7.098939418792725,6.939534664154053,0,train
6,he_2b42db,7.188161373138428,7.0645952224731445,0,train
6,he_a10557,7.185867786407471,7.074756145477295,0,validation
6,he_5ec5e8,6.554988384246826,5.552071571350098,0,validation
6,le_4677fe,6.761999130249023,8.949646949768066,0,validation
6,le_98525a,7.758227825164795,6.364995956420898,0,validation
6,le_d24988,6.384452819824219,7.36976432800293,0,validation
6,he_37c485,7.18615198135376,7.075197219848633,0,validation
6,he_637e1b,6.4884161949157715,6.039689540863037,0,train
6,le_aa9b3d,6.914972305297852,6.599725246429443,0,validation
6,le_092d88,8.568695068359375,8.677729606628418,0,validation
6,le_d8de43,7.530056953430176,7.8473687171936035,0,train
6,le_68cc09,5.828958988189697,6.921793460845947,0,train
6,le_814b46,6.0326995849609375,5.402019023895264,0,validation
6,he_9cff74,7.213104724884033,6.684299468994141,0,train
6,le_96c6d5,8.726622581481934,9.144681930541992,0,validation
6,he_c1196d,8.338885307312012,9.78162956237793,0,train
6,he_5a6c32,6.922851085662842,6.66562032699585,0,validation
6,he_5d5f7a,7.281276226043701,7.223169803619385,0,train
6,le_3a623c,6.421332359313965,6.2043585777282715,0,train
6,le_e7dea5,8.067597389221191,6.852756023406982,0,train
6,he_80b814,6.158989429473877,5.545550346374512,0,validation
6,le_09679c,6.645188331604004,7.903419494628906,0,train
6,le_d4dd8f,5.878807067871094,4.979511737823486,0,validation
6,he_4bfcf6,6.647336006164551,6.278069496154785,0,train
6,le_8f8e8a,7.657196521759033,6.921775817871094,0,validation
6,he_eff624,7.272593975067139,7.201798915863037,0,train
6,le_b194d6,7.13275671005249,6.267861843109131,0,validation
6,le_b1ae3c,8.871781349182129,7.603926181793213,0,validation
6,he_5597e5,6.877837657928467,6.595599174499512,0,train
6,he_8a456e,7.777534484863281,8.022326469421387,0,validation
6,he_094848,6.842105865478516,6.540016174316406,0,train
6,le_1c08db,6.011055946350098,5.770559787750244,0,train
6,he_e0689e,6.541936874389648,6.923480987548828,0,validation
6,le_f1d98c,7.147939205169678,6.235434532165527,0,train
6,le_a818bf,5.750367164611816,5.878465175628662,0,train
6,he_b19ac2,6.4979095458984375,6.053930759429932,0,train
6,he_932e9c,7.3745880126953125,7.367537498474121,0,validation
6,he_e1c1ac,7.824178695678711,8.209226608276367,0,validation
6,he_acd142,6.824523448944092,6.512663841247559,0,train
6,le_daf354,7.661976337432861,8.604583740234375,0,train
6,he_c21f8c,6.138387203216553,5.487192153930664,0,train
6,he_929f9b,6.598179340362549,6.2043352127075195,0,validation
6,le_baabbc,6.52752161026001,5.570627689361572,0,train
6,he_4f27f3,7.547111988067627,7.647890090942383,0,train
6,le_c75cf6,7.063604831695557,7.384095668792725,0,validation
6,he_eaabee,6.858927249908447,7.035001277923584,0,validation
6,he_85fdc1,7.08664608001709,6.920411586761475,0,validation
6,le_d5e0b8,6.182583808898926,5.875073432922363,0,train
6,le_b001cf,7.238428592681885,6.301240921020508,0,validation
6,he_6be05d,7.49493408203125,7.905251502990723,0,train
6,le_870446,7.017422676086426,6.833280563354492,0,train
6,le_0637ba,6.188587188720703,5.543050765991211,0,train
6,he_8a549e,7.856595039367676,9.508445739746094,0,train
6,le_d025d9,7.450908184051514,6.5312724113464355,0,validation
6,he_a26cfb,8.021490097045898,9.281949043273926,0,validation
6,he_836543,7.168589115142822,7.047879695892334,0,train
6,he_b8a511,6.545018196105957,6.077879905700684,0,train
6,le_0623c9,6.884843826293945,6.447768688201904,0,validation
6,he_9b18bc,7.3958964347839355,6.4356560707092285,0,validation
6,he_685d08,8.460552215576172,9.918693542480469,0,train
6,le_92914d,9.749795913696289,9.31462574005127,0,train
6,he_35b068,5.798372268676758,6.006019592285156,0,train
6,he_3a40f5,6.281708240509033,5.786909580230713,0,train
6,le_ddbf24,6.956214427947998,7.498697280883789,0,train
6,le_08e1b5,5.79745626449585,6.88084077835083,0,train
6,le_256cce,6.604055881500244,5.4832763671875,0,train
6,he_0e2b7a,8.197412490844727,8.413402557373047,0,validation
6,he_6cfa07,6.93438196182251,7.527792930603027,0,validation
6,he_85ff02,9.132463455200195,10.380032539367676,0,train
6,le_39b3e3,7.1187944412231445,6.693790435791016,0,train
6,he_351fa1,6.166367053985596,5.55661678314209,0,validation
6,le_d2662d,6.410165309906006,6.294568061828613,0,train
6,he_6e2164,6.4738264083862305,6.017805576324463,0,validation
6,he_321338,6.882297039031982,6.602535724639893,0,train
6,he_b9c59b,7.44874382019043,7.488041877746582,0,train
6,he_5ba506,7.7399702072143555,7.218508720397949,0,train
6,he_955633,6.331265449523926,5.803964614868164,0,train
6,he_711362,6.950831413269043,6.709144592285156,0,validation
6,le_380ed6,6.927892684936523,6.882580280303955,0,train
6,he_eb5653,6.8773932456970215,6.594906806945801,0,train
6,le_ef147f,7.79375696182251,6.312304496765137,0,validation
6,le_bd5553,6.321152687072754,5.742491722106934,0,validation
6,he_e8d0d4,5.759639263153076,5.68120813369751,0,train
6,le_ac58bc,6.544853687286377,5.9655280113220215,0,train
6,le_6e93a8,5.417236804962158,5.164285659790039,0,train
6,le_a672ff,7.736224174499512,8.363997459411621,0,validation
6,he_59f481,8.265365600585938,10.066327095031738,0,train
6,le_32e365,5.923274993896484,5.656607627868652,0,validation
6,he_253e64,8.220174789428711,8.741615295410156,0,validation
6,he_1589ac,8.228160858154297,10.463020324707031,0,validation
6,he_0352a5,6.412069797515869,5.925169944763184,0,validation
6,he_0fe808,7.083400726318359,6.915363788604736,0,validation
6,he_4dfc9a,6.631407260894775,6.2122626304626465,0,train
6,he_53a37b,6.961330413818359,6.934004783630371,0,validation
6,he_3b1424,7.589231014251709,7.716334342956543,0,train
6,he_af8dbf,7.50809907913208,7.584494113922119,0,validation
6,he_a3e3a4,7.883326053619385,8.194236755371094,0,validation
6,le_622f03,5.804567813873291,4.805252552032471,0,validation
6,he_f40d7e,7.018908977508545,6.925576210021973,0,train
6,he_ad2c6f,6.825523853302002,6.514223098754883,0,validation
6,he_557676,6.927854061126709,6.825422763824463,0,validation
6,he_3c577e,6.652185916900635,6.2445855140686035,0,train
6,le_661759,7.935800075531006,7.287093162536621,0,validation
6,he_1aca60,7.020715713500977,7.3380255699157715,0,validation
6,he_dab57d,7.275528430938721,6.1478352546691895,0,validation
6,le_7b2851,7.732785701751709,8.02581787109375,0,train
6,le_ef4386,8.35962200164795,7.7894287109375,0,train
6,he_81c663,6.885808944702148,6.635780334472656,0,train
6,le_cde2f8,7.7365522384643555,8.345135688781738,0,train
6,he_781a92,6.3816680908203125,5.879568099975586,0,train
6,he_a777f6,7.136984348297119,6.998715400695801,0,train
6,he_ee4bcc,6.993897438049316,6.77613639831543,0,train
6,le_bc79cd,6.818192005157471,5.991756916046143,0,validation
6,he_0e1b16,7.791205883026123,8.04454231262207,0,validation
6,he_d16357,7.094318866729736,6.932346820831299,0,train
6,he_28e587,6.727841854095459,5.7754974365234375,0,train
6,he_41a754,6.76821756362915,5.554769039154053,0,train
6,le_70d46f,5.827509880065918,5.99150276184082,0,validation
6,le_ffbca1,8.397100448608398,7.8349833488464355,0,train
6,he_616252,7.397935390472412,7.193307399749756,0,train
6,he_a4594f,6.608813762664795,6.215675354003906,0,train
6,le_b8feee,6.114839553833008,7.72250509262085,0,train
6,le_eb9660,6.929903984069824,6.143241882324219,0,train
6,le_363c70,8.684350967407227,7.37671422958374,0,train
6,le_6bde61,9.15090560913086,7.809825897216797,0,validation
6,le_c04ae8,7.725261211395264,8.846165657043457,0,validation
6,he_4a3727,8.560761451721191,9.489927291870117,0,train
6,le_c880b0,7.939222812652588,8.050166130065918,0,validation
6,le_766228,7.454909801483154,6.529527187347412,0,validation
6,le_9c4270,5.251162052154541,5.175549507141113,0,train
6,he_87d8a7,8.095749855041504,8.60280704498291,0,validation
6,he_8feb2d,7.9865617752075195,7.306143283843994,0,validation
6,he_f01b48,7.475235462188721,7.5310893058776855,0,validation
6,le_58079b,5.558834552764893,5.861623287200928,0,train
6,le_5088b4,8.69601821899414,8.148688316345215,0,train
6,he_6528fe,6.159909248352051,5.280330181121826,0,validation
6,le_aa12de,7.23439359664917,6.387955665588379,0,train
6,he_3d059e,7.754455089569092,8.017731666564941,0,train
6,le_feadea,6.107759952545166,5.865931510925293,0,train
6,he_0724b7,8.40599536895752,8.376297950744629,0,validation
6,he_cd16a6,5.354152202606201,4.429433345794678,0,validation
6,le_5b76d0,6.104301452636719,5.868880271911621,0,validation
6,he_dfc951,7.486142158508301,7.548812389373779,0,validation
6,he_ff9f62,5.475430965423584,4.678304672241211,0,validation
6,le_7a26ee,7.485252857208252,8.162930488586426,0,validation
6,le_3fc415,6.733830451965332,7.347483158111572,0,train
6,he_79241f,6.760062217712402,7.201574802398682,0,train
6,he_51d69d,7.616883754730225,7.910172939300537,0,validation
6,he_660f4d,7.3337602615356445,7.304811477661133,0,train
6,le_69cfdb,5.583190441131592,5.667743682861328,0,train
6,le_472126,8.274126052856445,7.26581335067749,0,train
6,le_4c7bcc,6.4720234870910645,7.244776248931885,0,train
6,he_7d5015,8.21750259399414,9.026520729064941,0,validation
6,he_da468b,6.8422532081604,6.7152581214904785,0,validation
6,le_a1bed9,8.182835578918457,7.305137634277344,0,train
6,he_b190e2,8.182185173034668,10.297338485717773,0,train
6,le_322936,6.2275567054748535,5.621232986450195,0,train
6,le_39ed4e,5.660606384277344,5.777806282043457,0,train
6,he_139129,8.006311416625977,7.822521209716797,0,train
6,he_4615cf,6.6113715171813965,7.442214012145996,0,validation
6,he_910819,6.380989074707031,6.167776584625244,0,validation
6,he_03ff44,6.820302963256836,6.537520408630371,0,validation
6,he_c5228c,7.631561279296875,6.7981977462768555,0,train
6,le_510ee4,6.486536026000977,7.8314361572265625,0,validation
6,le_01c1d1,7.321676731109619,8.476612091064453,0,train
6,he_be5e6c,7.050577163696289,6.713474273681641,0,validation
6,he_035cdd,6.678677558898926,6.285794734954834,0,validation
6,le_83ec82,6.2276153564453125,5.583500385284424,0,train
6,le_10bdc8,5.933613300323486,6.12825345993042,0,train
6,he_08841b,5.840968132019043,5.137528419494629,0,validation
6,le_1438c8,6.726860523223877,6.383219242095947,0,train
6,le_28ff23,6.146279335021973,6.322697162628174,0,validation
6,le_26094c,7.910627841949463,7.5754714012146,0,validation
6,he_5bb743,7.176848888397217,7.046210289001465,0,train
6,le_400c54,6.415421009063721,5.45719051361084,0,train
6,le_044ad6,6.089757919311523,5.915462970733643,0,validation
6,le_63f66e,5.5677490234375,4.9806132316589355,0,train
6,le_9f1d40,5.957917213439941,5.444565296173096,0,validation
6,le_59dd77,7.958456516265869,7.352043151855469,0,validation
6,he_05a66f,6.854379177093506,6.559108257293701,0,train
6,he_758929,6.2410736083984375,6.584421634674072,0,validation
6,le_acce2f,6.217990398406982,5.829516410827637,0,validation
6,he_ab9692,6.585642337799072,6.185530662536621,0,train
6,he_b5456c,6.146323204040527,5.526551246643066,0,validation
6,le_bc7d24,6.371704578399658,7.607637882232666,0,train
6,le_801110,6.235188961029053,5.529335975646973,0,train
6,le_eaae1c,6.9485273361206055,6.685487747192383,0,validation
6,he_708f00,7.339779376983643,7.857107639312744,0,train
6,le_b43f6c,7.382171630859375,7.453890323638916,0,validation
6,le_590a7e,5.667990207672119,5.2846879959106445,0,validation
6,le_130ed1,5.975210666656494,5.677011966705322,0,train
6,he_f65738,8.5475492477417,10.157770156860352,0,train
6,he_a779a4,6.8004374504089355,6.475198745727539,0,validation
6,he_13dd33,6.741568565368652,5.830986022949219,0,validation
6,le_9ab3c8,5.7685546875,5.28024435043335,0,validation
6,he_37695e,4.601194858551025,5.174861907958984,0,validation
6,he_715e4a,6.476657390594482,6.022052764892578,0,validation
6,le_cf14b0,6.1596527099609375,6.1596527099609375,0,train
6,le_458c04,5.8949432373046875,5.240025043487549,0,validation
6,le_321164,6.731929779052734,7.29421854019165,0,train
6,he_69af03,6.7430877685546875,6.385988235473633,0,train
6,he_3179bb,7.120732307434082,5.825527191162109,0,train
6,le_1a2bdc,6.831023693084717,7.994328022003174,0,train
6,le_6d4621,6.0832014083862305,5.801910400390625,0,validation
6,le_f6fa0e,7.107659816741943,6.116089344024658,0,validation
6,le_8ee86d,6.870176792144775,6.475165367126465,0,validation
6,he_6fcaa9,6.76326322555542,6.417370796203613,0,validation
6,le_c1040c,8.56454086303711,8.068177223205566,0,validation
6,he_4cb4e1,6.940512180328369,6.693092346191406,0,validation
6,le_bc95e6,7.292841911315918,7.3204665184021,0,validation
6,le_a07c3a,7.281890392303467,7.442523956298828,0,validation
6,he_83c6f7,7.6697773933410645,7.847221374511719,0,train
6,le_49d277,7.051980972290039,6.101720333099365,0,validation
6,le_87d2fd,6.426601886749268,5.799506664276123,0,train
6,le_ba271f,7.242671489715576,6.801105499267578,0,validation
6,le_1a29b0,6.603808403015137,6.413712501525879,0,train
6,he_279227,7.954876899719238,8.782211303710938,0,validation
6,le_05a5f2,5.968008995056152,5.538442611694336,0,validation
6,le_ac3893,6.585380554199219,5.740090847015381,0,validation
6,he_d65115,8.034360885620117,9.488066673278809,0,validation
6,le_fa9cc3,7.766787052154541,8.126069068908691,0,validation
6,le_b0fdf1,6.464955806732178,6.125946521759033,0,validation
6,le_5a52c0,6.903989315032959,8.819866180419922,0,validation
6,he_d1f643,6.909460544586182,5.5472893714904785,0,validation
6,le_d20bd3,7.682065010070801,6.914534091949463,0,train
6,he_992e41,6.6901936531066895,6.070241451263428,0,train
6,le_cc6043,5.641509056091309,4.953893184661865,0,validation
6,he_c8b376,6.7104573249816895,6.2611823081970215,0,train
6,le_d21039,7.896481990814209,6.859019756317139,0,validation
6,le_5b5cf8,6.424690246582031,5.962380409240723,0,train
6,he_56e7b9,7.185756206512451,5.865791320800781,0,train
6,le_4229e2,6.64239501953125,6.881175518035889,0,validation
6,le_1a2492,7.268266201019287,8.239704132080078,0,validation
6,he_deb7c1,6.7330241203308105,8.252622604370117,0,validation
6,le_4f31ff,7.707992076873779,8.076990127563477,0,validation
6,he_221288,8.043181419372559,10.109295845031738,0,validation
6,le_7b2aea,7.809675693511963,8.724921226501465,0,train
6,le_8045b0,6.959964752197266,6.268364429473877,0,train
6,he_537134,6.968045711517334,6.735921859741211,0,validation
6,he_2fe81b,6.492569446563721,6.015604019165039,0,validation
6,he_a962bf,7.418305397033691,7.448677062988281,0,validation
6,le_50582c,7.066259860992432,5.796283721923828,0,validation
6,he_f55329,6.280964374542236,5.728512763977051,0,validation
6,he_43d1e1,7.3055219650268555,7.920153617858887,0,validation
6,he_4ec47d,6.856115341186523,6.263495445251465,0,validation
6,le_f28e73,7.19927453994751,6.500714302062988,0,validation
6,le_37a2d1,7.165504455566406,7.253565788269043,0,train
6,he_c20788,6.669723033905029,6.2718658447265625,0,validation
6,le_764df2,6.995561122894287,7.023475646972656,0,validation
6,he_c6590f,6.19468879699707,5.599099159240723,0,train
6,he_60ed0a,5.701474666595459,4.998534202575684,0,validation
6,he_5df55a,8.99710750579834,11.417922973632812,0,validation
6,he_734cd1,5.925202369689941,5.8233442306518555,0,train
6,le_de6e1e,5.7614617347717285,6.079689025878906,0,validation
6,le_b4482a,6.476492881774902,5.909554958343506,0,validation
6,he_57a478,7.02077579498291,6.817946434020996,0,validation
6,le_0af460,6.593517780303955,6.496532917022705,0,validation
6,le_f0d06e,9.02542495727539,7.7684102058410645,0,train
6,le_1c128f,7.97794246673584,7.531703948974609,0,train
6,le_a85ddb,7.094640254974365,6.442324161529541,0,validation
6,he_85af94,6.768477916717529,6.425483703613281,0,train
6,he_63befa,6.022411346435547,5.40144681930542,0,validation
6,he_652056,7.989898204803467,9.087879180908203,0,validation
6,he_0d36d6,6.7858500480651855,6.452507019042969,0,train
6,le_e0fa5c,6.354874610900879,5.600808143615723,0,validation
6,he_48966d,7.650351047515869,7.935957908630371,0,train
6,le_4d537b,5.855282306671143,5.56983757019043,0,validation
6,le_9d8415,6.0082173347473145,5.284517765045166,0,validation
6,he_487634,8.627069473266602,9.501733779907227,0,train
6,le_5ca495,7.36790132522583,7.25219202041626,0,train
6,he_3caee5,7.798889636993408,9.057476997375488,0,train
6,le_a61898,7.860377311706543,7.5196099281311035,0,validation
6,he_6effe8,6.716274738311768,6.395613670349121,0,validation
6,le_01c9ec,7.055049896240234,6.467353820800781,0,train
6,le_b8397b,6.220357894897461,5.925846099853516,0,train
6,he_94fd55,7.460773944854736,7.507589817047119,0,validation
6,le_01f7f4,8.094197273254395,7.913759708404541,0,validation
6,le_3730f0,7.8443284034729,7.506359100341797,0,train
6,le_d66bd6,7.90308141708374,8.129940032958984,0,train
6,le_4356f8,7.798954486846924,7.128808498382568,0,validation
6,le_0155ee,6.009488582611084,8.979540824890137,0,validation
6,he_380d40,7.4826812744140625,7.54318904876709,0,train
6,le_1bd9fa,6.562557697296143,6.329072952270508,0,train
6,he_195589,6.784141540527344,6.449850082397461,0,validation
6,le_4f6999,7.9188690185546875,7.934428691864014,0,train
6,he_d5d6ab,7.2445244789123535,7.156185150146484,0,train
6,he_c90fcd,6.773703098297119,6.6194562911987305,0,validation
6,le_3ccf61,7.738350868225098,8.25041675567627,0,validation
6,le_b9c5c4,7.7972025871276855,7.516432285308838,0,train
6,le_a6ce35,7.915711879730225,7.879795074462891,0,train
6,le_12c34b,6.057184219360352,5.332040786743164,0,validation
6,le_7c71da,5.886013507843018,5.079296588897705,0,validation
6,he_dbbed2,7.1875691413879395,7.077402591705322,0,train
6,he_fcf200,6.407450199127197,5.918240547180176,0,validation
6,le_84b6bb,6.553277492523193,5.9768171310424805,0,train
6,he_1f22c4,7.071993827819824,7.327622890472412,0,train
6,le_a9f11f,8.178680419921875,6.921669006347656,0,validation
6,le_1911ce,8.895284652709961,10.120429992675781,0,validation
6,he_0d9235,7.103696823120117,8.415887832641602,0,validation
6,le_83decd,8.544941902160645,9.80186653137207,0,validation
6,he_412004,7.654012203216553,7.821602821350098,0,validation
6,he_9910b5,7.057368755340576,6.874868392944336,0,train
6,he_98349a,6.392943859100342,6.238432884216309,0,validation
6,le_404d16,6.896728992462158,6.284415245056152,0,train
6,le_00eeb2,7.749682903289795,8.87847900390625,0,train
6,le_1ccf16,7.3899359703063965,8.071223258972168,0,validation
6,le_7261d3,5.7026801109313965,5.045053482055664,0,train
6,le_45d4cb,5.82946252822876,5.40863037109375,0,validation
6,le_694adb,6.978583335876465,6.754512786865234,0,train
6,le_70cf78,8.902020454406738,8.329954147338867,0,validation
6,he_e97c8c,6.864596843719482,6.603961944580078,0,train
6,he_0a5ec7,6.549007892608643,6.130576133728027,0,train
6,he_40a91b,7.54155158996582,6.9169921875,0,validation
6,he_cdc607,6.859723091125488,6.0928778648376465,0,train
6,he_89ad62,7.236870288848877,7.904969215393066,0,train
6,le_8deff5,6.583467960357666,6.585807800292969,0,validation
6,he_e1a03a,6.03732442855835,5.683104038238525,0,validation
6,le_52447f,7.334117889404297,6.63883113861084,0,validation
6,he_fb1124,8.623559951782227,11.493945121765137,0,train
6,le_523a81,5.717221736907959,5.397375583648682,0,validation
6,he_5608ba,6.867256164550781,6.498663425445557,0,train
6,le_8198ec,9.230096817016602,8.011089324951172,0,train
6,he_d85c04,7.387992858886719,7.3893208503723145,0,validation
6,he_403257,8.04029655456543,8.071747779846191,0,train
6,le_e568c3,6.371522426605225,5.961776256561279,0,train
6,he_86eeae,5.19736909866333,5.936133861541748,0,validation
6,le_dfd822,8.531608581542969,10.298291206359863,0,train
6,le_c50a04,6.001627445220947,7.735828399658203,0,train
6,le_8de934,6.603431224822998,7.206035614013672,0,train
6,he_47238e,6.73355770111084,6.371163368225098,0,validation
6,he_d6039a,6.21543550491333,7.180084228515625,0,validation
6,le_29fc1c,8.886445999145508,8.337200164794922,0,validation
6,he_076917,6.082486629486084,5.266794681549072,0,validation
6,le_91c567,6.137885093688965,5.845169544219971,0,validation
6,le_f58d84,6.856700897216797,6.475253582000732,0,validation
6,he_f0d231,6.40757417678833,5.974736213684082,0,validation
6,le_7427b9,6.147277355194092,6.5368733406066895,0,validation
6,le_7716d1,8.219091415405273,9.117515563964844,0,validation
6,he_0db92b,6.474058151245117,6.018152236938477,0,train
6,le_6975d5,7.489576816558838,7.35282564163208,0,train
6,he_4f7ff0,6.9562087059021,8.117130279541016,0,validation
6,he_e7fbc9,8.072019577026367,7.626153469085693,0,train
6,he_6c7977,7.494358539581299,7.562165260314941,0,validation
6,le_83615b,8.80241870880127,9.086068153381348,0,train
6,le_e50e4d,6.524687767028809,5.768012523651123,0,train
6,he_feda4e,7.527496337890625,8.692668914794922,0,validation
6,he_056a76,9.366679191589355,10.741503715515137,0,train
6,le_a0c615,6.971412181854248,6.841548442840576,0,train
6,he_25e97e,7.803274154663086,8.064153671264648,0,train
6,he_b85d24,8.040750503540039,9.018524169921875,0,validation
6,le_c470c6,7.828382968902588,8.144274711608887,0,validation
6,he_e554b0,6.741271018981934,6.383161544799805,0,train
6,le_a8ce41,5.978733539581299,7.758180141448975,0,train
6,le_56f182,6.029867649078369,6.820417881011963,0,train
6,le_5ff624,8.384612083435059,8.53357982635498,0,validation
6,le_c3a6f8,6.896149158477783,6.2738728523254395,0,validation
6,le_2f43e7,7.696293354034424,8.430523872375488,0,train
6,le_0bda07,7.088581562042236,7.287765026092529,0,validation
6,le_f39982,5.948786735534668,5.541969299316406,0,train
6,he_0fab59,6.329727649688721,5.801657676696777,0,validation
6,le_a1c863,6.5024285316467285,6.008432388305664,0,train
6,he_512e0a,8.073859214782715,8.596920013427734,0,train
6,le_2ba026,6.990819454193115,7.163451194763184,0,train
6,he_2044e1,7.527184009552002,6.709889888763428,0,validation
6,he_552813,7.1387104988098145,6.704436302185059,0,train
6,he_caef9f,5.845739841461182,5.144470691680908,0,train
6,he_bf08f5,7.5816802978515625,8.364272117614746,0,validation
6,he_959231,6.953781604766846,6.656466484069824,0,validation
6,le_2c1c76,6.104403495788574,5.800557613372803,0,train
6,he_b63add,7.071594715118408,6.896999835968018,0,train
6,he_a2b8a1,7.29738712310791,7.242087364196777,0,validation
6,le_8578d9,8.290470123291016,7.792524337768555,0,train
6,le_b41a4d,6.638236999511719,6.661390781402588,0,validation
6,le_80446d,7.1977858543396,6.018546104431152,0,train
6,le_e8dc06,6.067529201507568,5.7724761962890625,0,train
6,le_226bc8,6.978717803955078,6.792808532714844,0,train
6,le_fa7d2c,5.8993072509765625,5.421945571899414,0,validation
6,he_063fc0,7.164151668548584,5.874172687530518,0,train
6,he_affe4b,6.8622565269470215,6.57136344909668,0,validation
6,le_55232c,7.993378639221191,7.449825286865234,0,validation
6,he_01cfbe,7.577394962310791,7.697099208831787,0,validation
6,le_6cbd20,8.896378517150879,9.802909851074219,0,validation
6,he_4fd2c6,6.355073928833008,5.839676856994629,0,validation
6,le_d07324,7.186049938201904,6.098363876342773,0,validation
6,he_149c5b,7.022064208984375,6.819950580596924,0,train
6,he_7b0696,6.737339496612549,6.377045154571533,0,train
6,le_5ff0f8,6.401741027832031,7.077927112579346,0,validation
6,he_bfbfe0,6.205573558807373,5.615426063537598,0,validation
6,le_2c1fd3,5.677192687988281,6.239739894866943,0,train
6,he_113880,7.171967029571533,6.988131523132324,0,train
6,he_43444c,6.186888217926025,5.587397575378418,0,train
6,he_63e860,8.747480392456055,13.232274055480957,0,train
6,he_30ba2d,6.5466837882995605,6.127091407775879,0,validation
6,he_b516c8,6.902461528778076,6.633902549743652,0,validation
6,he_061e2c,7.48484468460083,7.555543422698975,0,train
6,le_430535,7.191919803619385,7.519933700561523,0,validation
6,le_2ce311,7.256730079650879,7.04062032699585,0,validation
6,le_9a7a59,6.815806865692139,6.668517112731934,0,train
6,le_54d379,6.583858013153076,5.6518988609313965,0,train
6,le_52b809,7.8318562507629395,8.807432174682617,0,train
6,le_f66fec,6.105075359344482,5.742307186126709,0,train
6,he_d9b3a0,6.381530284881592,5.879361629486084,0,validation
6,le_2e65e7,6.129061698913574,7.023802280426025,0,validation
6,le_eb89a4,7.268530368804932,6.846725940704346,0,validation
6,he_a7bf3c,6.935612678527832,6.654202938079834,0,validation
6,le_275fa9,8.135436058044434,8.5768404006958,0,train
6,he_16c2e2,6.640298366546631,6.267513751983643,0,train
6,le_763996,7.653515338897705,6.181822776794434,0,validation
6,le_c9ff75,8.040167808532715,7.6234354972839355,0,validation
6,le_eb4323,7.0169219970703125,6.146196365356445,0,validation
6,he_0935e0,6.946455955505371,6.171306610107422,0,validation
6,le_28d5fc,7.535653114318848,6.225564002990723,0,train
6,le_f85aef,6.962625503540039,6.4777140617370605,0,train
6,he_8743aa,7.47182559967041,7.525550842285156,0,validation
6,he_77325b,6.918116569519043,6.658254623413086,0,train
6,le_194430,7.070952415466309,6.457261085510254,0,train
6,he_0d978a,7.089046478271484,6.9241461753845215,0,validation
6,he_d5d228,7.150036811828613,7.6856584548950195,0,train
6,he_703227,6.560973644256592,5.796782493591309,0,validation
6,he_01e8ed,6.280409812927246,5.72767972946167,0,train
6,he_5785c0,6.548359394073486,6.129604816436768,0,validation
6,le_e7ceaf,7.447995662689209,7.074165344238281,0,validation
6,he_11ed24,6.216261386871338,5.631457328796387,0,validation
6,he_f65f6e,6.494354724884033,5.717219829559326,0,validation
6,he_726d3f,6.66289758682251,6.301412582397461,0,validation
6,le_dd8888,6.241150379180908,5.400209903717041,0,train
6,le_d042c2,6.924089431762695,6.414041042327881,0,train
6,le_39c6ce,6.951706409454346,6.68819522857666,0,validation
6,he_ab7281,6.880809307098389,6.600221633911133,0,train
6,he_019042,6.726817607879639,5.976499557495117,0,validation
6,le_d52c87,6.802853584289551,6.4260382652282715,0,validation
6,he_112f6d,6.5978169441223145,6.20379114151001,0,validation
6,le_4528f1,8.454323768615723,6.85865592956543,0,train
6,he_711892,6.434337139129639,7.511083126068115,0,validation
6,le_34558e,5.748622417449951,4.937332630157471,0,train
6,he_8066c3,7.431046485900879,7.459284782409668,0,train
6,he_fe4ada,7.352980136871338,8.156301498413086,0,validation
6,le_58b819,8.986285209655762,8.666266441345215,0,train
6,he_eae292,7.432572841644287,7.458521366119385,0,validation
6,he_14019f,6.499061107635498,6.899008274078369,0,validation
6,he_673c7e,6.791001796722412,6.493569374084473,0,train
6,he_d5db57,7.077305316925049,6.420033931732178,0,validation
6,le_7badf8,6.886186122894287,6.094662189483643,0,validation
6,le_912a2a,7.56939697265625,7.936033248901367,0,train
6,he_95ee8c,7.278548717498779,7.218927383422852,0,validation
6,le_8761f6,7.235019683837891,6.450142860412598,0,validation
6,le_5d7507,7.102423191070557,7.574743747711182,0,train
6,le_5863fc,6.927274227142334,6.887275695800781,0,validation
6,he_853422,6.98197603225708,6.75759220123291,0,validation
6,he_4e43b9,7.794958114624023,7.065438747406006,0,train
6,he_a39ebf,6.873247146606445,8.495969772338867,0,validation
6,le_80e3b0,5.751221656799316,5.707873821258545,0,train
6,le_e11ea9,6.481226444244385,5.960331916809082,0,validation
6,he_e69885,6.311320781707764,5.774048328399658,0,train
6,le_5d62d2,6.1729631423950195,5.58552885055542,0,train
6,le_a8ce3a,7.606637001037598,7.251054286956787,0,validation
6,he_477534,6.9392781257629395,7.3451433181762695,0,train
6,he_4528d8,7.508945941925049,6.777810096740723,0,validation
6,le_315c9d,6.168025493621826,5.956120491027832,0,train
6,he_9c907a,8.00408935546875,9.346672058105469,0,train
6,he_bc8ef0,6.357678413391113,5.843583106994629,0,validation
6,le_ff4463,7.40891170501709,7.538320064544678,0,train
6,he_b63a86,6.981790542602539,8.227770805358887,0,validation
6,le_6fe94c,5.8194169998168945,5.9587721824646,0,train
6,le_b554e0,6.420897960662842,5.688564300537109,0,validation
6,he_905478,6.259437084197998,5.442850112915039,0,validation
6,le_ae27bc,6.465723514556885,6.0996222496032715,0,validation
6,le_86dde0,6.778282165527344,6.633498191833496,0,validation
6,le_3235a7,5.988814353942871,5.73228645324707,0,train
6,le_560bc5,7.620213031768799,8.060541152954102,0,validation
6,le_b2d8a4,6.998653411865234,6.933260917663574,0,train
6,he_57b66a,7.246989727020264,8.474247932434082,0,train
6,he_8b6e8a,6.614044189453125,6.18525505065918,0,train
6,he_0ad37b,7.325589179992676,7.2921013832092285,0,validation
6,he_1f1796,7.135870456695557,6.996984004974365,0,validation
6,he_c788c4,6.677620887756348,10.539112091064453,0,train
6,le_3e0c8b,6.127320766448975,5.615291595458984,0,validation
6,le_ad29d4,8.339778900146484,8.561262130737305,0,validation
6,he_9ead18,6.699424743652344,7.1654181480407715,0,train
6,le_a9c8e7,6.705873012542725,8.503050804138184,0,train
6,he_fa775e,8.316447257995605,11.052891731262207,0,train
6,he_6eb3b7,5.831162452697754,6.053829669952393,0,train
6,le_b68792,7.2796807289123535,7.08502721786499,0,train
6,le_7491ba,6.393853187561035,5.828024864196777,0,train
6,le_155906,7.995853424072266,8.573872566223145,0,validation
6,le_71250d,8.760062217712402,6.8258442878723145,0,train
6,he_945b84,5.979304313659668,5.338746547698975,0,validation
6,le_767019,8.287704467773438,8.140050888061523,0,validation
6,le_bea3b5,6.404256343841553,6.241908073425293,0,validation
6,le_1a7ab7,5.416085720062256,6.460322380065918,0,train
6,he_0445e3,6.914351463317871,6.789675712585449,0,validation
6,he_ebb18a,6.31866979598999,5.276753902435303,0,train
6,he_04607e,6.308815956115723,5.770290851593018,0,train
6,le_8dffb2,6.471428871154785,5.895369529724121,0,validation
6,he_bf7958,6.939067840576172,6.126781463623047,0,validation
6,he_865b01,6.749542713165283,6.396028518676758,0,validation
6,he_5422d6,6.708035469055176,6.331460952758789,0,validation
6,le_1b77f0,5.91538667678833,6.111380577087402,0,validation
6,he_061f19,6.447538375854492,5.850877285003662,0,train
6,le_ab66f0,5.9510579109191895,5.567085266113281,0,train
6,le_33de79,7.602696895599365,8.815375328063965,0,validation
6,he_4d16d8,7.907623291015625,8.410171508789062,0,train
6,he_7141aa,5.841054916381836,5.364090919494629,0,validation
6,le_b7b78e,6.0562334060668945,5.935901165008545,0,train
6,le_341408,5.986562728881836,7.43486213684082,0,validation
6,he_e7f057,5.676943302154541,4.963780403137207,0,validation
6,le_c975ec,6.506924629211426,6.0362324714660645,0,train
6,he_b9dc56,6.2554097175598145,5.690179824829102,0,validation
6,he_b9ba5e,7.559307098388672,8.136198043823242,0,train
6,le_3ef247,8.547423362731934,9.139830589294434,0,validation
6,le_945414,6.19989013671875,6.832202911376953,0,train
6,le_73a0f6,5.979153156280518,5.268640041351318,0,validation
6,le_f790ca,6.209892749786377,5.546045780181885,0,train
6,le_3c1dbd,8.90253734588623,8.03377628326416,0,train
6,he_ac375a,7.703856945037842,8.52865219116211,0,validation
6,he_d0547e,7.753435134887695,7.406428337097168,0,train
6,le_0e80d9,6.030438423156738,6.02177095413208,0,train
6,he_9a731c,6.6149582862854,6.607061862945557,0,validation
6,he_442910,6.304757118225098,6.686896324157715,0,validation
6,le_ae71bb,6.739643096923828,6.225907325744629,0,validation
6,he_0c8461,8.206056594848633,10.280431747436523,0,validation
6,le_36906d,7.676486968994141,7.3238654136657715,0,validation
6,he_c72991,7.415541172027588,7.432026386260986,0,train
6,le_698ed0,7.304823398590088,5.845464706420898,0,train
6,le_2f8b4e,6.339227199554443,6.347012996673584,0,validation
6,le_096a5a,6.480374813079834,5.448049068450928,0,train
6,he_b62509,6.345531940460205,5.767568588256836,0,validation
6,le_ad984a,8.685966491699219,7.2565016746521,0,train
6,he_2aef37,6.659246921539307,6.76812219619751,0,validation
6,le_4e404a,5.768974304199219,5.381832599639893,0,train
6,he_8f57fb,7.152865409851074,7.0234198570251465,0,train
6,he_10c218,6.5877203941345215,6.91317081451416,0,train
6,he_a7eb16,7.038711071014404,6.845846176147461,0,train
6,le_157346,6.601797580718994,6.5210394859313965,0,train
6,he_4c56d3,7.3368072509765625,7.306145668029785,0,validation
6,le_875512,6.044976234436035,5.631378173828125,0,validation
6,le_f593c2,5.97689962387085,6.0119171142578125,0,train
6,le_43f436,7.480638027191162,8.216968536376953,0,train
6,he_fa6948,6.7666916847229,7.690832138061523,0,validation
6,he_cc58af,6.674672603607178,6.7543625831604,0,train
6,le_9aabb9,6.904526710510254,6.84254264831543,0,train
6,he_256c48,6.962810516357422,6.727778434753418,0,validation
6,he_301a3e,7.8485612869262695,8.137744903564453,0,train
6,he_bda96d,6.893205642700195,6.759767055511475,0,validation
6,le_d031d2,6.426387310028076,6.680427551269531,0,train
6,he_935b9f,7.889920234680176,7.517747402191162,0,train
6,he_f51b67,5.773123741149902,5.038847923278809,0,train
6,le_1223ad,5.648773670196533,5.209575653076172,0,validation
6,le_59e8c6,7.516252040863037,7.295860290527344,0,train
6,he_fd9c4c,7.799164772033691,8.057476043701172,0,train
6,he_4e95fa,8.24020767211914,9.633410453796387,0,train
6,he_5863f3,7.056946277618408,7.150657653808594,0,train
6,le_327267,6.162225723266602,5.612406253814697,0,validation
6,le_d61b54,8.612944602966309,7.95134973526001,0,validation
6,he_69475d,7.032312870025635,6.811341285705566,0,validation
6,he_f152e5,6.580420970916748,6.177697658538818,0,train
6,le_5704eb,8.124382019042969,7.058373928070068,0,validation
6,le_c5b6c0,7.484118938446045,7.201775550842285,0,validation
6,he_90123f,8.156856536865234,8.397008895874023,0,train
6,he_0bee72,7.163605213165283,7.040127754211426,0,validation
6,he_68742b,7.2882981300354,7.234091758728027,0,validation
6,he_b7e84d,6.488369941711426,6.039620399475098,0,validation
6,he_765035,7.114304542541504,7.081930637359619,0,train
6,le_e7dcfd,6.215702533721924,6.271932601928711,0,validation
6,he_a9942d,7.245180606842041,7.402377128601074,0,validation
6,he_d1ef4d,6.938592433929443,6.580413818359375,0,validation
6,le_f9fcdf,6.520484924316406,6.461374282836914,0,validation
6,he_b2fbe6,7.83689022064209,8.118779182434082,0,train
6,le_338fc2,6.597382068634033,6.059150695800781,0,validation
6,he_51a0c7,6.513990879058838,6.087914943695068,0,validation
6,le_77f475,7.692517280578613,8.596206665039062,0,validation
6,le_0e684b,8.353584289550781,8.499373435974121,0,validation
6,he_19058d,5.557460784912109,4.794515132904053,0,train
6,he_b5f00f,5.482182502746582,4.687870502471924,0,train
6,he_1ef995,7.584743976593018,7.070860862731934,0,train
6,he_844d39,6.437430381774902,5.910521507263184,0,train
6,he_ae8e9c,6.893253326416016,5.94793176651001,0,train
6,le_6035f7,6.083251953125,5.723958969116211,0,train
6,he_0a3039,6.08169412612915,7.4085211753845215,0,train
6,le_550d25,6.339685440063477,6.702308654785156,0,validation
6,le_ec27a1,6.880886077880859,6.321104049682617,0,validation
6,he_f77454,7.243587970733643,6.636683464050293,0,validation
6,le_d7795e,6.375391960144043,6.332907199859619,0,train
6,le_1c7c91,6.285948276519775,6.118422985076904,0,validation
6,he_8a99f7,7.913411617279053,8.561677932739258,0,train
6,le_d1964b,7.3436150550842285,8.123130798339844,0,validation
6,he_2dc55e,6.7763447761535645,7.199835777282715,0,train
6,le_8cccbf,7.285913944244385,8.010116577148438,0,validation
6,le_25d7bf,6.664785861968994,6.465512752532959,0,train
6,le_d83883,7.584615230560303,7.939476013183594,0,validation
6,he_5893a2,7.12982177734375,7.747766017913818,0,train
6,he_5b4ec1,7.625959396362305,7.797452449798584,0,train
6,le_adb773,7.345573425292969,6.904916286468506,0,validation
6,he_d66410,7.179224014282227,7.693634033203125,0,validation
6,he_d91d52,8.274063110351562,10.246976852416992,0,train
6,le_497c69,6.5920186042785645,7.116889476776123,0,validation
6,he_b70236,6.5282135009765625,6.099385738372803,0,train
6,le_ecfb48,6.785733222961426,6.701878070831299,0,train
6,he_4caf0f,6.94732666015625,8.018714904785156,0,train
6,he_f7f5b8,7.077492713928223,6.906173229217529,0,train
6,he_8b8e73,6.301383018493652,5.759140968322754,0,validation
6,he_df76e7,5.942914962768555,5.285815715789795,0,train
6,le_384eec,6.469853401184082,5.5260772705078125,0,train
6,he_6a3ff1,6.218676567077637,5.686923980712891,0,train
6,le_af2269,7.087565898895264,6.994190692901611,0,validation
6,he_91e872,6.167420387268066,5.558197498321533,0,train
6,he_92a1d4,5.851600646972656,5.152995586395264,0,train
6,le_58503c,6.239207744598389,5.367438316345215,0,validation
6,le_9827be,6.530557155609131,6.659588813781738,0,validation
6,he_0a2e7a,5.9121832847595215,5.175341606140137,0,train
6,le_536ce6,6.03706169128418,5.74292516708374,0,validation
6,le_c47bf3,6.197427749633789,5.976987838745117,0,train
6,le_23d7e6,5.9763312339782715,5.208150863647461,0,train
6,he_aea985,6.790838718414307,8.13781452178955,0,train
6,he_610a6b,6.3756608963012695,5.870556831359863,0,train
6,le_0b5c71,7.383541107177734,6.7115302085876465,0,train
6,le_8e17a1,6.607024192810059,6.410079479217529,0,train
6,he_e97a85,6.597842216491699,6.06174373626709,0,train
6,he_baf440,7.501502513885498,6.471112251281738,0,validation
6,he_41f4cd,5.931938171386719,5.26984977722168,0,validation
6,he_5cb9a5,7.012944221496582,6.634101867675781,0,train
6,le_59e850,6.203231334686279,5.795726776123047,0,train
6,le_130466,7.538749694824219,7.526717662811279,0,train
6,le_ae10ae,6.7480082511901855,6.032026290893555,0,train
6,le_b57fb4,5.609816074371338,4.784421920776367,0,validation
6,he_122fc1,7.272372245788574,7.201437950134277,0,validation
6,he_def558,7.379180908203125,7.516076564788818,0,train
6,he_88eef7,7.057347774505615,8.941872596740723,0,train
6,le_56db27,7.382046222686768,6.702947616577148,0,train
6,le_b72c01,7.313429355621338,7.873372554779053,0,train
6,he_e7e54d,8.035711288452148,8.825676918029785,0,train
6,he_666efe,8.039105415344238,8.447381019592285,0,train
6,le_5f218d,6.141810417175293,5.866400241851807,0,validation
6,le_31327c,7.361682415008545,7.46854829788208,0,validation
6,le_cae6e7,6.861359596252441,6.193423271179199,0,validation
6,he_fdfcef,7.834907531738281,8.115557670593262,0,train
6,le_53b2fd,6.20311975479126,6.002358436584473,0,train
6,le_72261f,7.739281177520752,5.674752235412598,0,train
6,le_fc3d57,7.281111240386963,7.751404285430908,0,train
6,le_230abf,7.701831817626953,7.232102870941162,0,validation
6,le_41a3a0,6.568720817565918,6.446996688842773,0,validation
6,he_7a5e63,6.925711154937744,6.670068740844727,0,train
6,le_dfd3b4,7.881424427032471,8.088472366333008,0,validation
6,le_a2fcff,6.888123512268066,6.294466972351074,0,validation
6,le_109683,7.630192756652832,7.26780891418457,0,validation
6,he_7057f3,6.904797077178955,5.6586151123046875,0,validation
6,he_558615,7.114105701446533,7.872803211212158,0,train
6,le_e7fc9f,6.721245765686035,6.506547927856445,0,train
6,le_ac7cf7,6.4320573806762695,6.156076908111572,0,validation
6,he_9eff37,7.32493257522583,7.291079998016357,0,validation
6,le_d44ccb,6.436407089233398,5.219733238220215,0,validation
6,le_d60087,5.40231466293335,5.396082878112793,0,train
6,le_9c6ba0,6.059356212615967,7.18285608291626,0,validation
6,he_97db03,8.70079231262207,9.416167259216309,0,train
6,le_ff1ebb,7.331090450286865,7.331090450286865,0,validation
6,le_e9f735,7.50766134262085,7.940671920776367,0,train
6,he_e6d7a6,7.830241680145264,8.107975006103516,0,validation
6,he_97c074,7.750990867614746,8.519408226013184,0,validation
6,le_d969e0,6.477623462677002,6.3038763999938965,0,train
6,he_bbc8b7,8.4695405960083,9.297569274902344,0,validation
6,le_1aa1fb,6.053717613220215,5.163204669952393,0,validation
6,le_1c3df3,7.257552623748779,7.608041763305664,0,validation
6,le_b7d8a6,7.232835292816162,6.801518440246582,0,validation
6,he_9b050e,6.374688625335693,5.869099140167236,0,validation
6,le_d52c28,6.332317352294922,5.30168342590332,0,validation
6,he_3f7fe7,7.164228916168213,7.02755069732666,0,validation
6,he_b3e123,6.694638729095459,6.310622692108154,0,validation
6,le_1674c0,5.82379150390625,5.267829895019531,0,train
6,le_78f0ed,5.608321666717529,5.512491703033447,0,train
6,he_533155,7.157715320587158,7.0309624671936035,0,validation
6,he_d80706,7.931331157684326,9.903311729431152,0,train
6,le_ff18cf,6.478487491607666,5.785760402679443,0,validation
6,le_8a6f35,7.231822490692139,7.600667953491211,0,validation
6,he_2edc16,6.550320625305176,6.086128234863281,0,validation
6,he_4ff1c4,6.714105129241943,8.266254425048828,0,validation
6,he_4f9390,7.584417819976807,8.137965202331543,0,validation
6,le_185d39,8.515639305114746,7.174222469329834,0,train
6,le_9b9745,7.592679023742676,7.236034870147705,0,validation
6,le_91f758,6.352463245391846,5.4376115798950195,0,train
6,le_a8ed34,7.554830551147461,7.349813938140869,0,train
6,he_661ccf,7.349192142486572,6.899571895599365,0,train
6,he_37489d,6.726860523223877,7.974801063537598,0,train
6,he_7c68af,8.231932640075684,9.323691368103027,0,train
6,le_838987,5.788045883178711,5.800128936767578,0,train
6,le_f50d64,6.493332862854004,7.534329891204834,0,validation
6,le_417bec,7.992077827453613,7.9109930992126465,0,validation
6,le_a6260b,6.137888431549072,5.455299377441406,0,train
6,he_51332a,7.109463691711426,6.478715419769287,0,validation
6,he_1ef686,6.888566493988037,6.744838714599609,0,train
6,le_4b0989,6.240273952484131,5.691709041595459,0,train
6,le_19c9ac,5.618752479553223,7.013095855712891,0,train
6,he_d79548,6.207025051116943,5.617603778839111,0,validation
6,le_6d15c9,7.992067813873291,7.1118035316467285,0,validation
6,le_5b740a,6.405209541320801,5.714908599853516,0,train
6,le_edf950,6.2328033447265625,5.506641864776611,0,train
6,he_847dab,6.6749444007873535,7.533835411071777,0,train
6,he_a64661,6.770829677581787,6.429141998291016,0,train
6,he_cdf3a4,7.702589511871338,7.621784210205078,0,train
6,he_cabb3d,6.608872413635254,6.220375061035156,0,validation
6,he_e07220,6.098649024963379,5.4550395011901855,0,validation
6,le_57ec9b,8.346339225769043,7.8192267417907715,0,train
6,he_7556fc,6.641787528991699,6.269746780395508,0,train
6,le_9468b1,9.242570877075195,9.619921684265137,0,validation
6,le_2af127,6.66337776184082,6.603536605834961,0,validation
6,he_9c8a78,5.805014133453369,5.085232734680176,0,train
6,he_2519ee,7.564416408538818,8.387802124023438,0,train
6,he_f84b71,6.981921672821045,6.75750732421875,0,train
6,le_98b680,6.5806193351745605,5.7755351066589355,0,train
6,le_4afc4d,9.02737808227539,8.149867057800293,0,train
6,le_d96176,7.753551959991455,8.735878944396973,0,validation
6,he_859e26,6.677016258239746,7.142333984375,0,train
6,he_bddd26,6.305295467376709,5.765010356903076,0,train
6,he_f07086,6.550954341888428,6.951622009277344,0,train
6,he_ffbc40,5.874275207519531,5.185976505279541,0,train
6,le_a80334,7.179109573364258,6.599620819091797,0,train
6,le_1b5d46,7.599163055419922,7.31233024597168,0,validation
6,le_f7b80b,5.79728364944458,4.990025997161865,0,validation
6,le_ceeb48,6.632382869720459,5.580206871032715,0,train
6,he_e187a0,6.18242073059082,4.9531989097595215,0,train
6,le_5f97fa,7.694619655609131,7.267594337463379,0,train
7,le_d069d3,6.712076663970947,6.798346042633057,0,validation
7,he_47c12f,7.235886096954346,7.033933162689209,0,validation
7,le_64d75a,5.7565178871154785,5.810914516448975,0,train
7,le_259d3e,7.636359214782715,8.176695823669434,0,validation
7,he_31fd02,7.35371732711792,6.649296760559082,0,train
7,he_cb7e90,7.821417808532715,10.100358009338379,0,train
7,he_79e9b7,7.661694526672363,9.309435844421387,0,validation
7,he_eb9923,6.3314208984375,6.530405521392822,0,validation
7,he_fb3ae1,6.40974235534668,5.814911842346191,0,validation
7,he_e12d52,8.228754997253418,9.030084609985352,0,validation
7,le_bf9a36,8.600417137145996,8.28808879852295,0,train
7,he_4a04a2,7.378961086273193,7.945788383483887,0,validation
7,le_b2752d,7.743253231048584,6.945525169372559,0,train
7,le_7aa426,6.98130464553833,8.32701587677002,0,train
7,le_98d6b3,6.700957775115967,6.8512420654296875,0,validation
7,he_0d4150,8.037185668945312,9.80648422241211,0,validation
7,he_a87a9b,7.044908046722412,7.493112087249756,0,validation
7,le_fde5e8,7.831822872161865,7.810062408447266,0,validation
7,le_78fc9a,7.524443626403809,8.32827091217041,0,train
7,le_749d9e,6.192418098449707,5.84730339050293,0,train
7,le_d82184,7.10196590423584,8.475043296813965,0,validation
7,he_81252f,6.654102802276611,7.536931037902832,0,train
7,le_02764e,7.553491115570068,7.673187255859375,0,train
7,he_bda94e,6.555373191833496,6.033358573913574,0,train
7,le_5f185b,8.025774002075195,8.466919898986816,0,train
7,he_a8615f,6.519481182098389,5.979521751403809,0,train
7,he_929466,7.872651100158691,7.982545375823975,0,train
7,he_883cb8,7.11923885345459,6.852480411529541,0,validation
7,le_f0530f,7.494028568267822,7.960350513458252,0,train
7,he_1d2579,5.986046314239502,5.938837051391602,0,validation
7,le_9faffe,6.087451934814453,5.773719310760498,0,validation
7,he_842a1f,6.038151741027832,5.425971508026123,0,train
7,he_bb65e5,7.465574741363525,6.960531711578369,0,validation
7,he_95d87e,6.9389567375183105,6.572042465209961,0,train
7,le_c8410f,7.683560848236084,7.417407512664795,0,train
7,le_e7807e,5.659478187561035,5.023082256317139,0,train
7,le_3a63b0,7.887539863586426,7.912430286407471,0,train
7,he_b61f8b,7.951407432556152,8.17141056060791,0,validation
7,he_17f529,6.044177055358887,5.508866786956787,0,train
7,he_34360a,6.455130577087402,5.882994651794434,0,train
7,le_3422e0,7.90756893157959,7.1855621337890625,0,validation
7,he_a0069c,8.148967742919922,8.49244499206543,0,train
7,le_ba2a87,5.435769081115723,5.798459053039551,0,train
7,le_66b5ac,8.311566352844238,7.66332483291626,0,validation
7,he_ccbb6e,7.77402925491333,7.923470973968506,0,validation
7,le_4c4592,7.170355796813965,6.468084812164307,0,validation
7,he_2b1023,7.3948493003845215,7.267005920410156,0,validation
7,le_ed8708,5.528217792510986,5.172561168670654,0,train
7,he_4ee83e,6.366706371307373,6.6547956466674805,0,validation
7,le_49a533,6.851975917816162,5.562921047210693,0,train
7,he_9ce40f,5.689239025115967,4.918461799621582,0,train
7,le_592616,6.573878765106201,7.597249507904053,0,validation
7,he_76ab15,7.151343822479248,6.9024224281311035,0,validation
7,he_261f83,6.387793064117432,5.781988620758057,0,train
7,le_120b5b,6.62135648727417,6.0927958488464355,0,train
7,le_f2acc0,6.835507869720459,6.812439918518066,0,train
7,he_04551f,7.492837905883789,7.426233768463135,0,validation
7,he_b9a930,6.205824851989746,5.654755115509033,0,train
7,le_80ca99,6.13718843460083,6.442437648773193,0,validation
7,he_334eb2,6.597662925720215,5.848779201507568,0,validation
7,le_0c2039,6.291851997375488,5.8500847816467285,0,validation
7,he_028951,6.925597190856934,6.588695526123047,0,validation
7,le_d45347,6.511587619781494,5.961418151855469,0,train
7,he_a4529f,6.141493797302246,5.576286792755127,0,train
7,le_234216,6.6420674324035645,5.944467067718506,0,train
7,le_9391b0,8.57870864868164,7.561704158782959,0,train
7,le_454c0b,7.449930667877197,6.866668701171875,0,validation
7,le_49db1c,8.636004447937012,10.294264793395996,0,validation
7,he_67ae44,5.890168190002441,5.210722923278809,0,train
7,le_3c9f84,7.353134632110596,6.962713241577148,0,validation
7,he_15a710,8.189770698547363,8.959990501403809,0,train
7,he_4be430,6.742598056793213,7.66196346282959,0,validation
7,he_4435d3,7.169723033905029,6.474965572357178,0,train
7,he_de4bf9,6.542410850524902,5.955193519592285,0,validation
7,he_e361fe,7.103004455566406,6.827227592468262,0,validation
7,he_2e9fb6,5.841805458068848,5.140377521514893,0,train
7,le_b1f4ec,8.04392147064209,6.592258453369141,0,train
7,he_a3611b,6.835867404937744,6.3604278564453125,0,validation
7,le_971e6c,6.1986236572265625,5.770008563995361,0,validation
7,he_764bec,7.139759063720703,6.884399890899658,0,train
7,he_2b42db,7.217827320098877,6.979342937469482,0,train
7,he_a10557,7.2933030128479,7.123246192932129,0,validation
7,he_5ec5e8,6.564029693603516,5.771934986114502,0,validation
7,le_4677fe,6.682801246643066,8.950501441955566,0,validation
7,le_98525a,7.705792427062988,6.331182479858398,0,validation
7,le_d24988,6.309892177581787,7.216724872589111,0,validation
7,he_37c485,7.165046215057373,6.923737525939941,0,validation
7,he_637e1b,6.564939022064209,6.047708511352539,0,train
7,le_aa9b3d,6.9679856300354,6.673147678375244,0,validation
7,le_092d88,8.686081886291504,8.812752723693848,0,validation
7,le_d8de43,7.275636672973633,7.537934303283691,0,train
7,le_68cc09,5.743997097015381,6.644573211669922,0,train
7,le_814b46,5.9499287605285645,5.320903778076172,0,validation
7,he_9cff74,7.179198741912842,6.724639892578125,0,train
7,le_96c6d5,8.66136646270752,9.026185035705566,0,validation
7,he_c1196d,8.199370384216309,9.800520896911621,0,train
7,he_5a6c32,6.98073673248291,6.637033939361572,0,validation
7,he_5d5f7a,7.315272808074951,7.1574225425720215,0,train
7,le_3a623c,6.323160648345947,6.091709613800049,0,train
7,le_e7dea5,8.196627616882324,6.964208126068115,0,train
7,he_80b814,6.251220226287842,5.577130317687988,0,validation
7,le_09679c,6.6948041915893555,8.243355751037598,0,train
7,le_d4dd8f,5.916879177093506,5.022698402404785,0,validation
7,he_4bfcf6,6.778105735778809,6.367457389831543,0,train
7,le_8f8e8a,7.579125881195068,6.716777801513672,0,validation
7,he_eff624,7.442535400390625,7.344492435455322,0,train
7,le_b194d6,7.047288417816162,6.210997104644775,0,validation
7,le_b1ae3c,8.780281066894531,7.35117769241333,0,validation
7,he_5597e5,6.939784526824951,6.573329925537109,0,train
7,he_8a456e,7.847052574157715,8.00183391571045,0,validation
7,he_094848,6.914300441741943,6.533689022064209,0,train
7,le_1c08db,6.01357364654541,5.8049445152282715,0,train
7,he_e0689e,6.50885009765625,6.9470977783203125,0,validation
7,le_f1d98c,7.191552639007568,6.330476760864258,0,train
7,le_a818bf,5.7354583740234375,5.8651628494262695,0,train
7,he_b19ac2,6.668294429779053,6.202740669250488,0,train
7,he_932e9c,7.407918930053711,7.288243293762207,0,validation
7,he_e1c1ac,7.829296588897705,8.238510131835938,0,validation
7,he_acd142,7.016995429992676,6.693437099456787,0,train
7,le_daf354,7.5933403968811035,8.631168365478516,0,train
7,he_c21f8c,6.1387763023376465,5.465312957763672,0,train
7,he_929f9b,6.644134998321533,6.166501522064209,0,validation
7,le_baabbc,6.478687763214111,5.471158504486084,0,train
7,he_4f27f3,7.791998863220215,7.912369251251221,0,train
7,le_c75cf6,7.159200191497803,7.598046779632568,0,validation
7,he_eaabee,6.9123215675354,7.1369171142578125,0,validation
7,he_85fdc1,7.160876274108887,6.91724967956543,0,validation
7,le_d5e0b8,6.060810565948486,5.735055446624756,0,train
7,le_b001cf,7.224338054656982,6.278605937957764,0,validation
7,he_6be05d,7.404524803161621,7.792835712432861,0,train
7,le_870446,7.006820201873779,6.830950736999512,0,train
7,le_0637ba,6.211549282073975,5.531142711639404,0,train
7,he_8a549e,7.906301498413086,9.73318099975586,0,train
7,le_d025d9,7.455461502075195,6.5409464836120605,0,validation
7,he_a26cfb,7.978156566619873,9.196613311767578,0,validation
7,he_836543,7.2926764488220215,7.122273921966553,0,train
7,he_b8a511,6.521640300750732,5.9228835105896,0,train
7,le_0623c9,6.992528438568115,6.632450103759766,0,validation
7,he_9b18bc,7.444997787475586,6.474892616271973,0,validation
7,he_685d08,8.362759590148926,9.924107551574707,0,train
7,le_92914d,9.613273620605469,9.168734550476074,0,train
7,he_35b068,5.84571647644043,6.075546741485596,0,train
7,he_3a40f5,6.25874662399292,5.7514824867248535,0,train
7,le_ddbf24,6.913548946380615,7.454822540283203,0,train
7,le_08e1b5,5.83742618560791,6.970754146575928,0,train
7,le_256cce,6.480731964111328,5.3335394859313965,0,train
7,he_0e2b7a,8.073460578918457,8.304678916931152,0,validation
7,he_6cfa07,6.839524745941162,7.43679141998291,0,validation
7,he_85ff02,9.244918823242188,10.420287132263184,0,train
7,le_39b3e3,7.102506637573242,6.677724838256836,0,train
7,he_351fa1,6.230611801147461,5.5462164878845215,0,validation
7,le_d2662d,6.414425849914551,6.310783386230469,0,train
7,he_6e2164,6.572656154632568,6.059283256530762,0,validation
7,he_321338,7.101734638214111,6.82525110244751,0,train
7,he_b9c59b,7.546546459197998,7.513510227203369,0,train
7,he_5ba506,7.686948299407959,7.130836486816406,0,train
7,he_955633,6.351133346557617,5.726996898651123,0,train
7,he_711362,6.984833240509033,6.643404483795166,0,validation
7,le_380ed6,6.897176265716553,6.953673362731934,0,train
7,he_eb5653,7.017760276794434,6.694625377655029,0,train
7,le_ef147f,7.946127414703369,6.585973739624023,0,validation
7,le_bd5553,6.280154228210449,5.603787422180176,0,validation
7,he_e8d0d4,5.776249885559082,5.738527297973633,0,train
7,le_ac58bc,6.516506671905518,5.922934532165527,0,train
7,le_6e93a8,5.385176658630371,5.245409965515137,0,train
7,le_a672ff,7.792788028717041,8.364411354064941,0,validation
7,he_59f481,8.211322784423828,10.153971672058105,0,train
7,le_32e365,5.940798759460449,5.625136375427246,0,validation
7,he_253e64,8.448431015014648,8.97907543182373,0,validation
7,he_1589ac,8.167007446289062,10.108622550964355,0,validation
7,he_0352a5,6.424811840057373,5.837516784667969,0,validation
7,he_0fe808,7.12593412399292,6.862895965576172,0,validation
7,he_4dfc9a,6.730722904205322,6.248122692108154,0,train
7,he_53a37b,6.745547771453857,6.691784858703613,0,validation
7,he_3b1424,7.638266563415527,7.662557125091553,0,train
7,he_af8dbf,7.543259620666504,7.508170127868652,0,validation
7,he_a3e3a4,8.015275001525879,8.275196075439453,0,validation
7,le_622f03,5.8107590675354,4.830564498901367,0,validation
7,he_f40d7e,6.951735973358154,6.781632900238037,0,train
7,he_ad2c6f,6.922540187835693,6.546506404876709,0,validation
7,he_557676,6.809607982635498,6.689627170562744,0,validation
7,he_3c577e,6.749053955078125,6.276638984680176,0,train
7,le_661759,7.9519877433776855,7.294363498687744,0,validation
7,he_1aca60,6.8288750648498535,7.141685485839844,0,validation
7,he_dab57d,7.181063652038574,5.924260139465332,0,validation
7,le_7b2851,7.961812973022461,8.465883255004883,0,train
7,le_ef4386,8.197763442993164,7.538995742797852,0,train
7,he_81c663,6.949734687805176,6.624899864196777,0,train
7,le_cde2f8,7.8105854988098145,8.5362548828125,0,train
7,he_781a92,6.465632438659668,5.89874792098999,0,train
7,he_a777f6,7.37046480178833,7.243276119232178,0,train
7,he_ee4bcc,7.0431365966796875,6.734100341796875,0,train
7,le_bc79cd,6.687062740325928,5.814867973327637,0,validation
7,he_0e1b16,7.876272201538086,8.049315452575684,0,validation
7,he_d16357,7.214058876037598,6.999979019165039,0,train
7,he_28e587,6.646728515625,5.543565273284912,0,train
7,he_41a754,6.730300426483154,5.484218120574951,0,train
7,le_70d46f,5.882469177246094,5.904118537902832,0,validation
7,le_ffbca1,8.440177917480469,7.791019439697266,0,train
7,he_616252,7.366123676300049,7.149648189544678,0,train
7,he_a4594f,6.390056133270264,5.973085403442383,0,train
7,le_b8feee,6.094030857086182,7.736845016479492,0,train
7,le_eb9660,7.042299747467041,6.298375606536865,0,train
7,le_363c70,8.523600578308105,7.1613922119140625,0,train
7,le_6bde61,9.268260955810547,7.984046936035156,0,validation
7,le_c04ae8,7.885336399078369,9.077818870544434,0,validation
7,he_4a3727,8.51992416381836,9.50704574584961,0,train
7,le_c880b0,7.855416297912598,8.05783748626709,0,validation
7,le_766228,7.50482177734375,6.595285415649414,0,validation
7,le_9c4270,5.283669471740723,5.2693634033203125,0,train
7,he_87d8a7,8.230986595153809,8.682117462158203,0,validation
7,he_8feb2d,7.901426792144775,7.252641201019287,0,validation
7,he_f01b48,7.546872615814209,7.514040470123291,0,validation
7,le_58079b,5.4066386222839355,5.796187877655029,0,train
7,le_5088b4,8.658663749694824,8.116293907165527,0,train
7,he_6528fe,6.1123552322387695,5.368870258331299,0,validation
7,le_aa12de,7.321300029754639,6.414161205291748,0,train
7,he_3d059e,7.838002681732178,8.008431434631348,0,train
7,le_feadea,6.042965412139893,5.816184997558594,0,train
7,he_0724b7,8.422515869140625,8.546485900878906,0,validation
7,he_cd16a6,5.41776704788208,4.523592948913574,0,validation
7,le_5b76d0,6.098828315734863,5.886002540588379,0,validation
7,he_dfc951,7.612314224243164,7.62038516998291,0,validation
7,he_ff9f62,5.444126129150391,4.63545036315918,0,validation
7,le_7a26ee,7.367751121520996,7.848116397857666,0,validation
7,le_3fc415,6.761961936950684,7.365987777709961,0,train
7,he_79241f,6.728097438812256,7.228841304779053,0,train
7,he_51d69d,7.653228282928467,7.959493637084961,0,validation
7,he_660f4d,7.471002101898193,7.399670124053955,0,train
7,le_69cfdb,5.530060768127441,5.559480667114258,0,train
7,le_472126,8.33566665649414,7.408955097198486,0,train
7,le_4c7bcc,6.525815010070801,7.567904949188232,0,train
7,he_7d5015,8.28797721862793,9.026409149169922,0,validation
7,he_da468b,6.871715545654297,6.855624198913574,0,validation
7,le_a1bed9,8.146615028381348,7.3777923583984375,0,train
7,he_b190e2,8.181127548217773,10.33401870727539,0,train
7,le_322936,6.2952561378479,5.7897539138793945,0,train
7,le_39ed4e,5.7550225257873535,5.919557571411133,0,train
7,he_139129,7.85493803024292,7.738914489746094,0,train
7,he_4615cf,6.597689151763916,7.517002105712891,0,validation
7,he_910819,6.366837978363037,6.14377498626709,0,validation
7,he_03ff44,6.940062046051025,6.610391139984131,0,validation
7,he_c5228c,7.704720497131348,6.9405646324157715,0,train
7,le_510ee4,6.637938022613525,8.072293281555176,0,validation
7,le_01c1d1,7.303849220275879,8.364649772644043,0,train
7,he_be5e6c,6.978973388671875,6.751251220703125,0,validation
7,he_035cdd,6.769371032714844,6.3082427978515625,0,validation
7,le_83ec82,6.176918983459473,5.543892860412598,0,train
7,le_10bdc8,5.996554851531982,6.2312164306640625,0,train
7,he_08841b,5.846989631652832,5.147917747497559,0,validation
7,le_1438c8,6.803431034088135,6.471517562866211,0,train
7,le_28ff23,6.403672695159912,6.560005187988281,0,validation
7,le_26094c,7.787181854248047,7.616519927978516,0,validation
7,he_5bb743,7.216593265533447,6.977336883544922,0,train
7,le_400c54,6.363334655761719,5.40702486038208,0,train
7,le_044ad6,6.037425518035889,5.886463642120361,0,validation
7,le_63f66e,5.551965713500977,4.93505334854126,0,train
7,le_9f1d40,6.065186023712158,5.578084945678711,0,validation
7,le_59dd77,7.928529262542725,7.355780124664307,0,validation
7,he_05a66f,6.935575008392334,6.5667829513549805,0,train
7,he_758929,6.4483113288879395,6.846759796142578,0,validation
7,le_acce2f,6.15065336227417,5.768998622894287,0,validation
7,he_ab9692,6.742032051086426,6.313346862792969,0,train
7,he_b5456c,6.2798943519592285,5.620140552520752,0,validation
7,le_bc7d24,6.55150842666626,8.065388679504395,0,train
7,le_801110,6.258912086486816,5.586130142211914,0,train
7,le_eaae1c,6.873082160949707,6.598403453826904,0,validation
7,he_708f00,7.254223346710205,7.675347805023193,0,train
7,le_b43f6c,7.314709663391113,7.361111164093018,0,validation
7,le_590a7e,5.7117600440979,5.318902015686035,0,validation
7,le_130ed1,5.950498104095459,5.65201997756958,0,train
7,he_f65738,8.6113920211792,10.297422409057617,0,train
7,he_a779a4,6.8819966316223145,6.483437538146973,0,validation
7,he_13dd33,6.651026248931885,5.656646251678467,0,validation
7,le_9ab3c8,5.778282165527344,5.302122116088867,0,validation
7,he_37695e,4.552154064178467,5.263302326202393,0,validation
7,he_715e4a,6.51747465133667,5.976511478424072,0,validation
7,le_cf14b0,6.154366493225098,6.154366493225098,0,train
7,le_458c04,5.940694808959961,5.304873466491699,0,validation
7,le_321164,6.806977272033691,7.445629119873047,0,train
7,he_69af03,6.805416584014893,6.364313125610352,0,train
7,he_3179bb,7.270349502563477,6.031734466552734,0,train
7,le_1a2bdc,6.7937469482421875,7.969844818115234,0,train
7,le_6d4621,6.030290603637695,5.818212509155273,0,validation
7,le_f6fa0e,7.162313938140869,6.1724324226379395,0,validation
7,le_8ee86d,6.742886066436768,6.311063289642334,0,validation
7,he_6fcaa9,6.866355895996094,6.459107398986816,0,validation
7,le_c1040c,8.544478416442871,8.034775733947754,0,validation
7,he_4cb4e1,7.045688629150391,6.738070487976074,0,validation
7,le_bc95e6,7.302729606628418,7.3771867752075195,0,validation
7,le_a07c3a,7.1940083503723145,7.374025821685791,0,validation
7,he_83c6f7,7.791053295135498,7.910835266113281,0,train
7,le_49d277,6.9675493240356445,6.005370140075684,0,validation
7,le_87d2fd,6.315551280975342,5.644845485687256,0,train
7,le_ba271f,7.239570617675781,6.820610046386719,0,validation
7,le_1a29b0,6.601307392120361,6.354434967041016,0,train
7,he_279227,7.9117655754089355,8.565075874328613,0,validation
7,le_05a5f2,5.993840217590332,5.568964958190918,0,validation
7,le_ac3893,6.380420207977295,5.506070137023926,0,validation
7,he_d65115,7.967319488525391,9.509232521057129,0,validation
7,le_fa9cc3,7.727323055267334,8.028255462646484,0,validation
7,le_b0fdf1,6.430795669555664,6.118835926055908,0,validation
7,le_5a52c0,6.789628028869629,8.460331916809082,0,validation
7,he_d1f643,6.898472309112549,5.460397720336914,0,validation
7,le_d20bd3,7.683835506439209,6.887171745300293,0,train
7,he_992e41,6.4988789558410645,5.91644811630249,0,train
7,le_cc6043,5.590382099151611,4.896636009216309,0,validation
7,he_c8b376,6.714990139007568,6.342507839202881,0,train
7,le_d21039,7.880334377288818,6.884338855743408,0,validation
7,le_5b5cf8,6.4309868812561035,5.991863250732422,0,train
7,he_56e7b9,7.267685413360596,6.0129876136779785,0,train
7,le_4229e2,6.562516212463379,6.740821838378906,0,validation
7,le_1a2492,7.238099098205566,8.30361270904541,0,validation
7,he_deb7c1,6.676570892333984,8.076149940490723,0,validation
7,le_4f31ff,7.693748474121094,8.084675788879395,0,validation
7,he_221288,7.8504791259765625,9.906084060668945,0,validation
7,le_7b2aea,7.98941707611084,9.052345275878906,0,train
7,le_8045b0,6.901723861694336,6.213157653808594,0,train
7,he_537134,7.031040191650391,6.71528434753418,0,validation
7,he_2fe81b,6.387770175933838,5.806050777435303,0,validation
7,he_a962bf,7.523343563079834,7.519957542419434,0,validation
7,le_50582c,7.173758029937744,5.851729869842529,0,validation
7,he_f55329,6.330116271972656,5.695472717285156,0,validation
7,he_43d1e1,7.225976467132568,7.650057792663574,0,validation
7,he_4ec47d,6.740890026092529,6.267166614532471,0,validation
7,le_f28e73,7.311004638671875,6.6876349449157715,0,validation
7,le_37a2d1,7.178708553314209,7.275422096252441,0,train
7,he_c20788,6.789207458496094,6.3390984535217285,0,validation
7,le_764df2,6.973713397979736,6.978792667388916,0,validation
7,he_c6590f,6.179750442504883,5.469923973083496,0,train
7,he_60ed0a,5.61413049697876,4.8762898445129395,0,validation
7,he_5df55a,8.916083335876465,11.509322166442871,0,validation
7,he_734cd1,6.025313854217529,5.835503578186035,0,train
7,le_de6e1e,5.6444525718688965,5.942370414733887,0,validation
7,le_b4482a,6.622530937194824,6.059593677520752,0,validation
7,he_57a478,7.108613014221191,6.83595085144043,0,validation
7,le_0af460,6.560295104980469,6.399046897888184,0,validation
7,le_f0d06e,8.999905586242676,7.737432956695557,0,train
7,le_1c128f,8.088875770568848,7.650410175323486,0,train
7,le_a85ddb,7.070653438568115,6.413950443267822,0,validation
7,he_85af94,6.7771148681640625,6.320287227630615,0,train
7,he_63befa,6.053308963775635,5.448017597198486,0,validation
7,he_652056,8.115131378173828,9.190186500549316,0,validation
7,he_0d36d6,6.866279602050781,6.45898962020874,0,train
7,le_e0fa5c,6.406523704528809,5.511502265930176,0,validation
7,he_48966d,7.623681545257568,7.983674049377441,0,train
7,le_4d537b,5.803404808044434,5.471913814544678,0,validation
7,le_9d8415,6.0926923751831055,5.375469207763672,0,validation
7,he_487634,8.612114906311035,9.201860427856445,0,train
7,le_5ca495,7.292534828186035,7.086790561676025,0,train
7,he_3caee5,7.7470550537109375,9.029813766479492,0,train
7,le_a61898,7.776663303375244,7.374856472015381,0,validation
7,he_6effe8,6.626241683959961,6.234180450439453,0,validation
7,le_01c9ec,7.1646342277526855,6.541867256164551,0,train
7,le_b8397b,6.22001838684082,5.900579929351807,0,train
7,he_94fd55,7.518933296203613,7.468640327453613,0,validation
7,le_01f7f4,7.998561382293701,7.888559818267822,0,validation
7,le_3730f0,7.778628349304199,7.4767656326293945,0,train
7,le_d66bd6,7.858471393585205,8.021400451660156,0,train
7,le_4356f8,7.852912902832031,7.222745895385742,0,validation
7,le_0155ee,6.024330139160156,9.132573127746582,0,validation
7,he_380d40,7.56267786026001,7.539725303649902,0,train
7,le_1bd9fa,6.540266990661621,6.290394306182861,0,train
7,he_195589,6.997779846191406,6.663544654846191,0,validation
7,le_4f6999,7.922733306884766,7.983879566192627,0,train
7,he_d5d6ab,7.310972213745117,7.130702972412109,0,train
7,he_c90fcd,6.702583312988281,6.539327144622803,0,validation
7,le_3ccf61,7.639460563659668,8.07331657409668,0,validation
7,le_b9c5c4,7.766348361968994,7.474137783050537,0,train
7,le_a6ce35,7.9853196144104,8.106590270996094,0,train
7,le_12c34b,6.0910162925720215,5.388247966766357,0,validation
7,le_7c71da,5.986608982086182,5.298425674438477,0,validation
7,he_dbbed2,7.389193058013916,7.272410869598389,0,train
7,he_fcf200,6.529860973358154,5.995090007781982,0,validation
7,le_84b6bb,6.591549396514893,6.013589859008789,0,train
7,he_1f22c4,7.22770881652832,7.5736541748046875,0,train
7,le_a9f11f,8.158221244812012,6.890113353729248,0,validation
7,le_1911ce,8.797768592834473,9.965180397033691,0,validation
7,he_0d9235,7.021925449371338,8.530160903930664,0,validation
7,le_83decd,8.441167831420898,9.606682777404785,0,validation
7,he_412004,7.800339221954346,7.925926208496094,0,validation
7,he_9910b5,7.075119495391846,6.783851146697998,0,train
7,he_98349a,6.467942714691162,6.4741106033325195,0,validation
7,le_404d16,7.0064568519592285,6.423238754272461,0,train
7,le_00eeb2,7.763111591339111,8.938801765441895,0,train
7,le_1ccf16,7.424143314361572,8.193303108215332,0,validation
7,le_7261d3,5.644575595855713,4.999247074127197,0,train
7,le_45d4cb,5.828329086303711,5.36580753326416,0,validation
7,le_694adb,6.967197418212891,6.723343849182129,0,train
7,le_70cf78,9.004988670349121,8.526958465576172,0,validation
7,he_e97c8c,6.908097267150879,6.56244421005249,0,train
7,he_0a5ec7,6.701146125793457,6.252017974853516,0,train
7,he_40a91b,7.512001037597656,6.900118827819824,0,validation
7,he_cdc607,6.728835105895996,5.987531661987305,0,train
7,he_89ad62,7.174038410186768,7.795581817626953,0,train
7,le_8deff5,6.584991931915283,6.595427989959717,0,validation
7,he_e1a03a,5.891768932342529,5.5292840003967285,0,validation
7,le_52447f,7.481439113616943,6.874430179595947,0,validation
7,he_fb1124,8.606575965881348,11.517790794372559,0,train
7,le_523a81,5.586301803588867,5.269219398498535,0,validation
7,he_5608ba,6.746494770050049,6.418585777282715,0,train
7,le_8198ec,9.249792098999023,8.070537567138672,0,train
7,he_d85c04,7.3966875076293945,7.269989967346191,0,validation
7,he_403257,8.030216217041016,8.077108383178711,0,train
7,le_e568c3,6.320149898529053,5.94011116027832,0,train
7,he_86eeae,5.070448875427246,5.827197074890137,0,validation
7,le_dfd822,8.580981254577637,10.34521770477295,0,train
7,le_c50a04,6.113955020904541,7.8382134437561035,0,train
7,le_8de934,6.585267543792725,7.147066593170166,0,train
7,he_47238e,6.875251293182373,6.472944259643555,0,validation
7,he_d6039a,6.161301612854004,7.144390106201172,0,validation
7,le_29fc1c,9.000597953796387,8.57486629486084,0,validation
7,he_076917,5.978433609008789,5.072185039520264,0,validation
7,le_91c567,6.172730445861816,5.915216445922852,0,validation
7,le_f58d84,6.895392894744873,6.61929178237915,0,validation
7,he_f0d231,6.307624340057373,5.752854824066162,0,validation
7,le_7427b9,6.172147274017334,6.5825724601745605,0,validation
7,le_7716d1,8.209775924682617,9.197710990905762,0,validation
7,he_0db92b,6.537410259246826,6.006413459777832,0,train
7,le_6975d5,7.555935382843018,7.385793209075928,0,train
7,he_4f7ff0,7.031202793121338,8.41743278503418,0,validation
7,he_e7fbc9,8.014616012573242,7.628031253814697,0,train
7,he_6c7977,7.583129405975342,7.572957992553711,0,validation
7,le_83615b,8.930890083312988,9.317339897155762,0,train
7,le_e50e4d,6.552677154541016,5.794059753417969,0,train
7,he_feda4e,7.472717761993408,8.737156867980957,0,validation
7,he_056a76,9.412646293640137,10.916415214538574,0,train
7,le_a0c615,6.8586344718933105,6.692638874053955,0,train
7,he_25e97e,7.926156997680664,8.130378723144531,0,train
7,he_b85d24,7.921687126159668,8.808883666992188,0,validation
7,le_c470c6,7.791677951812744,8.009288787841797,0,validation
7,he_e554b0,6.838406085968018,6.415630340576172,0,train
7,le_a8ce41,5.987443447113037,7.636253356933594,0,train
7,le_56f182,6.054097652435303,6.787461757659912,0,train
7,le_5ff624,8.376108169555664,8.511764526367188,0,validation
7,le_c3a6f8,6.920901298522949,6.188850402832031,0,validation
7,le_2f43e7,7.776547908782959,8.432737350463867,0,train
7,le_0bda07,6.947113037109375,7.204651355743408,0,validation
7,le_f39982,5.961503505706787,5.5682053565979,0,train
7,he_0fab59,6.369543552398682,5.754615306854248,0,validation
7,le_a1c863,6.602177143096924,6.0912628173828125,0,train
7,he_512e0a,8.047895431518555,8.38802719116211,0,train
7,le_2ba026,6.956119060516357,7.000347137451172,0,train
7,he_2044e1,7.434986591339111,6.536305904388428,0,validation
7,he_552813,7.0324249267578125,6.775439262390137,0,train
7,he_caef9f,5.818111419677734,5.105912685394287,0,train
7,he_bf08f5,7.472181797027588,8.254719734191895,0,validation
7,he_959231,7.023423671722412,6.90691614151001,0,validation
7,le_2c1c76,5.971446514129639,5.668126106262207,0,train
7,he_b63add,7.12739896774292,6.865175247192383,0,train
7,he_a2b8a1,7.497332572937012,7.433539390563965,0,validation
7,le_8578d9,8.48468017578125,7.990135192871094,0,train
7,le_b41a4d,6.6165771484375,6.780231475830078,0,validation
7,le_80446d,7.1955366134643555,6.010583877563477,0,train
7,le_e8dc06,6.031224250793457,5.723829746246338,0,train
7,le_226bc8,6.996683597564697,6.8360748291015625,0,train
7,le_fa7d2c,5.867228984832764,5.394421100616455,0,validation
7,he_063fc0,7.161283493041992,5.880121231079102,0,train
7,he_affe4b,6.871321201324463,6.466831207275391,0,validation
7,le_55232c,7.951931476593018,7.361569404602051,0,validation
7,he_01cfbe,7.708983898162842,7.777472496032715,0,validation
7,le_6cbd20,8.932311058044434,9.997919082641602,0,validation
7,he_4fd2c6,6.519912242889404,5.980167388916016,0,validation
7,le_d07324,7.211402416229248,6.13885498046875,0,validation
7,he_149c5b,7.104403972625732,6.829404830932617,0,train
7,he_7b0696,6.79995059967041,6.355811595916748,0,train
7,le_5ff0f8,6.320041656494141,7.042474269866943,0,validation
7,he_bfbfe0,6.3728413581848145,5.759560585021973,0,validation
7,le_2c1fd3,5.6969404220581055,6.383372783660889,0,train
7,he_113880,7.0627665519714355,6.9009294509887695,0,train
7,he_43444c,6.32827091217041,5.692706108093262,0,train
7,he_63e860,8.66673469543457,13.015595436096191,0,train
7,he_30ba2d,6.625985622406006,6.139277458190918,0,validation
7,he_b516c8,6.822948932647705,6.3915863037109375,0,validation
7,he_061e2c,7.4993743896484375,7.427926063537598,0,train
7,le_430535,7.180805206298828,7.582967281341553,0,validation
7,le_2ce311,7.283267974853516,7.12781286239624,0,validation
7,le_9a7a59,6.767038822174072,6.655557632446289,0,train
7,le_54d379,6.754339218139648,5.83970832824707,0,train
7,le_52b809,7.760006904602051,8.66801643371582,0,train
7,le_f66fec,6.137519359588623,5.739852428436279,0,train
7,he_d9b3a0,6.447905540466309,5.872157573699951,0,validation
7,le_2e65e7,6.021309852600098,6.971452713012695,0,validation
7,le_eb89a4,7.411492824554443,7.057712554931641,0,validation
7,he_a7bf3c,6.938089370727539,6.524768829345703,0,validation
7,le_275fa9,8.090544700622559,8.592350959777832,0,train
7,he_16c2e2,6.644894123077393,6.167641639709473,0,train
7,le_763996,7.622104644775391,6.141899108886719,0,validation
7,le_c9ff75,8.02359676361084,7.581535339355469,0,validation
7,le_eb4323,7.037460803985596,6.188690185546875,0,validation
7,he_0935e0,6.895893096923828,6.255727767944336,0,validation
7,le_28d5fc,7.5922651290893555,6.214679718017578,0,train
7,le_f85aef,7.00251579284668,6.443678379058838,0,train
7,he_8743aa,7.4672698974609375,7.384686470031738,0,validation
7,he_77325b,7.04854679107666,6.742516040802002,0,train
7,le_194430,7.094029903411865,6.455561637878418,0,train
7,he_0d978a,7.2571868896484375,7.0670671463012695,0,validation
7,he_d5d228,7.083047866821289,7.418390274047852,0,train
7,he_703227,6.572762489318848,5.780703544616699,0,validation
7,he_01e8ed,6.3436079025268555,5.715710639953613,0,train
7,he_5785c0,6.618423938751221,6.12793493270874,0,validation
7,le_e7ceaf,7.431549549102783,7.056380271911621,0,validation
7,he_11ed24,6.307039737701416,5.660859107971191,0,validation
7,he_f65f6e,6.5639753341674805,5.899665832519531,0,validation
7,he_726d3f,6.691041469573975,6.2368621826171875,0,validation
7,le_dd8888,6.168684959411621,5.311469078063965,0,train
7,le_d042c2,6.916061878204346,6.465298652648926,0,train
7,le_39c6ce,6.874857425689697,6.59242582321167,0,validation
7,he_ab7281,6.885018825531006,6.488139629364014,0,train
7,he_019042,6.709100246429443,5.94594144821167,0,validation
7,le_d52c87,6.853041648864746,6.495142459869385,0,validation
7,he_112f6d,6.566563606262207,6.050144672393799,0,validation
7,le_4528f1,8.274886131286621,6.654909133911133,0,train
7,he_711892,6.486720085144043,7.495513916015625,0,validation
7,le_34558e,5.771012783050537,4.96121883392334,0,train
7,he_8066c3,7.509448528289795,7.4532270431518555,0,train
7,he_fe4ada,7.3873443603515625,8.27139663696289,0,validation
7,le_58b819,8.996514320373535,8.616979598999023,0,train
7,he_eae292,7.5363311767578125,7.501293659210205,0,validation
7,he_14019f,6.449517726898193,6.836076259613037,0,validation
7,he_673c7e,6.841949462890625,6.463221549987793,0,train
7,he_d5db57,7.082385063171387,6.602333068847656,0,validation
7,le_7badf8,6.886021137237549,6.074453353881836,0,validation
7,le_912a2a,7.582823753356934,7.916493892669678,0,train
7,he_95ee8c,7.258033752441406,7.068384647369385,0,validation
7,le_8761f6,7.148937225341797,6.306463241577148,0,validation
7,le_5d7507,7.306215763092041,7.840980529785156,0,train
7,le_5863fc,6.912201404571533,6.879044532775879,0,validation
7,he_853422,7.089284420013428,6.805887222290039,0,validation
7,he_4e43b9,7.6730146408081055,7.007052421569824,0,train
7,he_a39ebf,6.894411087036133,8.573740005493164,0,validation
7,le_80e3b0,5.790250778198242,5.764017581939697,0,train
7,le_e11ea9,6.579482555389404,6.062430381774902,0,validation
7,he_e69885,6.3657426834106445,5.7489118576049805,0,train
7,le_5d62d2,6.318068981170654,5.785915374755859,0,train
7,le_a8ce3a,7.5622878074646,7.324995517730713,0,validation
7,he_477534,6.97288703918457,7.382004737854004,0,train
7,he_4528d8,7.491671562194824,6.588128089904785,0,validation
7,le_315c9d,6.16126823425293,5.940299034118652,0,train
7,he_9c907a,7.884181022644043,9.143669128417969,0,train
7,he_bc8ef0,6.377740383148193,5.766909122467041,0,validation
7,le_ff4463,7.321101188659668,7.361185550689697,0,train
7,he_b63a86,7.008946418762207,8.123577117919922,0,validation
7,le_6fe94c,5.805755615234375,5.957188606262207,0,train
7,le_b554e0,6.371272563934326,5.54843282699585,0,validation
7,he_905478,6.403007984161377,5.612756729125977,0,validation
7,le_ae27bc,6.421762943267822,6.084808349609375,0,validation
7,le_86dde0,6.8320746421813965,6.68266487121582,0,validation
7,le_3235a7,6.1340508460998535,5.915456295013428,0,train
7,le_560bc5,7.6102986335754395,8.028145790100098,0,validation
7,le_b2d8a4,7.045272350311279,7.034914016723633,0,train
7,he_57b66a,7.352701187133789,8.79005241394043,0,train
7,he_8b6e8a,6.70483922958374,6.207860946655273,0,train
7,he_0ad37b,7.456191539764404,7.376630783081055,0,validation
7,he_1f1796,7.2660322189331055,7.080825328826904,0,validation
7,he_c788c4,6.587018013000488,10.384188652038574,0,train
7,le_3e0c8b,6.163037300109863,5.701479434967041,0,validation
7,le_ad29d4,8.295430183410645,8.56014347076416,0,validation
7,he_9ead18,6.599674701690674,7.136290550231934,0,train
7,le_a9c8e7,6.781774997711182,8.5880708694458,0,train
7,he_fa775e,8.387960433959961,10.967297554016113,0,train
7,he_6eb3b7,5.918031215667725,6.230801582336426,0,train
7,le_b68792,7.406922817230225,7.249721527099609,0,train
7,le_7491ba,6.443509578704834,5.923663139343262,0,train
7,le_155906,8.08597183227539,8.687422752380371,0,validation
7,le_71250d,8.795499801635742,6.9421515464782715,0,train
7,he_945b84,5.974615573883057,5.333554744720459,0,validation
7,le_767019,8.341574668884277,8.197402000427246,0,validation
7,le_bea3b5,6.403476238250732,6.225853443145752,0,validation
7,le_1a7ab7,5.238146781921387,6.252554893493652,0,train
7,he_0445e3,6.964568138122559,6.946890830993652,0,validation
7,he_ebb18a,6.368257522583008,5.345274448394775,0,train
7,he_04607e,6.447832107543945,5.87204647064209,0,train
7,le_8dffb2,6.451589107513428,5.858694076538086,0,validation
7,he_bf7958,6.919242858886719,6.058883190155029,0,validation
7,he_865b01,6.91168737411499,6.529625415802002,0,validation
7,he_5422d6,6.681983947753906,6.17230749130249,0,validation
7,le_1b77f0,5.849404811859131,6.084270477294922,0,validation
7,he_061f19,6.337920665740967,5.823718070983887,0,train
7,le_ab66f0,6.011830806732178,5.695679664611816,0,train
7,le_33de79,7.579413414001465,8.636109352111816,0,validation
7,he_4d16d8,7.807267189025879,8.337455749511719,0,train
7,he_7141aa,5.854377269744873,5.379732608795166,0,validation
7,le_b7b78e,6.101928234100342,6.02020263671875,0,train
7,le_341408,5.958113193511963,7.469083786010742,0,validation
7,he_e7f057,5.720910549163818,5.027560710906982,0,validation
7,le_c975ec,6.532876491546631,6.036238193511963,0,train
7,he_b9dc56,6.278578281402588,5.618166923522949,0,validation
7,he_b9ba5e,7.5386810302734375,8.25632381439209,0,train
7,le_3ef247,8.643770217895508,9.254013061523438,0,validation
7,le_945414,6.28506326675415,6.8754472732543945,0,train
7,le_73a0f6,5.935036659240723,5.263754844665527,0,validation
7,le_f790ca,6.247513294219971,5.563098430633545,0,train
7,le_3c1dbd,8.95753002166748,8.1478271484375,0,train
7,he_ac375a,7.594182968139648,8.427274703979492,0,validation
7,he_d0547e,7.7886576652526855,7.509176731109619,0,train
7,le_0e80d9,5.935150623321533,5.938416004180908,0,train
7,he_9a731c,6.454601764678955,6.442980766296387,0,validation
7,he_442910,6.350608825683594,6.788957118988037,0,validation
7,le_ae71bb,6.737396717071533,6.278568267822266,0,validation
7,he_0c8461,8.148466110229492,10.177871704101562,0,validation
7,le_36906d,7.832615852355957,7.442698001861572,0,validation
7,he_c72991,7.514642238616943,7.467554092407227,0,train
7,le_698ed0,7.479449272155762,6.049947738647461,0,train
7,le_2f8b4e,6.251673221588135,6.229912281036377,0,validation
7,le_096a5a,6.451980113983154,5.426130294799805,0,train
7,he_b62509,6.463704586029053,5.832761764526367,0,validation
7,le_ad984a,8.568746566772461,7.171142578125,0,train
7,he_2aef37,6.672589302062988,6.781851768493652,0,validation
7,le_4e404a,5.823693752288818,5.46760368347168,0,train
7,he_8f57fb,7.221747398376465,7.011938095092773,0,train
7,he_10c218,6.591086387634277,6.959360599517822,0,train
7,he_a7eb16,7.174281597137451,6.938103199005127,0,train
7,le_157346,6.5894293785095215,6.499617576599121,0,train
7,he_4c56d3,7.4723896980285645,7.393008232116699,0,validation
7,le_875512,6.075940132141113,5.649563312530518,0,validation
7,le_f593c2,5.922370910644531,5.957681655883789,0,train
7,le_43f436,7.537957191467285,8.358405113220215,0,train
7,he_fa6948,6.665342330932617,7.46518087387085,0,validation
7,he_cc58af,6.573620319366455,6.793622016906738,0,train
7,le_9aabb9,6.731635093688965,6.660850524902344,0,train
7,he_256c48,6.971770286560059,6.623085975646973,0,validation
7,he_301a3e,7.984096050262451,8.224530220031738,0,train
7,he_bda96d,6.827585697174072,6.785933017730713,0,validation
7,le_d031d2,6.490347862243652,6.746760845184326,0,train
7,he_935b9f,7.887497425079346,7.502744197845459,0,train
7,he_f51b67,5.640702247619629,4.847862720489502,0,train
7,le_1223ad,5.676085948944092,5.2407121658325195,0,validation
7,le_59e8c6,7.648542881011963,7.43549919128418,0,train
7,he_fd9c4c,7.9830498695373535,8.222829818725586,0,train
7,he_4e95fa,8.156469345092773,9.503655433654785,0,train
7,he_5863f3,6.991682052612305,7.060242652893066,0,train
7,le_327267,6.269986629486084,5.81787109375,0,validation
7,le_d61b54,8.716355323791504,7.955779552459717,0,validation
7,he_69475d,7.129079341888428,6.835127830505371,0,validation
7,he_f152e5,6.633833885192871,6.1510491371154785,0,train
7,le_5704eb,8.135222434997559,7.13400411605835,0,validation
7,le_c5b6c0,7.324014663696289,7.007401943206787,0,validation
7,he_90123f,8.030173301696777,8.214347839355469,0,train
7,he_0bee72,7.30930233001709,7.148134231567383,0,validation
7,he_68742b,7.450154781341553,7.367240905761719,0,validation
7,he_b7e84d,6.537266731262207,6.006198883056641,0,validation
7,he_765035,6.975488662719727,6.8466339111328125,0,train
7,le_e7dcfd,6.105879306793213,6.131504058837891,0,validation
7,he_a9942d,7.220802307128906,7.367688179016113,0,validation
7,he_d1ef4d,6.876463413238525,6.566526889801025,0,validation
7,le_f9fcdf,6.56105899810791,6.591875076293945,0,validation
7,he_b2fbe6,7.928066730499268,8.1334810256958,0,train
7,le_338fc2,6.527586936950684,5.850964546203613,0,validation
7,he_51a0c7,6.517223834991455,6.0126447677612305,0,validation
7,le_77f475,7.646365642547607,8.599119186401367,0,validation
7,le_0e684b,8.443788528442383,8.700469970703125,0,validation
7,he_19058d,5.538316249847412,4.768886566162109,0,train
7,he_b5f00f,5.439848899841309,4.629390239715576,0,train
7,he_1ef995,7.68212890625,7.312071800231934,0,train
7,he_844d39,6.509358882904053,5.903779983520508,0,train
7,he_ae8e9c,6.873983383178711,5.915253639221191,0,train
7,le_6035f7,6.027527332305908,5.634092807769775,0,train
7,he_0a3039,5.983638286590576,7.290246486663818,0,train
7,le_550d25,6.515324115753174,6.976287364959717,0,validation
7,le_ec27a1,6.815244674682617,6.222805023193359,0,validation
7,he_f77454,7.272104263305664,6.697185516357422,0,validation
7,le_d7795e,6.345242977142334,6.447454929351807,0,train
7,le_1c7c91,6.390654563903809,6.2402873039245605,0,validation
7,he_8a99f7,7.904362678527832,8.540212631225586,0,train
7,le_d1964b,7.213661193847656,8.236424446105957,0,validation
7,he_2dc55e,6.738461017608643,7.172116756439209,0,train
7,le_8cccbf,7.312864780426025,7.951671600341797,0,validation
7,le_25d7bf,6.746070861816406,6.583423614501953,0,train
7,le_d83883,7.565388202667236,7.979969024658203,0,validation
7,he_5893a2,7.127643585205078,7.694146156311035,0,train
7,he_5b4ec1,7.679449558258057,7.7366251945495605,0,train
7,le_adb773,7.231051445007324,6.795572757720947,0,validation
7,he_d66410,7.2094244956970215,7.700212478637695,0,validation
7,he_d91d52,8.174690246582031,10.104665756225586,0,train
7,le_497c69,6.83027982711792,7.595448970794678,0,validation
7,he_b70236,6.656516075134277,6.185073375701904,0,train
7,le_ecfb48,6.853745937347412,6.814094066619873,0,train
7,he_4caf0f,6.9393839836120605,8.153279304504395,0,train
7,he_f7f5b8,7.257269859313965,7.067195892333984,0,train
7,he_8b8e73,6.357367515563965,5.736350059509277,0,validation
7,he_df76e7,5.849016189575195,5.1508660316467285,0,train
7,le_384eec,6.439120292663574,5.442142009735107,0,train
7,he_6a3ff1,6.080809116363525,5.48801851272583,0,train
7,le_af2269,7.092658519744873,7.057865142822266,0,validation
7,he_91e872,6.233234882354736,5.5501508712768555,0,train
7,he_92a1d4,5.858811378479004,5.165112495422363,0,train
7,le_58503c,6.252262592315674,5.386607646942139,0,validation
7,le_9827be,6.504452705383301,6.60977840423584,0,validation
7,he_0a2e7a,5.983549118041992,5.17562198638916,0,train
7,le_536ce6,5.913110733032227,5.528898239135742,0,validation
7,le_c47bf3,6.416655540466309,6.228906631469727,0,train
7,le_23d7e6,6.009528636932373,5.268649101257324,0,train
7,he_aea985,6.861217498779297,8.068412780761719,0,train
7,he_610a6b,6.493696212768555,5.9408440589904785,0,train
7,le_0b5c71,7.460122585296631,6.713873386383057,0,train
7,le_8e17a1,6.493271827697754,6.333171844482422,0,train
7,he_e97a85,6.4404706954956055,5.957375526428223,0,train
7,he_baf440,7.408478260040283,6.397928237915039,0,validation
7,he_41f4cd,5.977020740509033,5.3370537757873535,0,validation
7,he_5cb9a5,7.049807071685791,6.738863468170166,0,train
7,le_59e850,6.207533836364746,5.841207981109619,0,train
7,le_130466,7.486607551574707,7.410039901733398,0,train
7,le_ae10ae,6.872779846191406,6.215346336364746,0,train
7,le_b57fb4,5.7833075523376465,4.995842456817627,0,validation
7,he_122fc1,7.356428146362305,7.2045698165893555,0,validation
7,he_def558,7.465850353240967,7.745663642883301,0,train
7,he_88eef7,7.152585506439209,9.186643600463867,0,train
7,le_56db27,7.385488033294678,6.669530391693115,0,train
7,le_b72c01,7.194044589996338,7.747800827026367,0,train
7,he_e7e54d,8.065942764282227,9.060028076171875,0,train
7,he_666efe,8.248441696166992,8.654091835021973,0,train
7,le_5f218d,6.102621078491211,5.76576042175293,0,validation
7,le_31327c,7.229609966278076,7.389804840087891,0,validation
7,le_cae6e7,6.929728984832764,6.274093151092529,0,validation
7,he_fdfcef,7.926783084869385,8.131396293640137,0,train
7,le_53b2fd,6.256546974182129,6.083177089691162,0,train
7,le_72261f,7.637382507324219,5.451062202453613,0,train
7,le_fc3d57,7.211822986602783,7.597425937652588,0,train
7,le_230abf,7.794031143188477,7.299421787261963,0,validation
7,le_41a3a0,6.621859550476074,6.552615642547607,0,validation
7,he_7a5e63,6.943602561950684,6.579268932342529,0,train
7,le_dfd3b4,7.932250022888184,8.173404693603516,0,validation
7,le_a2fcff,6.9101481437683105,6.29438591003418,0,validation
7,le_109683,7.706149578094482,7.344564437866211,0,validation
7,he_7057f3,6.807806015014648,5.524164199829102,0,validation
7,he_558615,6.863096714019775,7.483370304107666,0,train
7,le_e7fc9f,6.811832427978516,6.6307477951049805,0,train
7,le_ac7cf7,6.528801441192627,6.297948837280273,0,validation
7,he_9eff37,7.466670036315918,7.392930030822754,0,validation
7,le_d44ccb,6.42769718170166,5.1902642250061035,0,validation
7,le_d60087,5.250150203704834,5.237457752227783,0,train
7,le_9c6ba0,6.108925819396973,7.4416890144348145,0,validation
7,he_97db03,8.689523696899414,9.425580978393555,0,train
7,le_ff1ebb,7.527498722076416,7.527498722076416,0,validation
7,le_e9f735,7.490750312805176,8.063128471374512,0,train
7,he_e6d7a6,8.11470890045166,8.436773300170898,0,validation
7,he_97c074,7.7605881690979,8.693538665771484,0,validation
7,le_d969e0,6.446330547332764,6.29416561126709,0,train
7,he_bbc8b7,8.599459648132324,9.508289337158203,0,validation
7,le_1aa1fb,5.9629597663879395,5.054771900177002,0,validation
7,le_1c3df3,7.03253698348999,7.207696914672852,0,validation
7,le_b7d8a6,7.15878438949585,6.721479415893555,0,validation
7,he_9b050e,6.4977006912231445,5.946850299835205,0,validation
7,le_d52c28,6.354593276977539,5.290541648864746,0,validation
7,he_3f7fe7,7.184606075286865,6.969346523284912,0,validation
7,he_b3e123,6.705543041229248,6.208953857421875,0,validation
7,le_1674c0,5.8815016746521,5.299829006195068,0,train
7,le_78f0ed,5.493762016296387,5.430235385894775,0,train
7,he_533155,7.305068016052246,7.141550540924072,0,validation
7,he_d80706,7.853025913238525,9.75394058227539,0,train
7,le_ff18cf,6.5753560066223145,5.888153553009033,0,validation
7,le_8a6f35,7.343180179595947,7.822207927703857,0,validation
7,he_2edc16,6.560428142547607,5.98322057723999,0,validation
7,he_4ff1c4,6.648107528686523,8.141956329345703,0,validation
7,he_4f9390,7.628362655639648,7.929747581481934,0,validation
7,le_185d39,8.492264747619629,7.181422710418701,0,train
7,le_9b9745,7.631148815155029,7.240392684936523,0,validation
7,le_91f758,6.426831245422363,5.53556489944458,0,train
7,le_a8ed34,7.594902992248535,7.489003658294678,0,train
7,he_661ccf,7.229753494262695,6.7600812911987305,0,train
7,he_37489d,6.675403118133545,7.94664192199707,0,train
7,he_7c68af,8.185606956481934,9.398516654968262,0,train
7,le_838987,5.876028537750244,5.894490718841553,0,train
7,le_f50d64,6.687020778656006,7.855837345123291,0,validation
7,le_417bec,7.947196006774902,7.8776044845581055,0,validation
7,le_a6260b,6.1598381996154785,5.440809726715088,0,train
7,he_51332a,7.124067306518555,6.680245876312256,0,validation
7,he_1ef686,6.925514221191406,6.801617622375488,0,train
7,le_4b0989,6.171922206878662,5.619451522827148,0,train
7,le_19c9ac,5.5746283531188965,6.942144393920898,0,train
7,he_d79548,6.381082057952881,5.771920680999756,0,validation
7,le_6d15c9,7.968905925750732,7.17068338394165,0,validation
7,le_5b740a,6.506171226501465,5.836868762969971,0,train
7,le_edf950,6.313958168029785,5.6097092628479,0,train
7,he_847dab,6.611710548400879,7.536980628967285,0,train
7,he_a64661,6.902315616607666,6.515045166015625,0,train
7,he_cdf3a4,7.593353748321533,7.39368200302124,0,train
7,he_cabb3d,6.725473403930664,6.288508892059326,0,validation
7,he_e07220,6.191729545593262,5.487893104553223,0,validation
7,le_57ec9b,8.365626335144043,7.815086364746094,0,train
7,he_7556fc,6.757079601287842,6.335917949676514,0,train
7,le_9468b1,9.220261573791504,9.595030784606934,0,validation
7,le_2af127,6.664164066314697,6.604353427886963,0,validation
7,he_9c8a78,5.688997268676758,4.918109893798828,0,train
7,he_2519ee,7.442897796630859,8.27541732788086,0,train
7,he_f84b71,7.057541370391846,6.756508827209473,0,train
7,le_98b680,6.588403224945068,5.788364887237549,0,train
7,le_4afc4d,8.975923538208008,8.117599487304688,0,train
7,le_d96176,7.802119731903076,8.781119346618652,0,validation
7,he_859e26,6.51753044128418,6.893429756164551,0,train
7,he_bddd26,6.38145112991333,5.772475242614746,0,train
7,he_f07086,6.552412509918213,7.142803192138672,0,train
7,he_ffbc40,5.907858371734619,5.236454010009766,0,train
7,le_a80334,7.1808648109436035,6.649007797241211,0,train
7,le_1b5d46,7.469030857086182,7.161126136779785,0,validation
7,le_f7b80b,5.8304595947265625,5.058899402618408,0,validation
7,le_ceeb48,6.64935302734375,5.581345558166504,0,train
7,he_e187a0,6.2146477699279785,5.0634660720825195,0,train
7,le_5f97fa,7.70819616317749,7.274849891662598,0,train
8,le_d069d3,6.655847072601318,6.734831809997559,0,validation
8,he_47c12f,7.235713958740234,7.087243556976318,0,validation
8,le_64d75a,5.661417007446289,5.606372356414795,0,train
8,le_259d3e,7.603780269622803,8.01410961151123,0,validation
8,he_31fd02,7.257646560668945,6.5950117111206055,0,train
8,he_cb7e90,7.818040370941162,10.32259464263916,0,train
8,he_79e9b7,7.636764049530029,9.203146934509277,0,validation
8,he_eb9923,6.394245624542236,6.606769561767578,0,validation
8,he_fb3ae1,6.367307186126709,5.7994794845581055,0,validation
8,he_e12d52,8.12203311920166,8.978193283081055,0,validation
8,le_bf9a36,8.568547248840332,8.220743179321289,0,train
8,he_4a04a2,7.467536926269531,8.084945678710938,0,validation
8,le_b2752d,7.761162281036377,6.9455976486206055,0,train
8,le_7aa426,6.936736583709717,8.225831031799316,0,train
8,le_98d6b3,6.707902431488037,6.833584785461426,0,validation
8,he_0d4150,8.061652183532715,10.052962303161621,0,validation
8,he_a87a9b,7.065868854522705,7.563741207122803,0,validation
8,le_fde5e8,7.997467994689941,7.900812149047852,0,validation
8,le_78fc9a,7.6570940017700195,8.519672393798828,0,train
8,le_749d9e,6.155577659606934,5.810080528259277,0,train
8,le_d82184,7.270507335662842,8.669940948486328,0,validation
8,he_81252f,6.566380977630615,7.361189365386963,0,train
8,le_02764e,7.733463764190674,7.818586826324463,0,train
8,he_bda94e,6.6920599937438965,6.286608695983887,0,train
8,le_5f185b,8.180379867553711,8.698046684265137,0,train
8,he_a8615f,6.50322151184082,6.003351211547852,0,train
8,he_929466,8.006815910339355,8.240524291992188,0,train
8,he_883cb8,7.054877281188965,6.805941104888916,0,validation
8,le_f0530f,7.421241760253906,7.7145771980285645,0,train
8,he_1d2579,5.98483943939209,5.986295223236084,0,validation
8,le_9faffe,6.1640777587890625,5.870221138000488,0,validation
8,he_842a1f,6.122126579284668,5.52128791809082,0,train
8,he_bb65e5,7.342083930969238,6.830346584320068,0,validation
8,he_95d87e,6.8795905113220215,6.533274173736572,0,train
8,le_c8410f,7.812552452087402,7.6295695304870605,0,train
8,le_e7807e,5.662960529327393,5.012241363525391,0,train
8,le_3a63b0,7.842812538146973,7.798455715179443,0,train
8,he_b61f8b,7.835233211517334,8.042901992797852,0,validation
8,he_17f529,6.018716812133789,5.4584784507751465,0,train
8,he_34360a,6.356800556182861,5.783719062805176,0,train
8,le_3422e0,7.909134864807129,7.210729122161865,0,validation
8,he_a0069c,8.204429626464844,8.642847061157227,0,train
8,le_ba2a87,5.3053178787231445,5.615897178649902,0,train
8,le_66b5ac,8.107921600341797,7.315805912017822,0,validation
8,he_ccbb6e,7.757429599761963,7.898392677307129,0,validation
8,le_4c4592,7.291874408721924,6.618776798248291,0,validation
8,he_2b1023,7.36448335647583,7.2779340744018555,0,validation
8,le_ed8708,5.506043434143066,5.152324199676514,0,train
8,he_4ee83e,6.569511890411377,7.041452884674072,0,validation
8,le_49a533,6.926950454711914,5.634025573730469,0,train
8,he_9ce40f,5.588431358337402,4.745006084442139,0,train
8,le_592616,6.735705375671387,7.822074890136719,0,validation
8,he_76ab15,7.201897144317627,7.034639358520508,0,validation
8,he_261f83,6.422144412994385,5.881734848022461,0,train
8,le_120b5b,6.640388011932373,6.07249116897583,0,train
8,le_f2acc0,6.79296350479126,6.801227569580078,0,train
8,he_04551f,7.35496711730957,7.262470245361328,0,validation
8,he_b9a930,6.191530704498291,5.646704196929932,0,train
8,le_80ca99,6.1350202560424805,6.3454060554504395,0,validation
8,he_334eb2,6.450831890106201,5.640499114990234,0,validation
8,le_0c2039,6.229769706726074,5.7621002197265625,0,validation
8,he_028951,6.922712326049805,6.632586479187012,0,validation
8,le_d45347,6.50830602645874,5.935947418212891,0,train
8,he_a4529f,6.090446949005127,5.475210189819336,0,train
8,le_234216,6.649498462677002,5.916487216949463,0,train
8,le_9391b0,8.760420799255371,7.629156589508057,0,train
8,le_454c0b,7.5301384925842285,6.901532173156738,0,validation
8,le_49db1c,8.52524471282959,10.1491117477417,0,validation
8,he_67ae44,5.907358169555664,5.208899021148682,0,train
8,le_3c9f84,7.374461650848389,6.977807521820068,0,validation
8,he_15a710,8.116717338562012,8.803173065185547,0,train
8,he_4be430,6.698021411895752,7.667172908782959,0,validation
8,he_4435d3,7.2551984786987305,6.614121913909912,0,train
8,he_de4bf9,6.647982597351074,6.172992706298828,0,validation
8,he_e361fe,7.106825828552246,6.886750221252441,0,validation
8,he_2e9fb6,5.894143104553223,5.189677715301514,0,train
8,le_b1f4ec,8.116464614868164,6.76582145690918,0,train
8,he_a3611b,6.884100437164307,6.422632694244385,0,validation
8,le_971e6c,6.271387100219727,5.795889854431152,0,validation
8,he_764bec,7.104887962341309,6.8837361335754395,0,train
8,he_2b42db,7.230048179626465,7.059476852416992,0,train
8,he_a10557,7.227924346923828,7.075124740600586,0,validation
8,he_5ec5e8,6.542171478271484,5.558125972747803,0,validation
8,le_4677fe,6.720362663269043,8.940759658813477,0,validation
8,le_98525a,7.706452369689941,6.190247535705566,0,validation
8,le_d24988,6.218804359436035,7.172275543212891,0,validation
8,he_37c485,7.191455364227295,7.01839542388916,0,validation
8,he_637e1b,6.585927963256836,6.127409934997559,0,train
8,le_aa9b3d,7.01073694229126,6.725641250610352,0,validation
8,le_092d88,8.684051513671875,8.645426750183105,0,validation
8,le_d8de43,7.413252830505371,7.7664666175842285,0,train
8,le_68cc09,5.879171848297119,6.828996181488037,0,train
8,le_814b46,5.941897869110107,5.276201248168945,0,validation
8,he_9cff74,7.208720684051514,6.771162509918213,0,train
8,le_96c6d5,8.832966804504395,9.19051742553711,0,validation
8,he_c1196d,8.31033706665039,9.88410472869873,0,train
8,he_5a6c32,6.93556547164917,6.620345115661621,0,validation
8,he_5d5f7a,7.305917263031006,7.19644832611084,0,train
8,le_3a623c,6.434534549713135,6.182486057281494,0,train
8,le_e7dea5,8.183487892150879,6.808623790740967,0,train
8,he_80b814,6.240281105041504,5.608940601348877,0,validation
8,le_09679c,6.769588470458984,8.17509937286377,0,train
8,le_d4dd8f,5.9181647300720215,5.030356407165527,0,validation
8,he_4bfcf6,6.704450607299805,6.305194854736328,0,train
8,le_8f8e8a,7.713434219360352,6.895477294921875,0,validation
8,he_eff624,7.315622806549072,7.198536396026611,0,train
8,le_b194d6,7.0643134117126465,6.221837043762207,0,validation
8,le_b1ae3c,8.934596061706543,7.585656642913818,0,validation
8,he_5597e5,6.9062652587890625,6.574767112731934,0,train
8,he_8a456e,7.865976333618164,8.092860221862793,0,validation
8,he_094848,6.924020290374756,6.602385997772217,0,train
8,le_1c08db,6.0177507400512695,5.735630512237549,0,train
8,he_e0689e,6.474052429199219,6.9246673583984375,0,validation
8,le_f1d98c,7.202266216278076,6.352823257446289,0,train
8,le_a818bf,5.709418296813965,5.885800838470459,0,train
8,he_b19ac2,6.686547756195068,6.2783403396606445,0,train
8,he_932e9c,7.392081260681152,7.322781085968018,0,validation
8,he_e1c1ac,7.676955699920654,8.076203346252441,0,validation
8,he_acd142,6.946211814880371,6.636905193328857,0,train
8,le_daf354,7.646308898925781,8.6865873336792,0,train
8,he_c21f8c,6.093601703643799,5.39337682723999,0,train
8,he_929f9b,6.552412509918213,6.077138423919678,0,validation
8,le_baabbc,6.425653457641602,5.45911979675293,0,train
8,he_4f27f3,7.713985919952393,7.845874309539795,0,train
8,le_c75cf6,7.107924938201904,7.491940975189209,0,validation
8,he_eaabee,6.834266662597656,6.980278015136719,0,validation
8,he_85fdc1,7.223102569580078,7.067625045776367,0,validation
8,le_d5e0b8,6.1855010986328125,5.875980854034424,0,train
8,le_b001cf,7.2446513175964355,6.261547565460205,0,validation
8,he_6be05d,7.3443708419799805,7.573569297790527,0,train
8,le_870446,7.071902751922607,6.927237510681152,0,train
8,le_0637ba,6.1673665046691895,5.476280689239502,0,train
8,he_8a549e,7.817736625671387,9.595184326171875,0,train
8,le_d025d9,7.350357532501221,6.414873123168945,0,validation
8,he_a26cfb,7.987956523895264,9.123624801635742,0,validation
8,he_836543,7.339263439178467,7.248319149017334,0,train
8,he_b8a511,6.574665546417236,6.0589447021484375,0,train
8,le_0623c9,7.066410064697266,6.709692001342773,0,validation
8,he_9b18bc,7.393998622894287,6.4538750648498535,0,validation
8,he_685d08,8.334651947021484,9.829309463500977,0,train
8,le_92914d,9.907638549804688,9.509270668029785,0,train
8,he_35b068,5.82348108291626,6.084676265716553,0,train
8,he_3a40f5,6.225581645965576,5.750561237335205,0,train
8,le_ddbf24,6.949582099914551,7.353672027587891,0,train
8,le_08e1b5,5.78580904006958,6.983067989349365,0,train
8,le_256cce,6.430844783782959,5.222911834716797,0,train
8,he_0e2b7a,8.209196090698242,8.399733543395996,0,validation
8,he_6cfa07,6.805703163146973,7.357693672180176,0,validation
8,he_85ff02,9.21304988861084,10.434540748596191,0,train
8,le_39b3e3,6.958543300628662,6.513301372528076,0,train
8,he_351fa1,6.265041828155518,5.646082401275635,0,validation
8,le_d2662d,6.406550407409668,6.273192882537842,0,train
8,he_6e2164,6.535520076751709,6.0517988204956055,0,validation
8,he_321338,7.044431209564209,6.789692401885986,0,train
8,he_b9c59b,7.4847540855407715,7.4733734130859375,0,train
8,he_5ba506,7.6266374588012695,7.083268642425537,0,train
8,he_955633,6.291101455688477,5.6851701736450195,0,train
8,he_711362,6.957363605499268,6.6542534828186035,0,validation
8,le_380ed6,6.963307857513428,6.960942268371582,0,train
8,he_eb5653,6.9865875244140625,6.699712753295898,0,train
8,le_ef147f,7.964381217956543,6.433726787567139,0,validation
8,le_bd5553,6.362260341644287,5.703306198120117,0,validation
8,he_e8d0d4,5.797634601593018,5.728387832641602,0,train
8,le_ac58bc,6.501711368560791,5.924942970275879,0,train
8,le_6e93a8,5.35726261138916,5.21690559387207,0,train
8,le_a672ff,7.697162628173828,8.189692497253418,0,validation
8,he_59f481,8.258822441101074,10.061628341674805,0,train
8,le_32e365,5.954865455627441,5.629868030548096,0,validation
8,he_253e64,8.47103214263916,9.076075553894043,0,validation
8,he_1589ac,8.195183753967285,10.361045837402344,0,validation
8,he_0352a5,6.418121814727783,5.875700950622559,0,validation
8,he_0fe808,7.177406311035156,6.996541500091553,0,validation
8,he_4dfc9a,6.672443866729736,6.211045265197754,0,train
8,he_53a37b,6.86297082901001,6.735579490661621,0,validation
8,he_3b1424,7.639532089233398,7.724888324737549,0,train
8,he_af8dbf,7.579744338989258,7.6277313232421875,0,validation
8,he_a3e3a4,8.038823127746582,8.373736381530762,0,validation
8,le_622f03,5.909505367279053,4.94490385055542,0,validation
8,he_f40d7e,7.079021453857422,7.002325534820557,0,train
8,he_ad2c6f,6.91939115524292,6.595184803009033,0,validation
8,he_557676,6.86778450012207,6.891356468200684,0,validation
8,he_3c577e,6.765137195587158,6.355234622955322,0,train
8,le_661759,7.980752944946289,7.365105628967285,0,validation
8,he_1aca60,6.996963024139404,7.372189998626709,0,validation
8,he_dab57d,7.345215320587158,6.159671783447266,0,validation
8,le_7b2851,7.931917190551758,8.371187210083008,0,train
8,le_ef4386,8.412910461425781,7.8111395835876465,0,train
8,he_81c663,6.977052688598633,6.714098930358887,0,train
8,le_cde2f8,7.894027233123779,8.679523468017578,0,train
8,he_781a92,6.4492363929748535,5.922373294830322,0,train
8,he_a777f6,7.217818260192871,7.059404373168945,0,train
8,he_ee4bcc,6.935513496398926,6.620264053344727,0,train
8,le_bc79cd,6.771791458129883,5.909531593322754,0,validation
8,he_0e1b16,7.829084396362305,8.03291130065918,0,validation
8,he_d16357,7.22406530380249,7.069123268127441,0,train
8,he_28e587,6.7037835121154785,5.683167934417725,0,train
8,he_41a754,6.822454929351807,5.524865627288818,0,train
8,le_70d46f,5.8219122886657715,5.974225044250488,0,validation
8,le_ffbca1,8.388995170593262,7.669120788574219,0,train
8,he_616252,7.389303207397461,7.200823783874512,0,train
8,he_a4594f,6.4516496658325195,6.124934673309326,0,train
8,le_b8feee,6.1145806312561035,7.648373126983643,0,train
8,le_eb9660,7.036230564117432,6.323740482330322,0,train
8,le_363c70,8.68476390838623,7.397136688232422,0,train
8,le_6bde61,9.284424781799316,7.92979097366333,0,validation
8,le_c04ae8,7.811549663543701,9.10343074798584,0,validation
8,he_4a3727,8.568771362304688,9.530797958374023,0,train
8,le_c880b0,7.833652973175049,7.971410751342773,0,validation
8,le_766228,7.569732666015625,6.6557745933532715,0,validation
8,le_9c4270,5.2932448387146,5.2680864334106445,0,train
8,he_87d8a7,8.200444221496582,8.69864559173584,0,validation
8,he_8feb2d,7.895593643188477,7.211775302886963,0,validation
8,he_f01b48,7.5895586013793945,7.643680095672607,0,validation
8,le_58079b,5.565296649932861,5.923805236816406,0,train
8,le_5088b4,8.731163024902344,8.129095077514648,0,train
8,he_6528fe,6.1177239418029785,5.30029296875,0,validation
8,le_aa12de,7.433896541595459,6.458869457244873,0,train
8,he_3d059e,7.751615524291992,7.929225444793701,0,train
8,le_feadea,6.136618614196777,5.910539150238037,0,train
8,he_0724b7,8.45755672454834,8.412662506103516,0,validation
8,he_cd16a6,5.426681041717529,4.509733200073242,0,validation
8,le_5b76d0,6.192101001739502,5.96206521987915,0,validation
8,he_dfc951,7.656458854675293,7.75239372253418,0,validation
8,he_ff9f62,5.498157024383545,4.687402248382568,0,validation
8,le_7a26ee,7.394731044769287,7.984031677246094,0,validation
8,le_3fc415,6.740535259246826,7.330039024353027,0,train
8,he_79241f,6.728762149810791,7.061986446380615,0,train
8,he_51d69d,7.576489448547363,7.980589866638184,0,validation
8,he_660f4d,7.462037563323975,7.439301490783691,0,train
8,le_69cfdb,5.609622955322266,5.676742076873779,0,train
8,le_472126,8.346308708190918,7.300934314727783,0,train
8,le_4c7bcc,6.60703182220459,7.68313455581665,0,train
8,he_7d5015,8.400503158569336,9.322453498840332,0,validation
8,he_da468b,6.756253719329834,6.6327619552612305,0,validation
8,le_a1bed9,8.04137897491455,7.082096576690674,0,train
8,he_b190e2,8.213624000549316,10.312044143676758,0,train
8,le_322936,6.27622127532959,5.665529251098633,0,train
8,le_39ed4e,5.565343379974365,5.7356719970703125,0,train
8,he_139129,7.975650310516357,7.9873857498168945,0,train
8,he_4615cf,6.69134521484375,7.631222724914551,0,validation
8,he_910819,6.4316534996032715,6.1423492431640625,0,validation
8,he_03ff44,6.82619047164917,6.4878034591674805,0,validation
8,he_c5228c,7.780067443847656,7.034534454345703,0,train
8,le_510ee4,6.543868064880371,8.032336235046387,0,validation
8,le_01c1d1,7.337697505950928,8.4945707321167,0,train
8,he_be5e6c,6.930300235748291,6.561407566070557,0,validation
8,he_035cdd,6.73661470413208,6.31086540222168,0,validation
8,le_83ec82,6.222323894500732,5.595252990722656,0,train
8,le_10bdc8,5.824185371398926,6.126323699951172,0,train
8,he_08841b,5.968100070953369,5.297250270843506,0,validation
8,le_1438c8,6.813058853149414,6.434771537780762,0,train
8,le_28ff23,6.299015522003174,6.439752578735352,0,validation
8,le_26094c,7.792879104614258,7.4966888427734375,0,validation
8,he_5bb743,7.238768577575684,7.073646545410156,0,train
8,le_400c54,6.44825553894043,5.505273818969727,0,train
8,le_044ad6,5.972189903259277,5.776698589324951,0,validation
8,le_63f66e,5.727274417877197,5.104982852935791,0,train
8,le_9f1d40,6.0467352867126465,5.5390191078186035,0,validation
8,le_59dd77,7.976202011108398,7.460484981536865,0,validation
8,he_05a66f,6.869399070739746,6.517419815063477,0,train
8,he_758929,6.366438865661621,6.675101280212402,0,validation
8,le_acce2f,6.18257474899292,5.816497802734375,0,validation
8,he_ab9692,6.784683704376221,6.425543785095215,0,train
8,he_b5456c,6.18698787689209,5.5289998054504395,0,validation
8,le_bc7d24,6.430114269256592,7.718793869018555,0,train
8,le_801110,6.124608039855957,5.393367290496826,0,train
8,le_eaae1c,6.989540100097656,6.663916110992432,0,validation
8,he_708f00,7.4068756103515625,7.969094276428223,0,train
8,le_b43f6c,7.4600019454956055,7.495389938354492,0,validation
8,le_590a7e,5.703466415405273,5.289274215698242,0,validation
8,le_130ed1,6.011004447937012,5.746744632720947,0,train
8,he_f65738,8.700282096862793,10.388519287109375,0,train
8,he_a779a4,6.807830810546875,6.421647071838379,0,validation
8,he_13dd33,6.621275901794434,5.638682842254639,0,validation
8,le_9ab3c8,5.808684825897217,5.3172831535339355,0,validation
8,he_37695e,4.618931770324707,5.29150915145874,0,validation
8,he_715e4a,6.5320515632629395,6.046595096588135,0,validation
8,le_cf14b0,6.21879768371582,6.21879768371582,0,train
8,le_458c04,5.8807291984558105,5.175926685333252,0,validation
8,le_321164,6.787970542907715,7.4332275390625,0,train
8,he_69af03,6.765893459320068,6.356410980224609,0,train
8,he_3179bb,7.1133270263671875,5.6769232749938965,0,train
8,le_1a2bdc,6.95002555847168,8.11308765411377,0,train
8,le_6d4621,6.10841703414917,5.839482307434082,0,validation
8,le_f6fa0e,7.151092052459717,6.175755500793457,0,validation
8,le_8ee86d,6.821361064910889,6.394749641418457,0,validation
8,he_6fcaa9,6.715412616729736,6.277885437011719,0,validation
8,le_c1040c,8.820545196533203,8.342608451843262,0,validation
8,he_4cb4e1,7.028130054473877,6.764333248138428,0,validation
8,le_bc95e6,7.312326431274414,7.361794948577881,0,validation
8,le_a07c3a,7.271432876586914,7.490679740905762,0,validation
8,he_83c6f7,7.703518867492676,7.828866958618164,0,train
8,le_49d277,6.979729175567627,5.925933837890625,0,validation
8,le_87d2fd,6.4269609451293945,5.762115955352783,0,train
8,le_ba271f,7.27382755279541,6.827175140380859,0,validation
8,le_1a29b0,6.534363746643066,6.300036907196045,0,train
8,he_279227,7.863497734069824,8.625410079956055,0,validation
8,le_05a5f2,6.105687141418457,5.7043328285217285,0,validation
8,le_ac3893,6.461611270904541,5.553380966186523,0,validation
8,he_d65115,8.02159309387207,9.58956527709961,0,validation
8,le_fa9cc3,7.7686614990234375,8.128059387207031,0,validation
8,le_b0fdf1,6.4188923835754395,6.059128761291504,0,validation
8,le_5a52c0,6.9433112144470215,8.729645729064941,0,validation
8,he_d1f643,6.991489887237549,5.574143886566162,0,validation
8,le_d20bd3,7.745312690734863,6.943215847015381,0,train
8,he_992e41,6.607101917266846,6.034116744995117,0,train
8,le_cc6043,5.758721828460693,5.023907661437988,0,validation
8,he_c8b376,6.759631633758545,6.388697147369385,0,train
8,le_d21039,7.936429977416992,7.029215335845947,0,validation
8,le_5b5cf8,6.458408832550049,6.055283546447754,0,train
8,he_56e7b9,7.19673490524292,6.0059990882873535,0,train
8,le_4229e2,6.555943489074707,6.712876319885254,0,validation
8,le_1a2492,7.288776874542236,8.265667915344238,0,validation
8,he_deb7c1,6.669675827026367,8.21072006225586,0,validation
8,le_4f31ff,7.739450931549072,8.085429191589355,0,validation
8,he_221288,7.937496662139893,10.195068359375,0,validation
8,le_7b2aea,7.940361022949219,8.913287162780762,0,train
8,le_8045b0,7.085899353027344,6.401372909545898,0,train
8,he_537134,6.987824440002441,6.701635360717773,0,validation
8,he_2fe81b,6.4765777587890625,5.924551486968994,0,validation
8,he_a962bf,7.521961212158203,7.641116142272949,0,validation
8,le_50582c,7.158391952514648,5.977829456329346,0,validation
8,he_f55329,6.396141529083252,5.842731475830078,0,validation
8,he_43d1e1,7.281379222869873,7.89266300201416,0,validation
8,he_4ec47d,6.740972518920898,6.0779337882995605,0,validation
8,le_f28e73,7.177059173583984,6.512864589691162,0,validation
8,le_37a2d1,7.2177958488464355,7.321900367736816,0,train
8,he_c20788,6.8080220222473145,6.421943664550781,0,validation
8,le_764df2,6.925617218017578,7.011913299560547,0,validation
8,he_c6590f,6.224099159240723,5.584667205810547,0,train
8,he_60ed0a,5.706976890563965,4.983230113983154,0,validation
8,he_5df55a,8.828046798706055,11.341351509094238,0,validation
8,he_734cd1,5.878971099853516,5.758429050445557,0,train
8,le_de6e1e,5.627926349639893,5.9541335105896,0,validation
8,le_b4482a,6.528863430023193,5.932703971862793,0,validation
8,he_57a478,7.180124759674072,7.000768661499023,0,validation
8,le_0af460,6.458494186401367,6.272575855255127,0,validation
8,le_f0d06e,9.300057411193848,8.041763305664062,0,train
8,le_1c128f,7.930287837982178,7.582560062408447,0,train
8,le_a85ddb,7.092991828918457,6.419312953948975,0,validation
8,he_85af94,6.818770408630371,6.438663959503174,0,train
8,he_63befa,6.076758861541748,5.4552998542785645,0,validation
8,he_652056,7.986072540283203,9.078384399414062,0,validation
8,he_0d36d6,6.85522985458374,6.495378494262695,0,train
8,le_e0fa5c,6.631285667419434,5.84151554107666,0,validation
8,he_48966d,7.452548980712891,7.726868152618408,0,train
8,le_4d537b,5.871504783630371,5.564249038696289,0,validation
8,le_9d8415,6.081020832061768,5.354014873504639,0,validation
8,he_487634,8.655050277709961,9.40405559539795,0,train
8,le_5ca495,7.2586822509765625,6.908824443817139,0,train
8,he_3caee5,7.8264617919921875,9.146474838256836,0,train
8,le_a61898,7.715008735656738,7.275893688201904,0,validation
8,he_6effe8,6.597268581390381,6.230149745941162,0,validation
8,le_01c9ec,7.0788655281066895,6.442999362945557,0,train
8,le_b8397b,6.325405597686768,6.067277908325195,0,train
8,he_94fd55,7.587542533874512,7.64040470123291,0,validation
8,le_01f7f4,8.061535835266113,7.840442180633545,0,validation
8,le_3730f0,7.69781494140625,7.3439435958862305,0,train
8,le_d66bd6,7.871708393096924,8.069951057434082,0,train
8,le_4356f8,7.841678142547607,7.173614501953125,0,validation
8,le_0155ee,6.018024921417236,8.956408500671387,0,validation
8,he_380d40,7.5984578132629395,7.65814208984375,0,train
8,le_1bd9fa,6.615881443023682,6.404916763305664,0,train
8,he_195589,6.848513603210449,6.484931945800781,0,validation
8,le_4f6999,7.9984869956970215,8.082045555114746,0,train
8,he_d5d6ab,7.193484306335449,7.000059127807617,0,train
8,he_c90fcd,6.781385898590088,6.548287868499756,0,validation
8,le_3ccf61,7.764503002166748,8.23803997039795,0,validation
8,le_b9c5c4,7.954609394073486,7.695762634277344,0,train
8,le_a6ce35,7.986434459686279,8.02520751953125,0,train
8,le_12c34b,6.045959949493408,5.297665119171143,0,validation
8,le_7c71da,5.962491989135742,5.19806432723999,0,validation
8,he_dbbed2,7.337856292724609,7.24613094329834,0,train
8,he_fcf200,6.534142971038818,6.049733638763428,0,validation
8,le_84b6bb,6.678073883056641,6.107333660125732,0,train
8,he_1f22c4,7.247916221618652,7.627718925476074,0,train
8,le_a9f11f,8.251399040222168,6.99754524230957,0,validation
8,le_1911ce,8.831732749938965,10.075339317321777,0,validation
8,he_0d9235,6.99268913269043,8.359928131103516,0,validation
8,le_83decd,8.527548789978027,9.821816444396973,0,validation
8,he_412004,7.778267860412598,7.950334072113037,0,validation
8,he_9910b5,7.056728839874268,6.808822154998779,0,train
8,he_98349a,6.445343494415283,6.445700645446777,0,validation
8,le_404d16,6.904491901397705,6.263251304626465,0,train
8,le_00eeb2,7.605234622955322,8.760770797729492,0,train
8,le_1ccf16,7.315159797668457,7.973046779632568,0,validation
8,le_7261d3,5.80639123916626,5.195708274841309,0,train
8,le_45d4cb,5.914243221282959,5.478995323181152,0,validation
8,le_694adb,7.053428649902344,6.75827693939209,0,train
8,le_70cf78,9.021004676818848,8.6666841506958,0,validation
8,he_e97c8c,6.9012227058410645,6.600354194641113,0,train
8,he_0a5ec7,6.684079170227051,6.274636745452881,0,train
8,he_40a91b,7.496876239776611,6.819979667663574,0,validation
8,he_cdc607,6.661960601806641,5.905662536621094,0,train
8,he_89ad62,7.190776348114014,7.895090579986572,0,train
8,le_8deff5,6.65574836730957,6.688583850860596,0,validation
8,he_e1a03a,5.942739009857178,5.532304763793945,0,validation
8,le_52447f,7.426539897918701,6.802513599395752,0,validation
8,he_fb1124,8.596500396728516,11.458984375,0,train
8,le_523a81,5.680052280426025,5.325999736785889,0,validation
8,he_5608ba,6.7368292808532715,6.351306915283203,0,train
8,le_8198ec,9.285643577575684,7.846268177032471,0,train
8,he_d85c04,7.388630390167236,7.317174434661865,0,validation
8,he_403257,8.083833694458008,8.231993675231934,0,train
8,le_e568c3,6.4089484214782715,5.950212478637695,0,train
8,he_86eeae,5.153811931610107,5.956753253936768,0,validation
8,le_dfd822,8.607850074768066,10.41267204284668,0,train
8,le_c50a04,6.092275619506836,7.888856410980225,0,train
8,le_8de934,6.612327575683594,7.247964859008789,0,train
8,he_47238e,6.725076198577881,6.292917728424072,0,validation
8,he_d6039a,6.122197151184082,7.038477897644043,0,validation
8,le_29fc1c,9.018108367919922,8.364296913146973,0,validation
8,he_076917,6.014571189880371,5.234088897705078,0,validation
8,le_91c567,6.122797012329102,5.797563552856445,0,validation
8,le_f58d84,6.86458683013916,6.512889862060547,0,validation
8,he_f0d231,6.482540130615234,6.1146650314331055,0,validation
8,le_7427b9,6.256007671356201,6.646175861358643,0,validation
8,le_7716d1,8.2619047164917,9.29800796508789,0,validation
8,he_0db92b,6.436488628387451,5.903252601623535,0,train
8,le_6975d5,7.608470916748047,7.327598571777344,0,train
8,he_4f7ff0,7.100894451141357,8.354975700378418,0,validation
8,he_e7fbc9,8.184568405151367,7.951960563659668,0,train
8,he_6c7977,7.568395614624023,7.609291076660156,0,validation
8,le_83615b,8.915223121643066,9.190057754516602,0,train
8,le_e50e4d,6.45185661315918,5.629861354827881,0,train
8,he_feda4e,7.504971504211426,9.030380249023438,0,validation
8,he_056a76,9.472738265991211,11.096569061279297,0,train
8,le_a0c615,6.994969367980957,6.882251739501953,0,train
8,he_25e97e,7.854771614074707,8.074653625488281,0,train
8,he_b85d24,7.796209335327148,8.669366836547852,0,validation
8,le_c470c6,7.746077060699463,7.977018356323242,0,validation
8,he_e554b0,6.801333904266357,6.4115400314331055,0,train
8,le_a8ce41,6.012340545654297,7.701839447021484,0,train
8,le_56f182,5.898914337158203,6.603927135467529,0,train
8,le_5ff624,8.3897705078125,8.508171081542969,0,validation
8,le_c3a6f8,7.03690767288208,6.350240230560303,0,validation
8,le_2f43e7,7.891872406005859,8.540946006774902,0,train
8,le_0bda07,7.1680426597595215,7.436966419219971,0,validation
8,le_f39982,5.9415998458862305,5.527255058288574,0,train
8,he_0fab59,6.389871597290039,5.833326816558838,0,validation
8,le_a1c863,6.628925323486328,6.155628204345703,0,train
8,he_512e0a,8.022421836853027,8.374114990234375,0,train
8,le_2ba026,6.915852069854736,6.907750129699707,0,train
8,he_2044e1,7.401742458343506,6.514743804931641,0,validation
8,he_552813,6.9765777587890625,6.723966121673584,0,train
8,he_caef9f,5.891106128692627,5.185259819030762,0,train
8,he_bf08f5,7.534544467926025,8.232616424560547,0,validation
8,he_959231,7.091384410858154,6.841207981109619,0,validation
8,le_2c1c76,6.0101470947265625,5.7172160148620605,0,train
8,he_b63add,7.164968013763428,6.977194309234619,0,train
8,he_a2b8a1,7.458261489868164,7.430323123931885,0,validation
8,le_8578d9,8.468503952026367,7.989373683929443,0,train
8,le_b41a4d,6.686728000640869,6.770451068878174,0,validation
8,le_80446d,7.155956268310547,5.979125499725342,0,train
8,le_e8dc06,5.999171733856201,5.686680793762207,0,train
8,le_226bc8,6.838440418243408,6.657546043395996,0,train
8,le_fa7d2c,5.969578266143799,5.505458354949951,0,validation
8,he_063fc0,7.191371917724609,5.864515781402588,0,train
8,he_affe4b,6.914426326751709,6.587461948394775,0,validation
8,le_55232c,7.9950995445251465,7.374691963195801,0,validation
8,he_01cfbe,7.725922107696533,7.86527156829834,0,validation
8,le_6cbd20,8.957094192504883,9.855631828308105,0,validation
8,he_4fd2c6,6.466341018676758,5.948031425476074,0,validation
8,le_d07324,7.1382575035095215,5.998226642608643,0,validation
8,he_149c5b,7.1361236572265625,6.932323932647705,0,train
8,he_7b0696,6.801224231719971,6.411371231079102,0,train
8,le_5ff0f8,6.465165138244629,7.13174295425415,0,validation
8,he_bfbfe0,6.256051540374756,5.632596492767334,0,validation
8,le_2c1fd3,5.656184196472168,6.385841369628906,0,train
8,he_113880,7.128545761108398,6.9020185470581055,0,train
8,he_43444c,6.310957908630371,5.7149553298950195,0,train
8,he_63e860,8.719696044921875,13.228428840637207,0,train
8,he_30ba2d,6.54738712310791,6.069601058959961,0,validation
8,he_b516c8,6.6565093994140625,6.186257362365723,0,validation
8,he_061e2c,7.539403915405273,7.565433979034424,0,train
8,le_430535,7.214011192321777,7.524127960205078,0,validation
8,le_2ce311,7.3200225830078125,7.007172107696533,0,validation
8,le_9a7a59,6.871822834014893,6.7710442543029785,0,train
8,le_54d379,6.77556037902832,5.845874309539795,0,train
8,le_52b809,7.748641014099121,8.589886665344238,0,train
8,le_f66fec,6.043656826019287,5.633701801300049,0,train
8,he_d9b3a0,6.5263166427612305,6.037995338439941,0,validation
8,le_2e65e7,6.104015350341797,6.98730993270874,0,validation
8,le_eb89a4,7.515103816986084,7.287644863128662,0,validation
8,he_a7bf3c,6.996969223022461,6.680724620819092,0,validation
8,le_275fa9,8.110738754272461,8.556357383728027,0,train
8,he_16c2e2,6.597529888153076,6.14481258392334,0,train
8,le_763996,7.816314697265625,6.259788513183594,0,validation
8,le_c9ff75,8.14394760131836,7.696664810180664,0,validation
8,le_eb4323,7.1899003982543945,6.309916019439697,0,validation
8,he_0935e0,7.042152404785156,6.3950629234313965,0,validation
8,le_28d5fc,7.59185266494751,6.116978645324707,0,train
8,le_f85aef,7.018824577331543,6.523937702178955,0,train
8,he_8743aa,7.508913040161133,7.512632369995117,0,validation
8,he_77325b,7.017079830169678,6.74714469909668,0,train
8,le_194430,7.073085308074951,6.395083427429199,0,train
8,he_0d978a,7.183640480041504,7.00623893737793,0,validation
8,he_d5d228,7.085048198699951,7.713145732879639,0,train
8,he_703227,6.618265151977539,5.873229026794434,0,validation
8,he_01e8ed,6.363352298736572,5.793547630310059,0,train
8,he_5785c0,6.617959499359131,6.17545747756958,0,validation
8,le_e7ceaf,7.452897071838379,7.063941955566406,0,validation
8,he_11ed24,6.220739841461182,5.5796284675598145,0,validation
8,he_f65f6e,6.604858875274658,5.94743013381958,0,validation
8,he_726d3f,6.719764709472656,6.3281660079956055,0,validation
8,le_dd8888,6.239948749542236,5.404202938079834,0,train
8,le_d042c2,6.957878112792969,6.4850172996521,0,train
8,le_39c6ce,6.955811023712158,6.695430278778076,0,validation
8,he_ab7281,6.799939155578613,6.409372329711914,0,train
8,he_019042,6.7490997314453125,5.907890319824219,0,validation
8,le_d52c87,6.976251125335693,6.690194606781006,0,validation
8,he_112f6d,6.600085258483887,6.148646354675293,0,validation
8,le_4528f1,8.447365760803223,6.700768947601318,0,train
8,he_711892,6.4887847900390625,7.479162693023682,0,validation
8,le_34558e,5.726415157318115,4.912781238555908,0,train
8,he_8066c3,7.492762565612793,7.486387252807617,0,train
8,he_fe4ada,7.406468391418457,8.260032653808594,0,validation
8,le_58b819,9.040425300598145,8.630646705627441,0,train
8,he_eae292,7.454015254974365,7.426823139190674,0,validation
8,he_14019f,6.358330249786377,6.721846580505371,0,validation
8,he_673c7e,6.862250328063965,6.541894435882568,0,train
8,he_d5db57,7.073622226715088,6.555345058441162,0,validation
8,le_7badf8,6.915283679962158,6.092337608337402,0,validation
8,le_912a2a,7.676723480224609,8.061383247375488,0,train
8,he_95ee8c,7.275567531585693,7.149236679077148,0,validation
8,le_8761f6,7.171632289886475,6.320283889770508,0,validation
8,le_5d7507,7.319281578063965,7.841187953948975,0,train
8,le_5863fc,6.921419143676758,6.831660270690918,0,validation
8,he_853422,7.027402400970459,6.763202667236328,0,validation
8,he_4e43b9,7.7470927238464355,7.155995845794678,0,train
8,he_a39ebf,6.9642181396484375,8.748872756958008,0,validation
8,le_80e3b0,5.83223819732666,5.782250881195068,0,train
8,le_e11ea9,6.513851642608643,5.969329357147217,0,validation
8,he_e69885,6.481017589569092,5.970043659210205,0,train
8,le_5d62d2,6.197168350219727,5.599143981933594,0,train
8,le_a8ce3a,7.774577617645264,7.5800557136535645,0,validation
8,he_477534,6.9725422859191895,7.157688140869141,0,train
8,he_4528d8,7.439816474914551,6.690515041351318,0,validation
8,le_315c9d,6.216937065124512,5.963197708129883,0,train
8,he_9c907a,7.979523658752441,9.335230827331543,0,train
8,he_bc8ef0,6.375679016113281,5.812037944793701,0,validation
8,le_ff4463,7.359891414642334,7.398998260498047,0,train
8,he_b63a86,6.939396381378174,8.138084411621094,0,validation
8,le_6fe94c,5.873225212097168,5.969101428985596,0,train
8,le_b554e0,6.456928730010986,5.629336357116699,0,validation
8,he_905478,6.338992595672607,5.502790451049805,0,validation
8,le_ae27bc,6.435133934020996,6.01936674118042,0,validation
8,le_86dde0,6.960219860076904,6.806735992431641,0,validation
8,le_3235a7,6.101865768432617,5.88398551940918,0,train
8,le_560bc5,7.772703170776367,8.276217460632324,0,validation
8,le_b2d8a4,7.09882116317749,7.052639484405518,0,train
8,he_57b66a,7.389252185821533,8.850846290588379,0,train
8,he_8b6e8a,6.70878267288208,6.267572402954102,0,train
8,he_0ad37b,7.440415859222412,7.405668258666992,0,validation
8,he_1f1796,7.164989948272705,6.977227210998535,0,validation
8,he_c788c4,6.593772888183594,10.461050987243652,0,train
8,le_3e0c8b,6.143308162689209,5.654565334320068,0,validation
8,le_ad29d4,8.413956642150879,8.880253791809082,0,validation
8,he_9ead18,6.570095539093018,6.97280740737915,0,train
8,le_a9c8e7,6.804083347320557,8.613439559936523,0,train
8,he_fa775e,8.434599876403809,11.38466739654541,0,train
8,he_6eb3b7,5.768951416015625,6.044705867767334,0,train
8,le_b68792,7.32924222946167,7.210017681121826,0,train
8,le_7491ba,6.5155415534973145,5.986020565032959,0,train
8,le_155906,8.148947715759277,8.741965293884277,0,validation
8,le_71250d,8.757245063781738,6.867722988128662,0,train
8,he_945b84,6.023743152618408,5.37818717956543,0,validation
8,le_767019,8.288174629211426,8.136678695678711,0,validation
8,le_bea3b5,6.4261016845703125,6.258370876312256,0,validation
8,le_1a7ab7,5.298434734344482,6.347497940063477,0,train
8,he_0445e3,6.852911472320557,6.778270721435547,0,validation
8,he_ebb18a,6.442449569702148,5.423399448394775,0,train
8,he_04607e,6.370567798614502,5.804369926452637,0,train
8,le_8dffb2,6.446558475494385,5.827062606811523,0,validation
8,he_bf7958,6.922668933868408,6.0198259353637695,0,validation
8,he_865b01,6.815487384796143,6.433557510375977,0,validation
8,he_5422d6,6.703768253326416,6.259771347045898,0,validation
8,le_1b77f0,5.698171138763428,6.091166973114014,0,validation
8,he_061f19,6.4460930824279785,5.797579765319824,0,train
8,le_ab66f0,6.08800745010376,5.715282917022705,0,train
8,le_33de79,7.633677959442139,8.74664306640625,0,validation
8,he_4d16d8,7.889788627624512,8.541132926940918,0,train
8,he_7141aa,5.796372413635254,5.250962734222412,0,validation
8,le_b7b78e,6.074183940887451,5.942453384399414,0,train
8,le_341408,5.844048500061035,7.3071722984313965,0,validation
8,he_e7f057,5.716560363769531,4.99680757522583,0,validation
8,le_c975ec,6.5115790367126465,6.023508071899414,0,train
8,he_b9dc56,6.300522327423096,5.69930362701416,0,validation
8,he_b9ba5e,7.629940986633301,8.412261962890625,0,train
8,le_3ef247,8.687724113464355,9.213807106018066,0,validation
8,le_945414,6.231285572052002,6.885600566864014,0,train
8,le_73a0f6,5.924479007720947,5.203031539916992,0,validation
8,le_f790ca,6.2602620124816895,5.522745132446289,0,train
8,le_3c1dbd,9.02029037475586,8.184222221374512,0,train
8,he_ac375a,7.6628642082214355,8.499309539794922,0,validation
8,he_d0547e,7.717611312866211,7.481844425201416,0,train
8,le_0e80d9,6.104886054992676,6.0981245040893555,0,train
8,he_9a731c,6.577671527862549,6.6791582107543945,0,validation
8,he_442910,6.338505268096924,6.842566013336182,0,validation
8,le_ae71bb,6.761198997497559,6.283827781677246,0,validation
8,he_0c8461,8.106206893920898,10.274723052978516,0,validation
8,le_36906d,7.899304389953613,7.562436580657959,0,validation
8,he_c72991,7.570186614990234,7.607533931732178,0,train
8,le_698ed0,7.377310276031494,5.915756702423096,0,train
8,le_2f8b4e,6.398555755615234,6.430037975311279,0,validation
8,le_096a5a,6.447652816772461,5.460385799407959,0,train
8,he_b62509,6.393198490142822,5.776662826538086,0,validation
8,le_ad984a,8.671374320983887,7.428005218505859,0,train
8,he_2aef37,6.629051208496094,6.823660373687744,0,validation
8,le_4e404a,5.869041919708252,5.429677486419678,0,train
8,he_8f57fb,7.182432651519775,7.004361152648926,0,train
8,he_10c218,6.595937252044678,7.033650875091553,0,train
8,he_a7eb16,7.179497718811035,6.999794006347656,0,train
8,le_157346,6.587430477142334,6.442944049835205,0,train
8,he_4c56d3,7.456695556640625,7.427779197692871,0,validation
8,le_875512,6.193483829498291,5.740723133087158,0,validation
8,le_f593c2,6.033883094787598,6.000141620635986,0,train
8,le_43f436,7.620287895202637,8.260416984558105,0,train
8,he_fa6948,6.760520935058594,7.6371941566467285,0,validation
8,he_cc58af,6.565890789031982,6.727149963378906,0,train
8,le_9aabb9,6.8095550537109375,6.6780877113342285,0,train
8,he_256c48,7.035595417022705,6.775947570800781,0,validation
8,he_301a3e,7.935135841369629,8.205245971679688,0,train
8,he_bda96d,6.86067533493042,6.885350704193115,0,validation
8,le_d031d2,6.481742858886719,6.727983474731445,0,train
8,he_935b9f,7.9937357902526855,7.756801605224609,0,train
8,he_f51b67,5.792378902435303,5.041657447814941,0,train
8,le_1223ad,5.692714691162109,5.274316787719727,0,validation
8,le_59e8c6,7.741647243499756,7.56836462020874,0,train
8,he_fd9c4c,7.990591049194336,8.29535961151123,0,train
8,he_4e95fa,8.209613800048828,9.813016891479492,0,train
8,he_5863f3,7.003298282623291,7.127076625823975,0,train
8,le_327267,6.246321678161621,5.762725830078125,0,validation
8,le_d61b54,8.745760917663574,8.001357078552246,0,validation
8,he_69475d,7.198610782623291,7.008390426635742,0,validation
8,he_f152e5,6.627968788146973,6.190472602844238,0,train
8,le_5704eb,8.340973854064941,7.307427883148193,0,validation
8,le_c5b6c0,7.398831367492676,7.035498142242432,0,validation
8,he_90123f,8.116826057434082,8.307122230529785,0,train
8,he_0bee72,7.287062644958496,7.167118549346924,0,validation
8,he_68742b,7.371809959411621,7.298948287963867,0,validation
8,he_b7e84d,6.5403900146484375,6.059103488922119,0,validation
8,he_765035,6.985404014587402,6.832948207855225,0,train
8,le_e7dcfd,6.365209102630615,6.465356349945068,0,validation
8,he_a9942d,7.199107646942139,7.3526153564453125,0,validation
8,he_d1ef4d,6.917696475982666,6.496804237365723,0,validation
8,le_f9fcdf,6.49653959274292,6.341979026794434,0,validation
8,he_b2fbe6,7.949965476989746,8.229342460632324,0,train
8,le_338fc2,6.4246907234191895,5.730138301849365,0,validation
8,he_51a0c7,6.442221164703369,6.026970863342285,0,validation
8,le_77f475,7.595747947692871,8.62997817993164,0,validation
8,le_0e684b,8.457107543945312,8.798848152160645,0,validation
8,he_19058d,5.5267653465271,4.727931022644043,0,train
8,he_b5f00f,5.435848236083984,4.599133014678955,0,train
8,he_1ef995,7.633883476257324,7.184852600097656,0,train
8,he_844d39,6.457890033721924,5.877294063568115,0,train
8,he_ae8e9c,6.858216762542725,5.992306709289551,0,train
8,le_6035f7,6.144926071166992,5.815820693969727,0,train
8,he_0a3039,5.93818473815918,7.296013832092285,0,train
8,le_550d25,6.461565017700195,6.86961030960083,0,validation
8,le_ec27a1,6.897234916687012,6.357471466064453,0,validation
8,he_f77454,7.253196716308594,6.6720685958862305,0,validation
8,le_d7795e,6.356922149658203,6.4251484870910645,0,train
8,le_1c7c91,6.470217704772949,6.3319244384765625,0,validation
8,he_8a99f7,7.9598517417907715,8.543354988098145,0,train
8,le_d1964b,7.245956897735596,8.204620361328125,0,validation
8,he_2dc55e,6.7727813720703125,7.247293949127197,0,train
8,le_8cccbf,7.363636016845703,8.046229362487793,0,validation
8,le_25d7bf,6.601815223693848,6.40533971786499,0,train
8,le_d83883,7.645241737365723,8.012537002563477,0,validation
8,he_5893a2,7.123249053955078,7.725789546966553,0,train
8,he_5b4ec1,7.6750874519348145,7.798033237457275,0,train
8,le_adb773,7.357182025909424,6.922428607940674,0,validation
8,he_d66410,7.010658264160156,7.5170769691467285,0,validation
8,he_d91d52,8.225500106811523,10.230951309204102,0,train
8,le_497c69,6.720594882965088,7.517055034637451,0,validation
8,he_b70236,6.56701135635376,6.09903621673584,0,train
8,le_ecfb48,6.86505651473999,6.813398361206055,0,train
8,he_4caf0f,6.942115783691406,8.06182861328125,0,train
8,he_f7f5b8,7.199233531951904,7.030496120452881,0,train
8,he_8b8e73,6.356288433074951,5.782951354980469,0,validation
8,he_df76e7,5.841631889343262,5.113296985626221,0,train
8,le_384eec,6.534995079040527,5.527988433837891,0,train
8,he_6a3ff1,5.990386962890625,5.32966947555542,0,train
8,le_af2269,7.046659469604492,6.965283393859863,0,validation
8,he_91e872,6.230800151824951,5.594717979431152,0,train
8,he_92a1d4,5.880141258239746,5.169312953948975,0,train
8,le_58503c,6.390354633331299,5.495382785797119,0,validation
8,le_9827be,6.392187595367432,6.497392654418945,0,validation
8,he_0a2e7a,5.9729814529418945,5.2079901695251465,0,train
8,le_536ce6,5.965361595153809,5.60927677154541,0,validation
8,le_c47bf3,6.2756524085998535,6.117915630340576,0,train
8,le_23d7e6,5.988378047943115,5.197206020355225,0,train
8,he_aea985,6.842687129974365,8.088407516479492,0,train
8,he_610a6b,6.444210529327393,5.914834022521973,0,train
8,le_0b5c71,7.581670761108398,6.961990833282471,0,train
8,le_8e17a1,6.513818740844727,6.309645175933838,0,train
8,he_e97a85,6.58059549331665,6.153010368347168,0,train
8,he_baf440,7.458978652954102,6.384365558624268,0,validation
8,he_41f4cd,5.940161228179932,5.256612777709961,0,validation
8,he_5cb9a5,7.016180038452148,6.705191612243652,0,train
8,le_59e850,6.231189250946045,5.858520030975342,0,train
8,le_130466,7.387639045715332,7.335503578186035,0,train
8,le_ae10ae,6.6375555992126465,5.866108417510986,0,train
8,le_b57fb4,5.703981876373291,4.9241743087768555,0,validation
8,he_122fc1,7.338351726531982,7.235469341278076,0,validation
8,he_def558,7.413878917694092,7.670845031738281,0,train
8,he_88eef7,7.189323425292969,9.297563552856445,0,train
8,le_56db27,7.415241241455078,6.679260730743408,0,train
8,le_b72c01,7.170428276062012,7.639173984527588,0,train
8,he_e7e54d,7.977105617523193,8.809297561645508,0,train
8,he_666efe,8.139266967773438,8.536956787109375,0,train
8,le_5f218d,6.195583820343018,5.819687843322754,0,validation
8,le_31327c,7.2123565673828125,7.325354099273682,0,validation
8,le_cae6e7,6.870630741119385,6.1760573387146,0,validation
8,he_fdfcef,7.8241472244262695,8.024888038635254,0,train
8,le_53b2fd,6.282421588897705,6.098950386047363,0,train
8,le_72261f,7.875436305999756,5.67772102355957,0,train
8,le_fc3d57,7.450438499450684,7.864102840423584,0,train
8,le_230abf,7.670591354370117,7.170267581939697,0,validation
8,le_41a3a0,6.674474239349365,6.559804916381836,0,validation
8,he_7a5e63,6.847682476043701,6.483638286590576,0,train
8,le_dfd3b4,7.866826057434082,8.059344291687012,0,validation
8,le_a2fcff,6.946318626403809,6.342973232269287,0,validation
8,le_109683,7.80111837387085,7.453048229217529,0,validation
8,he_7057f3,6.813753128051758,5.500654220581055,0,validation
8,he_558615,7.012147426605225,7.615994453430176,0,train
8,le_e7fc9f,6.859891414642334,6.696859359741211,0,train
8,le_ac7cf7,6.44786262512207,6.215293884277344,0,validation
8,he_9eff37,7.460089683532715,7.436271667480469,0,validation
8,le_d44ccb,6.539802074432373,5.310025215148926,0,validation
8,le_d60087,5.427412033081055,5.402526378631592,0,train
8,le_9c6ba0,6.154567718505859,7.489102840423584,0,validation
8,he_97db03,8.630821228027344,9.301709175109863,0,train
8,le_ff1ebb,7.312511444091797,7.312511444091797,0,validation
8,le_e9f735,7.524889945983887,8.100680351257324,0,train
8,he_e6d7a6,8.091914176940918,8.46001148223877,0,validation
8,he_97c074,7.905789375305176,8.9127836227417,0,validation
8,le_d969e0,6.42395544052124,6.236220359802246,0,train
8,he_bbc8b7,8.618193626403809,9.598356246948242,0,validation
8,le_1aa1fb,5.990286350250244,5.056602954864502,0,validation
8,le_1c3df3,7.13289737701416,7.41414737701416,0,validation
8,le_b7d8a6,7.148554801940918,6.661256790161133,0,validation
8,he_9b050e,6.486703872680664,5.978574275970459,0,validation
8,le_d52c28,6.363891124725342,5.346487045288086,0,validation
8,he_3f7fe7,7.1031951904296875,6.812112331390381,0,validation
8,he_b3e123,6.754779815673828,6.339122772216797,0,validation
8,le_1674c0,5.792593479156494,5.200433731079102,0,train
8,le_78f0ed,5.564949035644531,5.522791862487793,0,train
8,he_533155,7.265402317047119,7.133424758911133,0,validation
8,he_d80706,7.830665588378906,9.69840145111084,0,train
8,le_ff18cf,6.539681434631348,5.810466289520264,0,validation
8,le_8a6f35,7.429418563842773,7.791572093963623,0,validation
8,he_2edc16,6.4643120765686035,5.887284278869629,0,validation
8,he_4ff1c4,6.739579677581787,8.199021339416504,0,validation
8,he_4f9390,7.545133113861084,7.901366233825684,0,validation
8,le_185d39,8.567700386047363,7.094213962554932,0,train
8,le_9b9745,7.512223243713379,7.140470027923584,0,validation
8,le_91f758,6.383779048919678,5.414663314819336,0,train
8,le_a8ed34,7.52885627746582,7.267629146575928,0,train
8,he_661ccf,7.209181785583496,6.86086893081665,0,train
8,he_37489d,6.735334396362305,8.120443344116211,0,train
8,he_7c68af,8.211124420166016,9.335028648376465,0,train
8,le_838987,5.83380651473999,5.806001663208008,0,train
8,le_f50d64,6.732254981994629,7.925264835357666,0,validation
8,le_417bec,7.993973255157471,7.960050106048584,0,validation
8,le_a6260b,6.1749701499938965,5.448474407196045,0,train
8,he_51332a,6.993203639984131,6.529482841491699,0,validation
8,he_1ef686,6.9586262702941895,6.837996006011963,0,train
8,le_4b0989,6.179380416870117,5.666226863861084,0,train
8,le_19c9ac,5.655074596405029,7.064275741577148,0,train
8,he_d79548,6.30648946762085,5.708251953125,0,validation
8,le_6d15c9,8.091591835021973,7.201510906219482,0,validation
8,le_5b740a,6.454735279083252,5.704341411590576,0,train
8,le_edf950,6.28598690032959,5.5540618896484375,0,train
8,he_847dab,6.691845893859863,7.658380031585693,0,train
8,he_a64661,6.807911396026611,6.421772003173828,0,train
8,he_cdf3a4,7.694673538208008,7.692915439605713,0,train
8,he_cabb3d,6.582967281341553,6.1229681968688965,0,validation
8,he_e07220,6.073699474334717,5.359067440032959,0,validation
8,le_57ec9b,8.351033210754395,7.787850856781006,0,train
8,he_7556fc,6.830381393432617,6.494091033935547,0,train
8,le_9468b1,9.233820915222168,9.712409019470215,0,validation
8,le_2af127,6.715882778167725,6.639163494110107,0,validation
8,he_9c8a78,5.777968406677246,5.020696640014648,0,train
8,he_2519ee,7.632607460021973,8.70003890991211,0,train
8,he_f84b71,7.028246879577637,6.764516830444336,0,train
8,le_98b680,6.525966167449951,5.706014156341553,0,train
8,le_4afc4d,9.033766746520996,8.085122108459473,0,train
8,le_d96176,7.704136371612549,8.671004295349121,0,validation
8,he_859e26,6.564821720123291,7.058788299560547,0,train
8,he_bddd26,6.4310126304626465,5.895037651062012,0,train
8,he_f07086,6.58018684387207,7.277294158935547,0,train
8,he_ffbc40,5.909908294677734,5.212608814239502,0,train
8,le_a80334,7.412779331207275,6.88228178024292,0,train
8,le_1b5d46,7.511714458465576,7.163615703582764,0,validation
8,le_f7b80b,5.716699123382568,4.976391792297363,0,validation
8,le_ceeb48,6.624457836151123,5.526734352111816,0,train
8,he_e187a0,6.147802352905273,5.03004264831543,0,train
8,le_5f97fa,7.703073501586914,7.288115501403809,0,train
9,le_d069d3,6.700754642486572,6.779924392700195,0,validation
9,he_47c12f,7.195151329040527,6.964422225952148,0,validation
9,le_64d75a,5.6684489250183105,5.710172653198242,0,train
9,le_259d3e,7.555947303771973,8.149916648864746,0,validation
9,he_31fd02,7.2767252922058105,6.591464042663574,0,train
9,he_cb7e90,7.827040195465088,10.3525390625,0,train
9,he_79e9b7,7.583230495452881,9.180788040161133,0,validation
9,he_eb9923,6.269257545471191,6.446516513824463,0,validation
9,he_fb3ae1,6.432868480682373,5.8440704345703125,0,validation
9,he_e12d52,8.14686107635498,8.94495964050293,0,validation
9,le_bf9a36,8.54223346710205,8.2047119140625,0,train
9,he_4a04a2,7.498062610626221,8.187803268432617,0,validation
9,le_b2752d,7.682191371917725,6.846592426300049,0,train
9,le_7aa426,6.917442321777344,8.163064002990723,0,train
9,le_98d6b3,6.807980060577393,6.975425720214844,0,validation
9,he_0d4150,8.016472816467285,9.825003623962402,0,validation
9,he_a87a9b,6.97668981552124,7.3925065994262695,0,validation
9,le_fde5e8,7.92427921295166,7.893348217010498,0,validation
9,le_78fc9a,7.446132659912109,8.17309856414795,0,train
9,le_749d9e,6.226785182952881,5.863688945770264,0,train
9,le_d82184,7.06901216506958,8.381048202514648,0,validation
9,he_81252f,6.686960220336914,7.714409828186035,0,train
9,le_02764e,7.571071624755859,7.675102233886719,0,train
9,he_bda94e,6.659382343292236,6.183841228485107,0,train
9,le_5f185b,8.039628028869629,8.505534172058105,0,train
9,he_a8615f,6.5122456550598145,5.963136196136475,0,train
9,he_929466,7.835862636566162,7.929760932922363,0,train
9,he_883cb8,7.047844886779785,6.735279560089111,0,validation
9,le_f0530f,7.378937721252441,7.731653690338135,0,train
9,he_1d2579,5.887690544128418,5.924098968505859,0,validation
9,le_9faffe,6.166626453399658,5.925918102264404,0,validation
9,he_842a1f,5.9946770668029785,5.354978561401367,0,train
9,he_bb65e5,7.439458847045898,6.919007301330566,0,validation
9,he_95d87e,6.977146625518799,6.625304222106934,0,train
9,le_c8410f,7.760162353515625,7.531053066253662,0,train
9,le_e7807e,5.658181190490723,5.0576934814453125,0,train
9,le_3a63b0,7.894608974456787,7.93986177444458,0,train
9,he_b61f8b,7.948896408081055,8.160417556762695,0,validation
9,he_17f529,6.050172328948975,5.41087007522583,0,train
9,he_34360a,6.4020891189575195,5.797902584075928,0,train
9,le_3422e0,7.790452003479004,7.023282527923584,0,validation
9,he_a0069c,8.162080764770508,8.506841659545898,0,train
9,le_ba2a87,5.446865081787109,5.8017473220825195,0,train
9,le_66b5ac,8.155623435974121,7.421484470367432,0,validation
9,he_ccbb6e,7.695163249969482,7.816636562347412,0,validation
9,le_4c4592,7.312912940979004,6.668104648590088,0,validation
9,he_2b1023,7.42791223526001,7.313817977905273,0,validation
9,le_ed8708,5.547281742095947,5.1918535232543945,0,train
9,he_4ee83e,6.42634916305542,6.78916072845459,0,validation
9,le_49a533,6.903190612792969,5.60536003112793,0,train
9,he_9ce40f,5.666820526123047,4.878095626831055,0,train
9,le_592616,6.622281074523926,7.6997809410095215,0,validation
9,he_76ab15,7.209403038024902,6.98659086227417,0,validation
9,he_261f83,6.319619178771973,5.674197196960449,0,train
9,le_120b5b,6.581813335418701,6.008569717407227,0,train
9,le_f2acc0,6.7764058113098145,6.756449222564697,0,train
9,he_04551f,7.339415550231934,7.170011520385742,0,validation
9,he_b9a930,6.218079090118408,5.705667972564697,0,train
9,le_80ca99,6.179037094116211,6.421509265899658,0,validation
9,he_334eb2,6.425806999206543,5.544181823730469,0,validation
9,le_0c2039,6.185006141662598,5.706530570983887,0,validation
9,he_028951,6.9119648933410645,6.562716007232666,0,validation
9,le_d45347,6.580334186553955,6.107205867767334,0,train
9,he_a4529f,6.059146881103516,5.4487528800964355,0,train
9,le_234216,6.709277153015137,5.983718395233154,0,train
9,le_9391b0,8.660359382629395,7.6209564208984375,0,train
9,le_454c0b,7.535716533660889,7.044131278991699,0,validation
9,le_49db1c,8.59427261352539,10.312735557556152,0,validation
9,he_67ae44,5.90752649307251,5.228214740753174,0,train
9,le_3c9f84,7.472529888153076,7.130580425262451,0,validation
9,he_15a710,8.239830017089844,8.916648864746094,0,train
9,he_4be430,6.675391674041748,7.5127387046813965,0,validation
9,he_4435d3,7.2355241775512695,6.642346382141113,0,train
9,he_de4bf9,6.610320568084717,6.054686546325684,0,validation
9,he_e361fe,7.09370756149292,6.806619644165039,0,validation
9,he_2e9fb6,5.8284220695495605,5.113152027130127,0,train
9,le_b1f4ec,7.985646724700928,6.539487838745117,0,train
9,he_a3611b,6.832798480987549,6.386438846588135,0,validation
9,le_971e6c,6.265335559844971,5.801403999328613,0,validation
9,he_764bec,7.196923732757568,6.967180252075195,0,train
9,he_2b42db,7.364596843719482,7.210930347442627,0,train
9,he_a10557,7.342731952667236,7.193991661071777,0,validation
9,he_5ec5e8,6.469479084014893,5.616585731506348,0,validation
9,le_4677fe,6.651304721832275,8.876842498779297,0,validation
9,le_98525a,7.722201824188232,6.393749237060547,0,validation
9,le_d24988,6.319966793060303,7.297675132751465,0,validation
9,he_37c485,7.170934200286865,6.926750659942627,0,validation
9,he_637e1b,6.555367469787598,6.027817726135254,0,train
9,le_aa9b3d,6.886139392852783,6.5897722244262695,0,validation
9,le_092d88,8.637646675109863,8.758259773254395,0,validation
9,le_d8de43,7.409519672393799,7.858809947967529,0,train
9,le_68cc09,5.928480625152588,6.9119086265563965,0,train
9,le_814b46,5.962113857269287,5.2963762283325195,0,validation
9,he_9cff74,7.031761646270752,6.572113990783691,0,train
9,le_96c6d5,8.774457931518555,9.121297836303711,0,validation
9,he_c1196d,8.166274070739746,9.67488956451416,0,train
9,he_5a6c32,6.890318393707275,6.490239143371582,0,validation
9,he_5d5f7a,7.374405860900879,7.243261337280273,0,train
9,le_3a623c,6.483576774597168,6.2703728675842285,0,train
9,le_e7dea5,8.048794746398926,6.731160640716553,0,train
9,he_80b814,6.285501956939697,5.623021602630615,0,validation
9,le_09679c,6.759786605834961,8.217421531677246,0,train
9,le_d4dd8f,5.845750331878662,4.95112943649292,0,validation
9,he_4bfcf6,6.691124439239502,6.231454849243164,0,train
9,le_8f8e8a,7.591737747192383,6.71816873550415,0,validation
9,he_eff624,7.309009075164795,7.12060022354126,0,train
9,le_b194d6,7.012629508972168,6.117049217224121,0,validation
9,le_b1ae3c,8.844490051269531,7.398220539093018,0,validation
9,he_5597e5,6.879683494567871,6.473694324493408,0,train
9,he_8a456e,7.765561103820801,7.862497329711914,0,validation
9,he_094848,6.904123783111572,6.511712551116943,0,train
9,le_1c08db,6.029134750366211,5.794858932495117,0,train
9,he_e0689e,6.457190990447998,6.906250953674316,0,validation
9,le_f1d98c,7.2603631019592285,6.400716304779053,0,train
9,le_a818bf,5.654726982116699,5.829228401184082,0,train
9,he_b19ac2,6.683653831481934,6.220248699188232,0,train
9,he_932e9c,7.40217924118042,7.272002696990967,0,validation
9,he_e1c1ac,7.831512451171875,8.261022567749023,0,validation
9,he_acd142,6.939476490020752,6.56670618057251,0,train
9,le_daf354,7.761390209197998,8.835028648376465,0,train
9,he_c21f8c,6.120649814605713,5.473880290985107,0,train
9,he_929f9b,6.6472859382629395,6.165698051452637,0,validation
9,le_baabbc,6.370100498199463,5.427443504333496,0,train
9,he_4f27f3,7.711795330047607,7.775127410888672,0,train
9,le_c75cf6,7.005090236663818,7.470512390136719,0,validation
9,he_eaabee,6.821255683898926,7.005790710449219,0,validation
9,he_85fdc1,7.232499122619629,7.022520065307617,0,validation
9,le_d5e0b8,6.220149517059326,5.946439743041992,0,train
9,le_b001cf,7.21294641494751,6.276281833648682,0,validation
9,he_6be05d,7.431921482086182,7.773747444152832,0,train
9,le_870446,6.993280410766602,6.778112411499023,0,train
9,le_0637ba,6.167074680328369,5.428299903869629,0,train
9,he_8a549e,7.989100456237793,9.83120059967041,0,train
9,le_d025d9,7.335890293121338,6.375205039978027,0,validation
9,he_a26cfb,7.9508256912231445,9.153040885925293,0,validation
9,he_836543,7.271175861358643,7.082681179046631,0,train
9,he_b8a511,6.5634942054748535,5.981844425201416,0,train
9,le_0623c9,6.947340488433838,6.567429542541504,0,validation
9,he_9b18bc,7.258682727813721,6.302289009094238,0,validation
9,he_685d08,8.296483993530273,9.8794527053833,0,train
9,le_92914d,9.694121360778809,9.177830696105957,0,train
9,he_35b068,5.801185131072998,5.942363262176514,0,train
9,he_3a40f5,6.177403926849365,5.658021926879883,0,train
9,le_ddbf24,6.989777565002441,7.497923374176025,0,train
9,le_08e1b5,5.793761730194092,7.0425543785095215,0,train
9,le_256cce,6.536141395568848,5.4052414894104,0,train
9,he_0e2b7a,8.105072021484375,8.34528923034668,0,validation
9,he_6cfa07,6.853817939758301,7.444221496582031,0,validation
9,he_85ff02,9.241772651672363,10.406994819641113,0,train
9,le_39b3e3,7.1915202140808105,6.85159158706665,0,train
9,he_351fa1,6.238115310668945,5.551941871643066,0,validation
9,le_d2662d,6.439854145050049,6.315820217132568,0,train
9,he_6e2164,6.532109260559082,5.992931842803955,0,validation
9,he_321338,7.0564961433410645,6.748735427856445,0,train
9,he_b9c59b,7.489896297454834,7.414542198181152,0,train
9,he_5ba506,7.673440456390381,7.126558780670166,0,train
9,he_955633,6.366337776184082,5.744274139404297,0,train
9,he_711362,7.0192108154296875,6.690737724304199,0,validation
9,le_380ed6,6.845489978790283,6.842010974884033,0,train
9,he_eb5653,7.031561374664307,6.7099480628967285,0,train
9,le_ef147f,7.910350799560547,6.5012922286987305,0,validation
9,le_bd5553,6.423982620239258,5.864780426025391,0,validation
9,he_e8d0d4,5.845484733581543,5.813043117523193,0,train
9,le_ac58bc,6.562126636505127,5.930483818054199,0,train
9,le_6e93a8,5.395336627960205,5.267125606536865,0,train
9,le_a672ff,7.6971001625061035,8.223343849182129,0,validation
9,he_59f481,8.152039527893066,10.07542610168457,0,train
9,le_32e365,5.919348239898682,5.623615741729736,0,validation
9,he_253e64,8.387510299682617,8.873165130615234,0,validation
9,he_1589ac,8.106768608093262,10.012385368347168,0,validation
9,he_0352a5,6.475039958953857,5.907328128814697,0,validation
9,he_0fe808,7.180828094482422,6.942142963409424,0,validation
9,he_4dfc9a,6.683162689208984,6.167994976043701,0,train
9,he_53a37b,6.78968620300293,6.731245994567871,0,validation
9,he_3b1424,7.638982772827148,7.656807899475098,0,train
9,he_af8dbf,7.575472354888916,7.553602695465088,0,validation
9,he_a3e3a4,8.108550071716309,8.419853210449219,0,validation
9,le_622f03,5.860477924346924,4.882729530334473,0,validation
9,he_f40d7e,6.9773712158203125,6.810330867767334,0,train
9,he_ad2c6f,6.968139171600342,6.611293315887451,0,validation
9,he_557676,6.777708530426025,6.695540428161621,0,validation
9,he_3c577e,6.748874664306641,6.270214557647705,0,train
9,le_661759,7.965907096862793,7.35311222076416,0,validation
9,he_1aca60,6.9299445152282715,7.3033447265625,0,validation
9,he_dab57d,7.214062213897705,5.935884952545166,0,validation
9,le_7b2851,7.849981784820557,8.348258972167969,0,train
9,le_ef4386,8.147762298583984,7.506187438964844,0,train
9,he_81c663,6.9504780769348145,6.620484828948975,0,train
9,le_cde2f8,7.667420864105225,8.378662109375,0,train
9,he_781a92,6.4553446769714355,5.877786159515381,0,train
9,he_a777f6,7.3104400634765625,7.14376163482666,0,train
9,he_ee4bcc,6.966796398162842,6.609202861785889,0,train
9,le_bc79cd,6.7462992668151855,5.860434532165527,0,validation
9,he_0e1b16,7.895113468170166,8.073019981384277,0,validation
9,he_d16357,7.223474979400635,7.008480548858643,0,train
9,he_28e587,6.646719455718994,5.652204513549805,0,train
9,he_41a754,6.806125164031982,5.520837306976318,0,train
9,le_70d46f,5.796132564544678,5.972043037414551,0,validation
9,le_ffbca1,8.497458457946777,7.786957263946533,0,train
9,he_616252,7.2495503425598145,7.251768589019775,0,train
9,he_a4594f,6.371979236602783,5.91042947769165,0,train
9,le_b8feee,6.032283782958984,7.530903339385986,0,train
9,le_eb9660,7.140337944030762,6.427885055541992,0,train
9,le_363c70,8.60922908782959,7.25511360168457,0,train
9,le_6bde61,9.244429588317871,7.858844757080078,0,validation
9,le_c04ae8,7.716766834259033,9.00751781463623,0,validation
9,he_4a3727,8.422846794128418,9.355609893798828,0,train
9,le_c880b0,7.849001407623291,8.043352127075195,0,validation
9,le_766228,7.482564449310303,6.559789657592773,0,validation
9,le_9c4270,5.248549461364746,5.188414573669434,0,train
9,he_87d8a7,8.34179973602295,8.864182472229004,0,validation
9,he_8feb2d,7.821732997894287,7.163702487945557,0,validation
9,he_f01b48,7.540322303771973,7.496483325958252,0,validation
9,le_58079b,5.613214015960693,5.961919784545898,0,train
9,le_5088b4,8.67660903930664,8.072549819946289,0,train
9,he_6528fe,6.142618179321289,5.412098407745361,0,validation
9,le_aa12de,7.333876609802246,6.4501776695251465,0,train
9,he_3d059e,7.8032073974609375,7.940882205963135,0,train
9,le_feadea,6.067323207855225,5.8321919441223145,0,train
9,he_0724b7,8.340555191040039,8.292135238647461,0,validation
9,he_cd16a6,5.383747577667236,4.466352939605713,0,validation
9,le_5b76d0,6.031062602996826,5.812756538391113,0,validation
9,he_dfc951,7.694553852081299,7.747108459472656,0,validation
9,he_ff9f62,5.551301002502441,4.78016996383667,0,validation
9,le_7a26ee,7.382396221160889,8.083454132080078,0,validation
9,le_3fc415,6.828240394592285,7.441192626953125,0,train
9,he_79241f,6.745327949523926,7.117894649505615,0,train
9,he_51d69d,7.614282131195068,8.058100700378418,0,validation
9,he_660f4d,7.499053001403809,7.43715763092041,0,train
9,le_69cfdb,5.597677707672119,5.604995250701904,0,train
9,le_472126,8.292818069458008,7.219207286834717,0,train
9,le_4c7bcc,6.4938645362854,7.429691314697266,0,train
9,he_7d5015,8.289810180664062,8.97541618347168,0,validation
9,he_da468b,6.7612738609313965,6.679633140563965,0,validation
9,le_a1bed9,8.178135871887207,7.313675403594971,0,train
9,he_b190e2,8.148514747619629,10.028311729431152,0,train
9,le_322936,6.304055213928223,5.780932903289795,0,train
9,le_39ed4e,5.624560356140137,5.775622844696045,0,train
9,he_139129,7.798158645629883,7.810293674468994,0,train
9,he_4615cf,6.661677837371826,7.714821815490723,0,validation
9,he_910819,6.290640354156494,6.037496089935303,0,validation
9,he_03ff44,6.809263706207275,6.408663749694824,0,validation
9,he_c5228c,7.726644992828369,6.908698081970215,0,train
9,le_510ee4,6.608741760253906,7.993669509887695,0,validation
9,le_01c1d1,7.3265814781188965,8.474996566772461,0,train
9,he_be5e6c,7.036609649658203,6.714621067047119,0,validation
9,he_035cdd,6.71457052230835,6.216853141784668,0,validation
9,le_83ec82,6.209038734436035,5.636969566345215,0,train
9,le_10bdc8,5.762498378753662,5.91456413269043,0,train
9,he_08841b,5.880253791809082,5.188544273376465,0,validation
9,le_1438c8,6.733976364135742,6.3904266357421875,0,train
9,le_28ff23,6.465046405792236,6.821877479553223,0,validation
9,le_26094c,7.730409145355225,7.4026780128479,0,validation
9,he_5bb743,7.2460551261901855,7.018299102783203,0,train
9,le_400c54,6.348798751831055,5.3954596519470215,0,train
9,le_044ad6,6.073399066925049,5.896501064300537,0,validation
9,le_63f66e,5.614054203033447,4.987739086151123,0,train
9,le_9f1d40,6.012503147125244,5.504781723022461,0,validation
9,le_59dd77,7.876157760620117,7.387574672698975,0,validation
9,he_05a66f,6.92765474319458,6.548315525054932,0,train
9,he_758929,6.290738105773926,6.408907890319824,0,validation
9,le_acce2f,6.084787368774414,5.668527126312256,0,validation
9,he_ab9692,6.719627857208252,6.274209976196289,0,train
9,he_b5456c,6.241637229919434,5.557224750518799,0,validation
9,le_bc7d24,6.523427963256836,7.875810146331787,0,train
9,le_801110,6.1374945640563965,5.399044513702393,0,train
9,le_eaae1c,6.943291187286377,6.662360668182373,0,validation
9,he_708f00,7.324365139007568,7.885424613952637,0,train
9,le_b43f6c,7.418205261230469,7.502811908721924,0,validation
9,le_590a7e,5.702289581298828,5.351023197174072,0,validation
9,le_130ed1,5.935053825378418,5.658198833465576,0,train
9,he_f65738,8.679614067077637,10.419747352600098,0,train
9,he_a779a4,6.94249963760376,6.571409225463867,0,validation
9,he_13dd33,6.665238380432129,5.753055572509766,0,validation
9,le_9ab3c8,5.816766738891602,5.329471111297607,0,validation
9,he_37695e,4.586827278137207,5.177361965179443,0,validation
9,he_715e4a,6.523473262786865,5.979977607727051,0,validation
9,le_cf14b0,6.288395881652832,6.288395881652832,0,train
9,le_458c04,5.8750128746032715,5.2348103523254395,0,validation
9,le_321164,6.805342197418213,7.378671169281006,0,train
9,he_69af03,6.827267169952393,6.392158031463623,0,train
9,he_3179bb,7.076908588409424,5.712693691253662,0,train
9,le_1a2bdc,6.744684219360352,7.807825565338135,0,train
9,le_6d4621,6.0557026863098145,5.867361545562744,0,validation
9,le_f6fa0e,7.268274307250977,6.3378586769104,0,validation
9,le_8ee86d,6.867649555206299,6.441028118133545,0,validation
9,he_6fcaa9,6.764906406402588,6.295152187347412,0,validation
9,le_c1040c,8.538032531738281,8.02005672454834,0,validation
9,he_4cb4e1,7.008472919464111,6.674033164978027,0,validation
9,le_bc95e6,7.288986682891846,7.359840393066406,0,validation
9,le_a07c3a,7.3062615394592285,7.502717018127441,0,validation
9,he_83c6f7,7.850031852722168,7.999761581420898,0,train
9,le_49d277,6.985671520233154,5.949864864349365,0,validation
9,le_87d2fd,6.366950035095215,5.749217510223389,0,train
9,le_ba271f,7.3207526206970215,6.930805683135986,0,validation
9,le_1a29b0,6.531545162200928,6.318530559539795,0,train
9,he_279227,7.942408084869385,8.708915710449219,0,validation
9,le_05a5f2,5.94863224029541,5.562203884124756,0,validation
9,le_ac3893,6.40163516998291,5.504125118255615,0,validation
9,he_d65115,7.903937339782715,9.400376319885254,0,validation
9,le_fa9cc3,7.813992977142334,8.173733711242676,0,validation
9,le_b0fdf1,6.493314743041992,6.163834095001221,0,validation
9,le_5a52c0,6.891037464141846,8.774292945861816,0,validation
9,he_d1f643,6.941022872924805,5.579282760620117,0,validation
9,le_d20bd3,7.559685707092285,6.74636697769165,0,train
9,he_992e41,6.606215000152588,6.1063761711120605,0,train
9,le_cc6043,5.660709857940674,4.977698802947998,0,validation
9,he_c8b376,6.640022277832031,6.350305080413818,0,train
9,le_d21039,7.944268703460693,7.033803462982178,0,validation
9,le_5b5cf8,6.4015984535217285,5.9365010261535645,0,train
9,he_56e7b9,7.200199127197266,5.955936908721924,0,train
9,le_4229e2,6.531966686248779,6.762678623199463,0,validation
9,le_1a2492,7.249294757843018,8.260594367980957,0,validation
9,he_deb7c1,6.586355209350586,7.835135459899902,0,validation
9,le_4f31ff,7.6759562492370605,7.932798862457275,0,validation
9,he_221288,7.936232089996338,9.91238784790039,0,validation
9,le_7b2aea,7.885545253753662,8.86811351776123,0,train
9,le_8045b0,7.045508861541748,6.351785659790039,0,train
9,he_537134,7.032917022705078,6.712058067321777,0,validation
9,he_2fe81b,6.452556133270264,6.012765407562256,0,validation
9,he_a962bf,7.581955909729004,7.616115093231201,0,validation
9,le_50582c,7.122415542602539,5.762626647949219,0,validation
9,he_f55329,6.309446811676025,5.658939361572266,0,validation
9,he_43d1e1,7.103716850280762,7.554551601409912,0,validation
9,he_4ec47d,6.755819797515869,6.270995140075684,0,validation
9,le_f28e73,7.144948482513428,6.505533218383789,0,validation
9,le_37a2d1,7.224088668823242,7.309759616851807,0,train
9,he_c20788,6.720062732696533,6.225393772125244,0,validation
9,le_764df2,6.978734493255615,6.981128692626953,0,validation
9,he_c6590f,6.137694835662842,5.40131139755249,0,train
9,he_60ed0a,5.722243309020996,5.022340297698975,0,validation
9,he_5df55a,8.904500961303711,11.50585651397705,0,validation
9,he_734cd1,5.842104911804199,5.705802917480469,0,train
9,le_de6e1e,5.811079502105713,6.27035665512085,0,validation
9,le_b4482a,6.56066370010376,5.951701641082764,0,validation
9,he_57a478,7.135091304779053,6.870995998382568,0,validation
9,le_0af460,6.446261882781982,6.254997730255127,0,validation
9,le_f0d06e,9.081668853759766,7.796909332275391,0,train
9,le_1c128f,8.072443962097168,7.677722930908203,0,train
9,le_a85ddb,7.24424409866333,6.6307878494262695,0,validation
9,he_85af94,6.7523369789123535,6.275600433349609,0,train
9,he_63befa,5.9881510734558105,5.345487117767334,0,validation
9,he_652056,7.951807975769043,9.079689025878906,0,validation
9,he_0d36d6,6.807694435119629,6.361712455749512,0,train
9,le_e0fa5c,6.527266979217529,5.854404449462891,0,validation
9,he_48966d,7.576318264007568,7.895183563232422,0,train
9,le_4d537b,5.844985485076904,5.5337815284729,0,validation
9,le_9d8415,6.047462463378906,5.33599328994751,0,validation
9,he_487634,8.607917785644531,9.454361915588379,0,train
9,le_5ca495,7.182835102081299,6.911798477172852,0,train
9,he_3caee5,7.783866882324219,9.196581840515137,0,train
9,le_a61898,7.8973541259765625,7.638055324554443,0,validation
9,he_6effe8,6.633483409881592,6.208762168884277,0,validation
9,le_01c9ec,7.002099514007568,6.360586643218994,0,train
9,le_b8397b,6.300822734832764,6.059642791748047,0,train
9,he_94fd55,7.648926734924316,7.672966957092285,0,validation
9,le_01f7f4,8.012749671936035,7.7809977531433105,0,validation
9,le_3730f0,7.8979644775390625,7.649046421051025,0,train
9,le_d66bd6,7.765121936798096,7.904214382171631,0,train
9,le_4356f8,7.842581272125244,7.190617084503174,0,validation
9,le_0155ee,5.972482204437256,8.851593017578125,0,validation
9,he_380d40,7.706394672393799,7.766353130340576,0,train
9,le_1bd9fa,6.529541492462158,6.297064304351807,0,train
9,he_195589,6.914917469024658,6.52850341796875,0,validation
9,le_4f6999,7.838724136352539,7.864170074462891,0,train
9,he_d5d6ab,7.259350776672363,7.0399041175842285,0,train
9,he_c90fcd,6.693957805633545,6.501905918121338,0,validation
9,le_3ccf61,7.729860782623291,8.202361106872559,0,validation
9,le_b9c5c4,7.840088367462158,7.689847946166992,0,train
9,le_a6ce35,8.027897834777832,8.041645050048828,0,train
9,le_12c34b,5.985463619232178,5.244049549102783,0,validation
9,le_7c71da,5.9289398193359375,5.181426048278809,0,validation
9,he_dbbed2,7.420510768890381,7.314981937408447,0,train
9,he_fcf200,6.504854679107666,5.95205020904541,0,validation
9,le_84b6bb,6.702334880828857,6.178534030914307,0,train
9,he_1f22c4,7.118753910064697,7.417769432067871,0,train
9,le_a9f11f,8.228466033935547,7.001169204711914,0,validation
9,le_1911ce,8.685896873474121,9.913226127624512,0,validation
9,he_0d9235,6.974979400634766,8.382650375366211,0,validation
9,le_83decd,8.644869804382324,9.889069557189941,0,validation
9,he_412004,7.750238418579102,7.837596893310547,0,validation
9,he_9910b5,7.174860954284668,6.932856559753418,0,train
9,he_98349a,6.347033977508545,6.324623107910156,0,validation
9,le_404d16,6.8838043212890625,6.221158981323242,0,train
9,le_00eeb2,7.754225730895996,9.049736976623535,0,train
9,le_1ccf16,7.517791271209717,8.478797912597656,0,validation
9,le_7261d3,5.806578159332275,5.196929454803467,0,train
9,le_45d4cb,5.9235615730285645,5.530783653259277,0,validation
9,le_694adb,7.049570560455322,6.737732887268066,0,train
9,le_70cf78,8.869107246398926,8.494746208190918,0,validation
9,he_e97c8c,6.899034023284912,6.5433197021484375,0,train
9,he_0a5ec7,6.583696365356445,6.0703125,0,train
9,he_40a91b,7.389253616333008,6.625306129455566,0,validation
9,he_cdc607,6.742343902587891,5.835636138916016,0,train
9,he_89ad62,7.124914169311523,7.704313278198242,0,train
9,le_8deff5,6.557602405548096,6.619137287139893,0,validation
9,he_e1a03a,5.930788516998291,5.520809650421143,0,validation
9,le_52447f,7.450458526611328,6.82013463973999,0,validation
9,he_fb1124,8.518192291259766,11.384330749511719,0,train
9,le_523a81,5.6180267333984375,5.28927755355835,0,validation
9,he_5608ba,6.692286968231201,6.358038902282715,0,train
9,le_8198ec,9.207460403442383,7.8818230628967285,0,train
9,he_d85c04,7.398806095123291,7.266519546508789,0,validation
9,he_403257,8.002409934997559,8.084656715393066,0,train
9,le_e568c3,6.406484127044678,6.031227111816406,0,train
9,he_86eeae,5.185857772827148,5.860518455505371,0,validation
9,le_dfd822,8.563905715942383,10.247279167175293,0,train
9,le_c50a04,6.111075401306152,7.877378940582275,0,train
9,le_8de934,6.55238151550293,7.005712509155273,0,train
9,he_47238e,6.755385875701904,6.280343532562256,0,validation
9,he_d6039a,6.144966125488281,7.039120674133301,0,validation
9,le_29fc1c,8.95901870727539,8.295609474182129,0,validation
9,he_076917,6.0924859046936035,5.287656307220459,0,validation
9,le_91c567,6.141330242156982,5.8920578956604,0,validation
9,le_f58d84,6.92894983291626,6.667891025543213,0,validation
9,he_f0d231,6.421688556671143,6.036114692687988,0,validation
9,le_7427b9,6.293144702911377,6.778510570526123,0,validation
9,le_7716d1,8.316023826599121,9.275776863098145,0,validation
9,he_0db92b,6.514028549194336,5.965811729431152,0,train
9,le_6975d5,7.498922824859619,7.480813503265381,0,train
9,he_4f7ff0,6.917451858520508,8.135509490966797,0,validation
9,he_e7fbc9,8.199023246765137,8.057082176208496,0,train
9,he_6c7977,7.602104187011719,7.5968804359436035,0,validation
9,le_83615b,8.856904029846191,9.14496898651123,0,train
9,le_e50e4d,6.513571262359619,5.690147399902344,0,train
9,he_feda4e,7.475927829742432,8.66672420501709,0,validation
9,he_056a76,9.371404647827148,10.897436141967773,0,train
9,le_a0c615,6.970534324645996,6.851464748382568,0,train
9,he_25e97e,7.869892597198486,8.032035827636719,0,train
9,he_b85d24,7.917363166809082,8.81502914428711,0,validation
9,le_c470c6,7.675039768218994,7.9653778076171875,0,validation
9,he_e554b0,6.804895877838135,6.357357978820801,0,train
9,le_a8ce41,6.042461395263672,7.733684539794922,0,train
9,le_56f182,5.903479099273682,6.659414291381836,0,train
9,le_5ff624,8.250871658325195,8.288610458374023,0,validation
9,le_c3a6f8,7.006545543670654,6.305532455444336,0,validation
9,le_2f43e7,7.826517581939697,8.391018867492676,0,train
9,le_0bda07,7.00051736831665,7.15797233581543,0,validation
9,le_f39982,5.973738670349121,5.570562839508057,0,train
9,he_0fab59,6.3971781730651855,5.790535926818848,0,validation
9,le_a1c863,6.53734827041626,5.984685897827148,0,train
9,he_512e0a,8.092405319213867,8.395463943481445,0,train
9,le_2ba026,6.994157314300537,7.118511199951172,0,train
9,he_2044e1,7.395231246948242,6.522721290588379,0,validation
9,he_552813,7.1775407791137695,7.058361053466797,0,train
9,he_caef9f,5.803219795227051,5.076495170593262,0,train
9,he_bf08f5,7.448851108551025,8.11677074432373,0,validation
9,he_959231,6.984350681304932,6.772500514984131,0,validation
9,le_2c1c76,6.0156145095825195,5.712882041931152,0,train
9,he_b63add,7.2337517738342285,7.024468898773193,0,train
9,he_a2b8a1,7.56136417388916,7.530677795410156,0,validation
9,le_8578d9,8.541269302368164,8.046083450317383,0,train
9,le_b41a4d,6.447547912597656,6.561151027679443,0,validation
9,le_80446d,7.059112548828125,5.86342716217041,0,train
9,le_e8dc06,6.21649169921875,6.10150146484375,0,train
9,le_226bc8,6.914142608642578,6.732508182525635,0,train
9,le_fa7d2c,5.852477073669434,5.395719051361084,0,validation
9,he_063fc0,7.1607842445373535,5.8792901039123535,0,train
9,he_affe4b,6.927300453186035,6.547765731811523,0,validation
9,le_55232c,7.950360298156738,7.417784690856934,0,validation
9,he_01cfbe,7.726615905761719,7.799210548400879,0,validation
9,le_6cbd20,8.954506874084473,9.924030303955078,0,validation
9,he_4fd2c6,6.531378269195557,5.9918365478515625,0,validation
9,le_d07324,7.211031436920166,6.103677749633789,0,validation
9,he_149c5b,7.100562572479248,6.817284107208252,0,train
9,he_7b0696,6.779762268066406,6.318262100219727,0,train
9,le_5ff0f8,6.524964809417725,7.334786891937256,0,validation
9,he_bfbfe0,6.31477165222168,5.666925430297852,0,validation
9,le_2c1fd3,5.708062648773193,6.412981033325195,0,train
9,he_113880,7.184056282043457,7.085068702697754,0,train
9,he_43444c,6.288891315460205,5.6281046867370605,0,train
9,he_63e860,8.715730667114258,13.314181327819824,0,train
9,he_30ba2d,6.631655216217041,6.142251014709473,0,validation
9,he_b516c8,6.788125514984131,6.331272602081299,0,validation
9,he_061e2c,7.485982894897461,7.397069454193115,0,train
9,le_430535,7.293679237365723,7.747416973114014,0,validation
9,le_2ce311,7.1548566818237305,6.8035430908203125,0,validation
9,le_9a7a59,6.825433254241943,6.753789901733398,0,train
9,le_54d379,6.7031707763671875,5.757426738739014,0,train
9,le_52b809,7.797384738922119,8.954350471496582,0,train
9,le_f66fec,5.974236488342285,5.606515407562256,0,train
9,he_d9b3a0,6.503646373748779,5.95023775100708,0,validation
9,le_2e65e7,6.162501335144043,7.178611755371094,0,validation
9,le_eb89a4,7.485866069793701,7.235084056854248,0,validation
9,he_a7bf3c,6.9428911209106445,6.52565860748291,0,validation
9,le_275fa9,8.126778602600098,8.70733642578125,0,train
9,he_16c2e2,6.605722427368164,6.103351593017578,0,train
9,le_763996,7.7394022941589355,6.269132614135742,0,validation
9,le_c9ff75,8.068984985351562,7.624213695526123,0,validation
9,le_eb4323,7.116297721862793,6.226840496063232,0,validation
9,he_0935e0,6.869173049926758,6.1795525550842285,0,validation
9,le_28d5fc,7.640865802764893,6.221693515777588,0,train
9,le_f85aef,6.993797779083252,6.468324184417725,0,train
9,he_8743aa,7.506356239318848,7.441290855407715,0,validation
9,he_77325b,7.030196189880371,6.707825183868408,0,train
9,le_194430,7.038938045501709,6.394581317901611,0,train
9,he_0d978a,7.269818305969238,7.080571174621582,0,validation
9,he_d5d228,7.081396579742432,7.560976982116699,0,train
9,he_703227,6.5487141609191895,5.789233207702637,0,validation
9,he_01e8ed,6.282209396362305,5.618082523345947,0,train
9,he_5785c0,6.727560997009277,6.2861104011535645,0,validation
9,le_e7ceaf,7.48298978805542,7.114666938781738,0,validation
9,he_11ed24,6.196454048156738,5.489449501037598,0,validation
9,he_f65f6e,6.515598773956299,5.828263759613037,0,validation
9,he_726d3f,6.761795520782471,6.337461948394775,0,validation
9,le_dd8888,6.183610916137695,5.33154821395874,0,train
9,le_d042c2,6.895715713500977,6.4253950119018555,0,train
9,le_39c6ce,6.930464267730713,6.747021675109863,0,validation
9,he_ab7281,6.827644348144531,6.392744064331055,0,train
9,he_019042,6.670118808746338,5.895269393920898,0,validation
9,le_d52c87,6.725974082946777,6.4344635009765625,0,validation
9,he_112f6d,6.587044715881348,6.075335502624512,0,validation
9,le_4528f1,8.335618019104004,6.648294448852539,0,train
9,he_711892,6.438322067260742,7.398045539855957,0,validation
9,le_34558e,5.747915744781494,4.938119411468506,0,train
9,he_8066c3,7.569003105163574,7.543090343475342,0,train
9,he_fe4ada,7.481520175933838,8.645105361938477,0,validation
9,le_58b819,9.07901668548584,8.700607299804688,0,train
9,he_eae292,7.454482078552246,7.367825984954834,0,validation
9,he_14019f,6.388103008270264,6.8114166259765625,0,validation
9,he_673c7e,6.9160237312316895,6.568803310394287,0,train
9,he_d5db57,6.994041919708252,6.428840637207031,0,validation
9,le_7badf8,6.896212100982666,6.122772216796875,0,validation
9,le_912a2a,7.565970420837402,7.9824700355529785,0,train
9,he_95ee8c,7.329270362854004,7.1730523109436035,0,validation
9,le_8761f6,7.182031154632568,6.368858814239502,0,validation
9,le_5d7507,7.292475700378418,7.829901218414307,0,train
9,le_5863fc,6.8857855796813965,6.863856315612793,0,validation
9,he_853422,7.086634159088135,6.795617580413818,0,validation
9,he_4e43b9,7.634117603302002,7.047186851501465,0,train
9,he_a39ebf,6.955101490020752,8.69384479522705,0,validation
9,le_80e3b0,5.893569469451904,5.844783782958984,0,train
9,le_e11ea9,6.583371162414551,6.059436321258545,0,validation
9,he_e69885,6.437434673309326,5.850920677185059,0,train
9,le_5d62d2,6.20086669921875,5.588996887207031,0,train
9,le_a8ce3a,7.641636848449707,7.412563800811768,0,validation
9,he_477534,6.9794535636901855,7.233066558837891,0,train
9,he_4528d8,7.405150890350342,6.523323059082031,0,validation
9,le_315c9d,6.214601039886475,6.024600028991699,0,train
9,he_9c907a,8.003539085388184,9.283121109008789,0,train
9,he_bc8ef0,6.353547096252441,5.7250895500183105,0,validation
9,le_ff4463,7.234152317047119,7.169565677642822,0,train
9,he_b63a86,6.9609880447387695,8.142374038696289,0,validation
9,le_6fe94c,5.89820671081543,6.048847675323486,0,train
9,le_b554e0,6.410144329071045,5.665909767150879,0,validation
9,he_905478,6.272740840911865,5.410641193389893,0,validation
9,le_ae27bc,6.4925994873046875,6.215848445892334,0,validation
9,le_86dde0,6.832208156585693,6.709898471832275,0,validation
9,le_3235a7,6.1947102546691895,6.020086288452148,0,train
9,le_560bc5,7.56662130355835,8.040624618530273,0,validation
9,le_b2d8a4,6.990704536437988,7.035525321960449,0,train
9,he_57b66a,7.212138652801514,8.437749862670898,0,train
9,he_8b6e8a,6.669498920440674,6.146740913391113,0,train
9,he_0ad37b,7.505824565887451,7.44769287109375,0,validation
9,he_1f1796,7.299463748931885,7.126686096191406,0,validation
9,he_c788c4,6.632759094238281,10.404450416564941,0,train
9,le_3e0c8b,6.230325222015381,5.726071834564209,0,validation
9,le_ad29d4,8.362401008605957,8.710651397705078,0,validation
9,he_9ead18,6.576635360717773,7.017064094543457,0,train
9,le_a9c8e7,6.684499263763428,8.535107612609863,0,train
9,he_fa775e,8.405431747436523,11.228404998779297,0,train
9,he_6eb3b7,5.772939682006836,5.974835395812988,0,train
9,le_b68792,7.200994968414307,7.1475372314453125,0,train
9,le_7491ba,6.443751335144043,5.9349846839904785,0,train
9,le_155906,8.033799171447754,8.585780143737793,0,validation
9,le_71250d,8.885311126708984,7.0523223876953125,0,train
9,he_945b84,5.9833760261535645,5.3385396003723145,0,validation
9,le_767019,8.350438117980957,8.2013521194458,0,validation
9,le_bea3b5,6.455175876617432,6.320491313934326,0,validation
9,le_1a7ab7,5.380842208862305,6.465517997741699,0,train
9,he_0445e3,6.755679130554199,6.6147637367248535,0,validation
9,he_ebb18a,6.343343257904053,5.411673069000244,0,train
9,he_04607e,6.412712097167969,5.813837051391602,0,train
9,le_8dffb2,6.622245788574219,6.088504314422607,0,validation
9,he_bf7958,6.820779323577881,5.9985527992248535,0,validation
9,he_865b01,6.852782726287842,6.431849956512451,0,validation
9,he_5422d6,6.730138301849365,6.241069793701172,0,validation
9,le_1b77f0,5.884888172149658,6.197268486022949,0,validation
9,he_061f19,6.44607400894165,5.941129684448242,0,train
9,le_ab66f0,6.085015773773193,5.79303503036499,0,train
9,le_33de79,7.559841632843018,8.646556854248047,0,validation
9,he_4d16d8,7.805736541748047,8.390390396118164,0,train
9,he_7141aa,5.836766719818115,5.388224124908447,0,validation
9,le_b7b78e,6.09373140335083,5.973024845123291,0,train
9,le_341408,5.947531700134277,7.348656177520752,0,validation
9,he_e7f057,5.667392730712891,4.944633483886719,0,validation
9,le_c975ec,6.433403491973877,5.945786952972412,0,train
9,he_b9dc56,6.308481693267822,5.657492637634277,0,validation
9,he_b9ba5e,7.535091400146484,8.486631393432617,0,train
9,le_3ef247,8.838674545288086,9.718165397644043,0,validation
9,le_945414,6.368373870849609,7.059686660766602,0,train
9,le_73a0f6,5.951252460479736,5.279475212097168,0,validation
9,le_f790ca,6.36848258972168,5.726861000061035,0,train
9,le_3c1dbd,9.105789184570312,8.343907356262207,0,train
9,he_ac375a,7.701189041137695,8.71415901184082,0,validation
9,he_d0547e,7.780490398406982,7.583137512207031,0,train
9,le_0e80d9,6.069286823272705,6.0255961418151855,0,train
9,he_9a731c,6.624159336090088,6.7044243812561035,0,validation
9,he_442910,6.243760108947754,6.655853271484375,0,validation
9,le_ae71bb,6.714968204498291,6.2075371742248535,0,validation
9,he_0c8461,8.156530380249023,10.416494369506836,0,validation
9,le_36906d,7.842160224914551,7.501380443572998,0,validation
9,he_c72991,7.574906349182129,7.55515193939209,0,train
9,le_698ed0,7.363559246063232,5.912588596343994,0,train
9,le_2f8b4e,6.3478264808654785,6.385019302368164,0,validation
9,le_096a5a,6.346113204956055,5.332828044891357,0,train
9,he_b62509,6.4028472900390625,5.7319488525390625,0,validation
9,le_ad984a,8.524081230163574,7.201624393463135,0,train
9,he_2aef37,6.592076301574707,6.7120361328125,0,validation
9,le_4e404a,5.855849266052246,5.461061954498291,0,train
9,he_8f57fb,7.283133506774902,7.101283073425293,0,train
9,he_10c218,6.660140037536621,7.036221981048584,0,train
9,he_a7eb16,7.277660846710205,7.092772006988525,0,train
9,le_157346,6.579485893249512,6.536228179931641,0,train
9,he_4c56d3,7.466776371002197,7.376971244812012,0,validation
9,le_875512,6.1277337074279785,5.733665466308594,0,validation
9,le_f593c2,5.971171855926514,5.996714115142822,0,train
9,le_43f436,7.55900239944458,8.329526901245117,0,train
9,he_fa6948,6.802733898162842,7.8484296798706055,0,validation
9,he_cc58af,6.5485687255859375,6.675131320953369,0,train
9,le_9aabb9,6.807629108428955,6.732778549194336,0,train
9,he_256c48,6.939995288848877,6.567514419555664,0,validation
9,he_301a3e,7.9565205574035645,8.172805786132812,0,train
9,he_bda96d,6.873040676116943,6.965622901916504,0,validation
9,le_d031d2,6.445657253265381,6.64478874206543,0,train
9,he_935b9f,7.962629318237305,7.6151838302612305,0,train
9,he_f51b67,5.7376813888549805,4.981167316436768,0,train
9,le_1223ad,5.610594272613525,5.136631488800049,0,validation
9,le_59e8c6,7.640581130981445,7.4678826332092285,0,train
9,he_fd9c4c,7.987508296966553,8.223161697387695,0,train
9,he_4e95fa,8.264018058776855,9.665423393249512,0,train
9,he_5863f3,7.016205310821533,7.075936317443848,0,train
9,le_327267,6.2567009925842285,5.865764141082764,0,validation
9,le_d61b54,8.656338691711426,7.874086856842041,0,validation
9,he_69475d,7.155266284942627,6.870767116546631,0,validation
9,he_f152e5,6.65751314163208,6.181039810180664,0,train
9,le_5704eb,8.18489933013916,7.180814743041992,0,validation
9,le_c5b6c0,7.4781012535095215,7.220587730407715,0,validation
9,he_90123f,8.08273696899414,8.342065811157227,0,train
9,he_0bee72,7.254798889160156,7.057207107543945,0,validation
9,he_68742b,7.3657965660095215,7.22987174987793,0,validation
9,he_b7e84d,6.586262226104736,6.074162483215332,0,validation
9,he_765035,7.1063055992126465,6.964292049407959,0,train
9,le_e7dcfd,6.2200751304626465,6.177342891693115,0,validation
9,he_a9942d,7.134160995483398,7.260537624359131,0,validation
9,he_d1ef4d,6.805578231811523,6.350888252258301,0,validation
9,le_f9fcdf,6.471334457397461,6.432186126708984,0,validation
9,he_b2fbe6,7.934639930725098,8.137249946594238,0,train
9,le_338fc2,6.47560453414917,5.906986236572266,0,validation
9,he_51a0c7,6.418722629547119,6.009012222290039,0,validation
9,le_77f475,7.586331844329834,8.63276195526123,0,validation
9,le_0e684b,8.275837898254395,8.480493545532227,0,validation
9,he_19058d,5.498739719390869,4.705709457397461,0,train
9,he_b5f00f,5.4392242431640625,4.621395111083984,0,train
9,he_1ef995,7.680931091308594,7.293701171875,0,train
9,he_844d39,6.489071369171143,5.8660759925842285,0,train
9,he_ae8e9c,6.857120037078857,5.96433162689209,0,train
9,le_6035f7,6.06777811050415,5.724990367889404,0,train
9,he_0a3039,5.970513820648193,7.369619846343994,0,train
9,le_550d25,6.425892353057861,6.864432334899902,0,validation
9,le_ec27a1,6.931624412536621,6.385803699493408,0,validation
9,he_f77454,7.2555832862854,6.800686836242676,0,validation
9,le_d7795e,6.389095306396484,6.503143310546875,0,train
9,le_1c7c91,6.376542568206787,6.191370487213135,0,validation
9,he_8a99f7,7.856778144836426,8.485288619995117,0,train
9,le_d1964b,7.2516398429870605,8.118826866149902,0,validation
9,he_2dc55e,6.787847518920898,7.252301216125488,0,train
9,le_8cccbf,7.424999237060547,8.093551635742188,0,validation
9,le_25d7bf,6.617076873779297,6.448782444000244,0,train
9,le_d83883,7.634479522705078,8.050639152526855,0,validation
9,he_5893a2,7.136600971221924,7.926776885986328,0,train
9,he_5b4ec1,7.677362442016602,7.7251482009887695,0,train
9,le_adb773,7.2937397956848145,6.775599002838135,0,validation
9,he_d66410,7.212601661682129,7.714204788208008,0,validation
9,he_d91d52,8.256563186645508,10.284379005432129,0,train
9,le_497c69,6.695488452911377,7.331687927246094,0,validation
9,he_b70236,6.598304748535156,6.092225551605225,0,train
9,le_ecfb48,6.740634441375732,6.710278034210205,0,train
9,he_4caf0f,6.9606614112854,8.138655662536621,0,train
9,he_f7f5b8,7.251826286315918,7.052583694458008,0,train
9,he_8b8e73,6.375462055206299,5.757960796356201,0,validation
9,he_df76e7,5.782477378845215,5.046323776245117,0,train
9,le_384eec,6.409080505371094,5.421877384185791,0,train
9,he_6a3ff1,6.130690097808838,5.552815914154053,0,train
9,le_af2269,6.948507308959961,6.917104721069336,0,validation
9,he_91e872,6.190032958984375,5.479816436767578,0,train
9,he_92a1d4,5.807325839996338,5.082467555999756,0,train
9,le_58503c,6.342126369476318,5.447498798370361,0,validation
9,le_9827be,6.544205665588379,6.697552680969238,0,validation
9,he_0a2e7a,6.027966499328613,5.23671817779541,0,train
9,le_536ce6,5.860501289367676,5.508482456207275,0,validation
9,le_c47bf3,6.435264587402344,6.281831741333008,0,train
9,le_23d7e6,6.036953449249268,5.269659042358398,0,train
9,he_aea985,6.878936290740967,8.081415176391602,0,train
9,he_610a6b,6.417043209075928,5.8203325271606445,0,train
9,le_0b5c71,7.581699848175049,6.954153060913086,0,train
9,le_8e17a1,6.483787536621094,6.221869945526123,0,train
9,he_e97a85,6.341345310211182,5.815457344055176,0,train
9,he_baf440,7.4700469970703125,6.46182107925415,0,validation
9,he_41f4cd,5.923647880554199,5.251663684844971,0,validation
9,he_5cb9a5,7.051895618438721,6.766984462738037,0,train
9,le_59e850,6.275533199310303,5.876401424407959,0,train
9,le_130466,7.438164710998535,7.448637962341309,0,train
9,le_ae10ae,6.615089416503906,5.884884357452393,0,train
9,le_b57fb4,5.755366802215576,5.007824897766113,0,validation
9,he_122fc1,7.307858943939209,7.118730545043945,0,validation
9,he_def558,7.402345180511475,7.6102705001831055,0,train
9,he_88eef7,7.179023742675781,9.331509590148926,0,train
9,le_56db27,7.52630090713501,6.84135103225708,0,train
9,le_b72c01,7.1781535148620605,7.544179439544678,0,train
9,he_e7e54d,8.002650260925293,8.960275650024414,0,train
9,he_666efe,8.246152877807617,8.643458366394043,0,train
9,le_5f218d,6.14929723739624,5.76235294342041,0,validation
9,le_31327c,7.170578956604004,7.307126522064209,0,validation
9,le_cae6e7,6.82896089553833,6.1802449226379395,0,validation
9,he_fdfcef,7.939949035644531,8.145877838134766,0,train
9,le_53b2fd,6.282731056213379,6.06335973739624,0,train
9,le_72261f,7.810153961181641,5.695260047912598,0,train
9,le_fc3d57,7.2863240242004395,7.693277359008789,0,train
9,le_230abf,7.843899726867676,7.418004989624023,0,validation
9,le_41a3a0,6.652730464935303,6.590950012207031,0,validation
9,he_7a5e63,6.943360328674316,6.572749614715576,0,train
9,le_dfd3b4,7.9171600341796875,8.161089897155762,0,validation
9,le_a2fcff,6.8599677085876465,6.267756938934326,0,validation
9,le_109683,7.614987373352051,7.235137462615967,0,validation
9,he_7057f3,6.772583484649658,5.395735263824463,0,validation
9,he_558615,6.910894393920898,7.685674667358398,0,train
9,le_e7fc9f,6.662255764007568,6.460945129394531,0,train
9,le_ac7cf7,6.374785900115967,6.061900615692139,0,validation
9,he_9eff37,7.443580150604248,7.35086727142334,0,validation
9,le_d44ccb,6.464388847351074,5.214702129364014,0,validation
9,le_d60087,5.349242687225342,5.321844577789307,0,train
9,le_9c6ba0,6.146880149841309,7.459075927734375,0,validation
9,he_97db03,8.705549240112305,9.46864128112793,0,train
9,le_ff1ebb,7.287779331207275,7.287779331207275,0,validation
9,le_e9f735,7.54982328414917,8.06869888305664,0,train
9,he_e6d7a6,8.004222869873047,8.250322341918945,0,validation
9,he_97c074,7.837832450866699,8.839591979980469,0,validation
9,le_d969e0,6.4752960205078125,6.286150932312012,0,train
9,he_bbc8b7,8.54296875,9.577774047851562,0,validation
9,le_1aa1fb,5.939723491668701,4.999714374542236,0,validation
9,le_1c3df3,7.130887508392334,7.46873664855957,0,validation
9,le_b7d8a6,7.200323581695557,6.758829116821289,0,validation
9,he_9b050e,6.517218589782715,5.970595359802246,0,validation
9,le_d52c28,6.293558120727539,5.255053997039795,0,validation
9,he_3f7fe7,7.059343338012695,6.874434471130371,0,validation
9,he_b3e123,6.7583465576171875,6.284947872161865,0,validation
9,le_1674c0,5.818629741668701,5.303415298461914,0,train
9,le_78f0ed,5.56159782409668,5.437899589538574,0,train
9,he_533155,7.389593601226807,7.266887187957764,0,validation
9,he_d80706,7.796926498413086,9.733552932739258,0,train
9,le_ff18cf,6.458334922790527,5.730404376983643,0,validation
9,le_8a6f35,7.204364776611328,7.5632548332214355,0,validation
9,he_2edc16,6.629673004150391,6.084789752960205,0,validation
9,he_4ff1c4,6.683781147003174,7.985610485076904,0,validation
9,he_4f9390,7.567253112792969,7.946491241455078,0,validation
9,le_185d39,8.498353004455566,7.141054153442383,0,train
9,le_9b9745,7.629997253417969,7.275634765625,0,validation
9,le_91f758,6.348309516906738,5.416862964630127,0,train
9,le_a8ed34,7.565454483032227,7.472434043884277,0,train
9,he_661ccf,7.28856897354126,6.8974809646606445,0,train
9,he_37489d,6.715591907501221,8.019876480102539,0,train
9,he_7c68af,8.215497016906738,9.373727798461914,0,train
9,le_838987,5.719837188720703,5.741241931915283,0,train
9,le_f50d64,6.651708602905273,7.684919357299805,0,validation
9,le_417bec,8.048114776611328,7.988236427307129,0,validation
9,le_a6260b,6.064457893371582,5.337850570678711,0,train
9,he_51332a,7.036503791809082,6.43575382232666,0,validation
9,he_1ef686,6.999504566192627,6.902580261230469,0,train
9,le_4b0989,6.153045177459717,5.600794315338135,0,train
9,le_19c9ac,5.755039691925049,7.237593650817871,0,train
9,he_d79548,6.374044418334961,5.75583553314209,0,validation
9,le_6d15c9,8.062053680419922,7.157063961029053,0,validation
9,le_5b740a,6.513946056365967,5.8465776443481445,0,train
9,le_edf950,6.322935581207275,5.577883243560791,0,train
9,he_847dab,6.624818325042725,7.603878974914551,0,train
9,he_a64661,6.700155735015869,6.194429397583008,0,train
9,he_cdf3a4,7.6768798828125,7.683400630950928,0,train
9,he_cabb3d,6.623427391052246,6.129909038543701,0,validation
9,he_e07220,6.158416271209717,5.4323930740356445,0,validation
9,le_57ec9b,8.429272651672363,7.860311985015869,0,train
9,he_7556fc,6.810686111450195,6.4107985496521,0,train
9,le_9468b1,9.256714820861816,9.764922142028809,0,validation
9,le_2af127,6.666348934173584,6.579920291900635,0,validation
9,he_9c8a78,5.702160835266113,4.929501056671143,0,train
9,he_2519ee,7.566239833831787,8.60690975189209,0,train
9,he_f84b71,6.983123302459717,6.634601593017578,0,train
9,le_98b680,6.5670552253723145,5.739090442657471,0,train
9,le_4afc4d,9.112650871276855,8.261046409606934,0,train
9,le_d96176,7.675304889678955,8.520803451538086,0,validation
9,he_859e26,6.633334159851074,7.219761848449707,0,train
9,he_bddd26,6.444937229156494,5.862173557281494,0,train
9,he_f07086,6.6711249351501465,7.345664024353027,0,train
9,he_ffbc40,5.89202880859375,5.205671310424805,0,train
9,le_a80334,7.2141242027282715,6.591772079467773,0,train
9,le_1b5d46,7.532506465911865,7.2043304443359375,0,validation
9,le_f7b80b,5.804161548614502,5.029138565063477,0,validation
9,le_ceeb48,6.584140300750732,5.47215461730957,0,train
9,he_e187a0,6.1265411376953125,4.985526084899902,0,train
9,le_5f97fa,7.698114395141602,7.254663944244385,0,train
10,le_d069d3,6.704392910003662,6.79703426361084,0,validation
10,he_47c12f,7.310742378234863,7.033682823181152,0,validation
10,le_64d75a,5.747401714324951,5.756145000457764,0,train
10,le_259d3e,7.6116743087768555,7.971493244171143,0,validation
10,he_31fd02,7.354558944702148,6.671450138092041,0,train
10,he_cb7e90,7.897398471832275,10.458913803100586,0,train
10,he_79e9b7,7.711602687835693,9.515172004699707,0,validation
10,he_eb9923,6.363604545593262,6.592138767242432,0,validation
10,he_fb3ae1,6.5422282218933105,5.908617973327637,0,validation
10,he_e12d52,8.184069633483887,9.108354568481445,0,validation
10,le_bf9a36,8.620014190673828,8.36143970489502,0,train
10,he_4a04a2,7.572140693664551,8.290826797485352,0,validation
10,le_b2752d,7.728926181793213,6.918333530426025,0,train
10,le_7aa426,6.882887363433838,7.968292713165283,0,train
10,le_98d6b3,6.794553279876709,6.939596652984619,0,validation
10,he_0d4150,8.07132625579834,9.952774047851562,0,validation
10,he_a87a9b,7.0939483642578125,7.593971252441406,0,validation
10,le_fde5e8,7.974352836608887,7.814704418182373,0,validation
10,le_78fc9a,7.656249523162842,8.5425443649292,0,train
10,le_749d9e,6.416042327880859,6.07234001159668,0,train
10,le_d82184,7.12045431137085,8.447782516479492,0,validation
10,he_81252f,6.6040191650390625,7.4607744216918945,0,train
10,le_02764e,7.662627696990967,7.677818775177002,0,train
10,he_bda94e,6.727731227874756,6.186873435974121,0,train
10,le_5f185b,8.248709678649902,8.806167602539062,0,train
10,he_a8615f,6.612764358520508,6.014421463012695,0,train
10,he_929466,8.033954620361328,8.205911636352539,0,train
10,he_883cb8,7.187122821807861,6.841386795043945,0,validation
10,le_f0530f,7.498488903045654,7.900750637054443,0,train
10,he_1d2579,5.995231628417969,5.952669620513916,0,validation
10,le_9faffe,6.112672328948975,5.791414737701416,0,validation
10,he_842a1f,6.143928050994873,5.386390209197998,0,train
10,he_bb65e5,7.536780834197998,7.0805158615112305,0,validation
10,he_95d87e,7.065983772277832,6.652947902679443,0,train
10,le_c8410f,7.827717304229736,7.617358684539795,0,train
10,le_e7807e,5.761840343475342,5.15410852432251,0,train
10,le_3a63b0,7.859029293060303,7.8447113037109375,0,train
10,he_b61f8b,8.06747817993164,8.228747367858887,0,validation
10,he_17f529,6.199507236480713,5.606517791748047,0,train
10,he_34360a,6.49781608581543,5.841999053955078,0,train
10,le_3422e0,7.971850395202637,7.328526020050049,0,validation
10,he_a0069c,8.240456581115723,8.509835243225098,0,train
10,le_ba2a87,5.4654154777526855,5.774363994598389,0,train
10,le_66b5ac,8.141596794128418,7.357022762298584,0,validation
10,he_ccbb6e,7.911062717437744,8.042574882507324,0,validation
10,le_4c4592,7.337695121765137,6.645103454589844,0,validation
10,he_2b1023,7.4746551513671875,7.265408515930176,0,validation
10,le_ed8708,5.5558247566223145,5.220422744750977,0,train
10,he_4ee83e,6.507513046264648,6.880494117736816,0,validation
10,le_49a533,6.990044116973877,5.662200450897217,0,train
10,he_9ce40f,5.7518134117126465,4.816041946411133,0,train
10,le_592616,6.626070976257324,7.617942810058594,0,validation
10,he_76ab15,7.217587471008301,6.88877534866333,0,validation
10,he_261f83,6.49758243560791,5.841649055480957,0,train
10,le_120b5b,6.642253398895264,6.0864644050598145,0,train
10,le_f2acc0,6.8793816566467285,6.8470778465271,0,train
10,he_04551f,7.437220096588135,7.204576015472412,0,validation
10,he_b9a930,6.1515092849731445,5.60772705078125,0,train
10,le_80ca99,6.120174884796143,6.363941669464111,0,validation
10,he_334eb2,6.538122177124023,5.69833517074585,0,validation
10,le_0c2039,6.298695087432861,5.816261291503906,0,validation
10,he_028951,7.001983165740967,6.5982513427734375,0,validation
10,le_d45347,6.684804916381836,6.185027599334717,0,train
10,he_a4529f,6.215765953063965,5.49088191986084,0,train
10,le_234216,6.69428014755249,5.955334186553955,0,train
10,le_9391b0,8.666596412658691,7.503444194793701,0,train
10,le_454c0b,7.675266265869141,7.019315242767334,0,validation
10,le_49db1c,8.708539009094238,10.41661548614502,0,validation
10,he_67ae44,6.0095624923706055,5.190948963165283,0,train
10,le_3c9f84,7.44073486328125,7.060301303863525,0,validation
10,he_15a710,8.308103561401367,9.142529487609863,0,train
10,he_4be430,6.540857315063477,7.417607307434082,0,validation
10,he_4435d3,7.335536479949951,6.739677429199219,0,train
10,he_de4bf9,6.630677700042725,5.975805759429932,0,validation
10,he_e361fe,7.340179920196533,7.079474449157715,0,validation
10,he_2e9fb6,6.0790252685546875,5.291985511779785,0,train
10,le_b1f4ec,8.046028137207031,6.535179138183594,0,train
10,he_a3611b,6.833032608032227,6.2481207847595215,0,validation
10,le_971e6c,6.272799015045166,5.7860612869262695,0,validation
10,he_764bec,7.228718280792236,6.906091213226318,0,train
10,he_2b42db,7.379356861114502,7.110548496246338,0,train
10,he_a10557,7.432569980621338,7.223191261291504,0,validation
10,he_5ec5e8,6.572834014892578,5.606273651123047,0,validation
10,le_4677fe,6.6670379638671875,8.816203117370605,0,validation
10,le_98525a,7.724946022033691,6.173043251037598,0,validation
10,le_d24988,6.23112678527832,7.099493980407715,0,validation
10,he_37c485,7.289343357086182,7.000394344329834,0,validation
10,he_637e1b,6.576840877532959,5.960536003112793,0,train
10,le_aa9b3d,6.952895641326904,6.680476188659668,0,validation
10,le_092d88,8.76116943359375,8.842195510864258,0,validation
10,le_d8de43,7.428315162658691,7.720853805541992,0,train
10,le_68cc09,5.8465495109558105,6.794165134429932,0,train
10,le_814b46,6.069572448730469,5.436468124389648,0,validation
10,he_9cff74,7.181225776672363,6.829676151275635,0,train
10,le_96c6d5,8.83249568939209,9.201537132263184,0,validation
10,he_c1196d,8.215408325195312,9.758941650390625,0,train
10,he_5a6c32,7.044678211212158,6.619805335998535,0,validation
10,he_5d5f7a,7.3973541259765625,7.1684112548828125,0,train
10,le_3a623c,6.5014729499816895,6.3189778327941895,0,train
10,le_e7dea5,8.159673690795898,6.82293176651001,0,train
10,he_80b814,6.397866725921631,5.692076683044434,0,validation
10,le_09679c,6.789589881896973,8.281399726867676,0,train
10,le_d4dd8f,5.904139995574951,4.9730963706970215,0,validation
10,he_4bfcf6,6.8776044845581055,6.411683082580566,0,train
10,le_8f8e8a,7.65032958984375,6.7416558265686035,0,validation
10,he_eff624,7.4252119064331055,7.185064792633057,0,train
10,le_b194d6,7.174827575683594,6.357047080993652,0,validation
10,le_b1ae3c,9.034024238586426,7.543703556060791,0,validation
10,he_5597e5,7.021200656890869,6.583284854888916,0,train
10,he_8a456e,7.9279656410217285,8.002038955688477,0,validation
10,he_094848,7.070953369140625,6.660678386688232,0,train
10,le_1c08db,5.934193134307861,5.669830799102783,0,train
10,he_e0689e,6.509454250335693,6.8471221923828125,0,validation
10,le_f1d98c,7.241567611694336,6.329679489135742,0,train
10,le_a818bf,5.681715488433838,5.799102306365967,0,train
10,he_b19ac2,6.736059188842773,6.199363708496094,0,train
10,he_932e9c,7.486455917358398,7.2845869064331055,0,validation
10,he_e1c1ac,7.834282875061035,8.046656608581543,0,validation
10,he_acd142,6.98181676864624,6.522022247314453,0,train
10,le_daf354,7.703721523284912,8.700261116027832,0,train
10,he_c21f8c,6.150596618652344,5.44907808303833,0,train
10,he_929f9b,6.736791610717773,6.200462818145752,0,validation
10,le_baabbc,6.543341159820557,5.53134822845459,0,train
10,he_4f27f3,7.801560401916504,7.796630859375,0,train
10,le_c75cf6,7.108479022979736,7.455539703369141,0,validation
10,he_eaabee,6.753273963928223,6.94559383392334,0,validation
10,he_85fdc1,7.398624420166016,7.170389652252197,0,validation
10,le_d5e0b8,6.150973320007324,5.826751708984375,0,train
10,le_b001cf,7.300483703613281,6.317307472229004,0,validation
10,he_6be05d,7.476047515869141,7.760503768920898,0,train
10,le_870446,7.027609348297119,6.815243244171143,0,train
10,le_0637ba,6.316036224365234,5.5915398597717285,0,train
10,he_8a549e,7.945805549621582,9.793841361999512,0,train
10,le_d025d9,7.435837268829346,6.477720260620117,0,validation
10,he_a26cfb,8.084614753723145,9.508600234985352,0,validation
10,he_836543,7.427899360656738,7.2159271240234375,0,train
10,he_b8a511,6.654743194580078,6.01323938369751,0,train
10,le_0623c9,7.0189690589904785,6.6209211349487305,0,validation
10,he_9b18bc,7.351249694824219,6.389459133148193,0,validation
10,he_685d08,8.519182205200195,10.06892204284668,0,train
10,le_92914d,9.97744083404541,9.60407543182373,0,train
10,he_35b068,5.83890962600708,6.050055980682373,0,train
10,he_3a40f5,6.144284248352051,5.523414611816406,0,train
10,le_ddbf24,7.065833568572998,7.52301549911499,0,train
10,le_08e1b5,5.911649227142334,7.282869815826416,0,train
10,le_256cce,6.678285121917725,5.497219085693359,0,train
10,he_0e2b7a,8.144524574279785,8.412988662719727,0,validation
10,he_6cfa07,6.807791233062744,7.509572505950928,0,validation
10,he_85ff02,9.40328598022461,10.541741371154785,0,train
10,le_39b3e3,7.123333930969238,6.725668430328369,0,train
10,he_351fa1,6.232299327850342,5.443724155426025,0,validation
10,le_d2662d,6.4699578285217285,6.355944633483887,0,train
10,he_6e2164,6.645242214202881,6.063138961791992,0,validation
10,he_321338,7.188915729522705,6.844175338745117,0,train
10,he_b9c59b,7.623038291931152,7.50653076171875,0,train
10,he_5ba506,7.738150596618652,7.240849494934082,0,train
10,he_955633,6.4203338623046875,5.725775241851807,0,train
10,he_711362,7.113680362701416,6.7271409034729,0,validation
10,le_380ed6,6.9946064949035645,6.967441082000732,0,train
10,he_eb5653,7.1137847900390625,6.727304935455322,0,train
10,le_ef147f,7.958362579345703,6.358863830566406,0,validation
10,le_bd5553,6.428462028503418,5.793147087097168,0,validation
10,he_e8d0d4,5.724863052368164,5.688365936279297,0,train
10,le_ac58bc,6.575392246246338,6.013428688049316,0,train
10,le_6e93a8,5.397212982177734,5.225689888000488,0,train
10,le_a672ff,7.733756065368652,8.359585762023926,0,validation
10,he_59f481,8.222016334533691,10.12081527709961,0,train
10,le_32e365,5.976500988006592,5.6704912185668945,0,validation
10,he_253e64,8.582269668579102,9.065284729003906,0,validation
10,he_1589ac,8.12592601776123,10.140889167785645,0,validation
10,he_0352a5,6.5826239585876465,5.969211578369141,0,validation
10,he_0fe808,7.288501739501953,6.999086856842041,0,validation
10,he_4dfc9a,6.861541271209717,6.334925174713135,0,train
10,he_53a37b,6.832173824310303,6.8342108726501465,0,validation
10,he_3b1424,7.703823566436768,7.637805938720703,0,train
10,he_af8dbf,7.759675025939941,7.728565692901611,0,validation
10,he_a3e3a4,8.195984840393066,8.437570571899414,0,validation
10,le_622f03,5.905889511108398,4.89380407333374,0,validation
10,he_f40d7e,7.098323822021484,6.8983330726623535,0,train
10,he_ad2c6f,7.008760929107666,6.563932418823242,0,validation
10,he_557676,6.8829803466796875,6.781397342681885,0,validation
10,he_3c577e,6.813889026641846,6.260800361633301,0,train
10,le_661759,8.058686256408691,7.401390552520752,0,validation
10,he_1aca60,7.069450378417969,7.4496564865112305,0,validation
10,he_dab57d,7.244819164276123,5.897944450378418,0,validation
10,le_7b2851,8.013826370239258,8.562950134277344,0,train
10,le_ef4386,8.413854598999023,7.79137659072876,0,train
10,he_81c663,7.001556396484375,6.5976104736328125,0,train
10,le_cde2f8,7.643054485321045,8.124433517456055,0,train
10,he_781a92,6.524605751037598,5.882184028625488,0,train
10,he_a777f6,7.401211738586426,7.174413204193115,0,train
10,he_ee4bcc,7.055147647857666,6.636091709136963,0,train
10,le_bc79cd,6.886577606201172,6.031545639038086,0,validation
10,he_0e1b16,8.017243385314941,8.147115707397461,0,validation
10,he_d16357,7.297374248504639,7.012888431549072,0,train
10,he_28e587,6.7381510734558105,5.693174362182617,0,train
10,he_41a754,6.7728729248046875,5.392170429229736,0,train
10,le_70d46f,5.858070373535156,6.020206928253174,0,validation
10,le_ffbca1,8.466986656188965,7.658854007720947,0,train
10,he_616252,7.2963547706604,7.201479434967041,0,train
10,he_a4594f,6.463666915893555,6.117213726043701,0,train
10,le_b8feee,6.079343318939209,7.685047149658203,0,train
10,le_eb9660,7.160656929016113,6.41858434677124,0,train
10,le_363c70,8.599504470825195,7.2254319190979,0,train
10,le_6bde61,9.308598518371582,7.976953506469727,0,validation
10,le_c04ae8,7.942994594573975,9.201125144958496,0,validation
10,he_4a3727,8.569280624389648,9.556118965148926,0,train
10,le_c880b0,7.851330757141113,8.009973526000977,0,validation
10,le_766228,7.588385105133057,6.6715569496154785,0,validation
10,le_9c4270,5.31988525390625,5.2260942459106445,0,train
10,he_87d8a7,8.403748512268066,8.828248977661133,0,validation
10,he_8feb2d,7.899960517883301,7.213523864746094,0,validation
10,he_f01b48,7.690729141235352,7.616530418395996,0,validation
10,le_58079b,5.6191582679748535,6.124751091003418,0,train
10,le_5088b4,8.721343994140625,8.111433029174805,0,train
10,he_6528fe,6.2431640625,5.539760589599609,0,validation
10,le_aa12de,7.371675968170166,6.501458644866943,0,train
10,he_3d059e,7.923660755157471,8.005241394042969,0,train
10,le_feadea,6.0862202644348145,5.862155437469482,0,train
10,he_0724b7,8.464922904968262,8.528746604919434,0,validation
10,he_cd16a6,5.504244327545166,4.455941200256348,0,validation
10,le_5b76d0,6.076609134674072,5.8815202713012695,0,validation
10,he_dfc951,7.761148452758789,7.730960369110107,0,validation
10,he_ff9f62,5.608461380004883,4.690939903259277,0,validation
10,le_7a26ee,7.488334655761719,8.069526672363281,0,validation
10,le_3fc415,6.843448162078857,7.461418151855469,0,train
10,he_79241f,6.856492042541504,7.1878342628479,0,train
10,he_51d69d,7.715795516967773,8.089070320129395,0,validation
10,he_660f4d,7.582777500152588,7.456849098205566,0,train
10,le_69cfdb,5.545928955078125,5.5508294105529785,0,train
10,le_472126,8.31119155883789,7.292635440826416,0,train
10,le_4c7bcc,6.569154739379883,7.839710235595703,0,train
10,he_7d5015,8.362676620483398,9.218791007995605,0,validation
10,he_da468b,6.84466552734375,6.803057670593262,0,validation
10,le_a1bed9,8.200370788574219,7.293195724487305,0,train
10,he_b190e2,8.102450370788574,10.08923625946045,0,train
10,le_322936,6.347901821136475,5.788475036621094,0,train
10,le_39ed4e,5.65194845199585,5.794887542724609,0,train
10,he_139129,7.91911506652832,7.734288215637207,0,train
10,he_4615cf,6.76263427734375,7.828311920166016,0,validation
10,he_910819,6.474297046661377,6.25808572769165,0,validation
10,he_03ff44,6.945271968841553,6.51318359375,0,validation
10,he_c5228c,7.849815368652344,7.131168365478516,0,train
10,le_510ee4,6.612421989440918,7.917558670043945,0,validation
10,le_01c1d1,7.415462493896484,8.541677474975586,0,train
10,he_be5e6c,6.937279224395752,6.5943803787231445,0,validation
10,he_035cdd,6.772246837615967,6.196023941040039,0,validation
10,le_83ec82,6.259443283081055,5.6688456535339355,0,train
10,le_10bdc8,5.925871849060059,6.161552429199219,0,train
10,he_08841b,6.033169269561768,5.22528600692749,0,validation
10,le_1438c8,6.677095413208008,6.296874523162842,0,train
10,le_28ff23,6.364871025085449,6.626327991485596,0,validation
10,le_26094c,7.8879008293151855,7.599512100219727,0,validation
10,he_5bb743,7.268879413604736,6.931022644042969,0,train
10,le_400c54,6.397858142852783,5.446524620056152,0,train
10,le_044ad6,6.126649379730225,5.9138712882995605,0,validation
10,le_63f66e,5.645174026489258,4.961538314819336,0,train
10,le_9f1d40,6.136407852172852,5.598526477813721,0,validation
10,le_59dd77,8.016375541687012,7.453434467315674,0,validation
10,he_05a66f,7.058660984039307,6.641556739807129,0,train
10,he_758929,6.348040580749512,6.585335731506348,0,validation
10,le_acce2f,6.2646660804748535,5.8406476974487305,0,validation
10,he_ab9692,6.790281295776367,6.280698299407959,0,train
10,he_b5456c,6.311190128326416,5.562061786651611,0,validation
10,le_bc7d24,6.425249099731445,7.66228723526001,0,train
10,le_801110,6.265897274017334,5.549272060394287,0,train
10,le_eaae1c,6.960487365722656,6.677700042724609,0,validation
10,he_708f00,7.418067455291748,8.027790069580078,0,train
10,le_b43f6c,7.483646869659424,7.484790325164795,0,validation
10,le_590a7e,5.790935039520264,5.396688938140869,0,validation
10,le_130ed1,5.967072010040283,5.667057514190674,0,train
10,he_f65738,8.61686897277832,10.239498138427734,0,train
10,he_a779a4,6.984226703643799,6.52577018737793,0,validation
10,he_13dd33,6.681313991546631,5.67028284072876,0,validation
10,le_9ab3c8,5.833414077758789,5.354223251342773,0,validation
10,he_37695e,4.552191257476807,5.218912601470947,0,validation
10,he_715e4a,6.572822093963623,5.9545087814331055,0,validation
10,le_cf14b0,6.237336158752441,6.237336158752441,0,train
10,le_458c04,5.832623481750488,5.094607830047607,0,validation
10,le_321164,6.9189558029174805,7.529012203216553,0,train
10,he_69af03,6.928683280944824,6.439369201660156,0,train
10,he_3179bb,7.286942958831787,5.952250003814697,0,train
10,le_1a2bdc,6.883478164672852,8.175345420837402,0,train
10,le_6d4621,6.151898384094238,5.896217346191406,0,validation
10,le_f6fa0e,7.308749198913574,6.306887149810791,0,validation
10,le_8ee86d,6.897085666656494,6.51513671875,0,validation
10,he_6fcaa9,6.854915142059326,6.324617862701416,0,validation
10,le_c1040c,8.637785911560059,8.133106231689453,0,validation
10,he_4cb4e1,7.116184711456299,6.731037616729736,0,validation
10,le_bc95e6,7.333705425262451,7.381155014038086,0,validation
10,le_a07c3a,7.231644153594971,7.389298439025879,0,validation
10,he_83c6f7,7.917810916900635,7.985537528991699,0,train
10,le_49d277,7.097136974334717,6.037104606628418,0,validation
10,le_87d2fd,6.326661586761475,5.672388076782227,0,train
10,le_ba271f,7.473251819610596,7.092960357666016,0,validation
10,le_1a29b0,6.660294532775879,6.429965972900391,0,train
10,he_279227,7.921463966369629,8.630741119384766,0,validation
10,le_05a5f2,6.134103775024414,5.719954967498779,0,validation
10,le_ac3893,6.588677406311035,5.641366481781006,0,validation
10,he_d65115,8.054861068725586,9.502447128295898,0,validation
10,le_fa9cc3,7.774586200714111,8.119443893432617,0,validation
10,le_b0fdf1,6.493617534637451,6.186272621154785,0,validation
10,le_5a52c0,6.939580917358398,8.745068550109863,0,validation
10,he_d1f643,6.951132297515869,5.560471057891846,0,validation
10,le_d20bd3,7.820385932922363,6.947258949279785,0,train
10,he_992e41,6.668340682983398,6.124093532562256,0,train
10,le_cc6043,5.781418323516846,5.014699459075928,0,validation
10,he_c8b376,6.739205837249756,6.452279090881348,0,train
10,le_d21039,7.965595722198486,7.117979049682617,0,validation
10,le_5b5cf8,6.342936038970947,5.866837501525879,0,train
10,he_56e7b9,7.280327320098877,6.050464153289795,0,train
10,le_4229e2,6.676668643951416,6.873571395874023,0,validation
10,le_1a2492,7.353177547454834,8.364967346191406,0,validation
10,he_deb7c1,6.62641716003418,7.940952301025391,0,validation
10,le_4f31ff,7.711546897888184,7.906562805175781,0,validation
10,he_221288,7.996570110321045,10.099617004394531,0,validation
10,le_7b2aea,8.125127792358398,9.228819847106934,0,train
10,le_8045b0,6.999261856079102,6.252835273742676,0,train
10,he_537134,7.139975547790527,6.768045902252197,0,validation
10,he_2fe81b,6.498023509979248,5.844372749328613,0,validation
10,he_a962bf,7.561087131500244,7.508965492248535,0,validation
10,le_50582c,7.198135852813721,5.797695159912109,0,validation
10,he_f55329,6.414046287536621,5.71634578704834,0,validation
10,he_43d1e1,7.122426986694336,7.618608474731445,0,validation
10,he_4ec47d,6.8064799308776855,6.245579719543457,0,validation
10,le_f28e73,7.257379055023193,6.58162784576416,0,validation
10,le_37a2d1,7.103754043579102,7.120743274688721,0,train
10,he_c20788,6.936608791351318,6.451696395874023,0,validation
10,le_764df2,7.038729190826416,7.111135482788086,0,validation
10,he_c6590f,6.250803470611572,5.471480846405029,0,train
10,he_60ed0a,5.825664043426514,4.998643398284912,0,validation
10,he_5df55a,9.027517318725586,11.735211372375488,0,validation
10,he_734cd1,6.017822742462158,5.868067741394043,0,train
10,le_de6e1e,5.66191291809082,6.044938087463379,0,validation
10,le_b4482a,6.599555969238281,6.062858581542969,0,validation
10,he_57a478,7.336174011230469,7.073244094848633,0,validation
10,le_0af460,6.555263996124268,6.358701705932617,0,validation
10,le_f0d06e,9.258463859558105,8.020509719848633,0,train
10,le_1c128f,8.212930679321289,7.9288177490234375,0,train
10,le_a85ddb,7.269411563873291,6.572928428649902,0,validation
10,he_85af94,6.934177398681641,6.447915077209473,0,train
10,he_63befa,6.23618221282959,5.520576477050781,0,validation
10,he_652056,8.069382667541504,9.199871063232422,0,validation
10,he_0d36d6,6.855189323425293,6.325043678283691,0,train
10,le_e0fa5c,6.5039167404174805,5.7275519371032715,0,validation
10,he_48966d,7.510856628417969,7.702389717102051,0,train
10,le_4d537b,5.884345531463623,5.581628322601318,0,validation
10,le_9d8415,6.080622673034668,5.330850124359131,0,validation
10,he_487634,8.747180938720703,9.601846694946289,0,train
10,le_5ca495,7.362776756286621,7.094402313232422,0,train
10,he_3caee5,7.761078357696533,8.998147964477539,0,train
10,le_a61898,7.9858856201171875,7.702597141265869,0,validation
10,he_6effe8,6.6419596672058105,6.372132301330566,0,validation
10,le_01c9ec,7.137706756591797,6.501913070678711,0,train
10,le_b8397b,6.208767414093018,5.9253082275390625,0,train
10,he_94fd55,7.719780921936035,7.663739204406738,0,validation
10,le_01f7f4,8.190462112426758,7.944286346435547,0,validation
10,le_3730f0,8.006784439086914,7.673397064208984,0,train
10,le_d66bd6,7.908416271209717,7.998863220214844,0,train
10,le_4356f8,7.981629848480225,7.253281593322754,0,validation
10,le_0155ee,5.973007678985596,8.993850708007812,0,validation
10,he_380d40,7.72417688369751,7.670880317687988,0,train
10,le_1bd9fa,6.543934345245361,6.286992073059082,0,train
10,he_195589,7.092099189758301,6.6935715675354,0,validation
10,le_4f6999,8.0223970413208,8.0247802734375,0,train
10,he_d5d6ab,7.5295820236206055,7.354665279388428,0,train
10,he_c90fcd,6.708474636077881,6.415322303771973,0,validation
10,le_3ccf61,7.742225646972656,8.097293853759766,0,validation
10,le_b9c5c4,8.028470039367676,7.698429107666016,0,train
10,le_a6ce35,8.081764221191406,8.103946685791016,0,train
10,le_12c34b,6.0207414627075195,5.2469401359558105,0,validation
10,le_7c71da,6.019155979156494,5.200186252593994,0,validation
10,he_dbbed2,7.540485382080078,7.391061782836914,0,train
10,he_fcf200,6.604431629180908,6.001922607421875,0,validation
10,le_84b6bb,6.615535736083984,5.987186908721924,0,train
10,he_1f22c4,7.093991279602051,7.457866668701172,0,train
10,le_a9f11f,8.464816093444824,7.171938419342041,0,validation
10,le_1911ce,8.937549591064453,10.161503791809082,0,validation
10,he_0d9235,7.056823253631592,8.416622161865234,0,validation
10,le_83decd,8.688610076904297,10.007415771484375,0,validation
10,he_412004,7.914220333099365,7.979701995849609,0,validation
10,he_9910b5,7.214295387268066,6.88365364074707,0,train
10,he_98349a,6.448208332061768,6.4467058181762695,0,validation
10,le_404d16,6.987607955932617,6.296225070953369,0,train
10,le_00eeb2,7.681039333343506,8.740138053894043,0,train
10,le_1ccf16,7.448212146759033,8.248885154724121,0,validation
10,le_7261d3,5.775184154510498,5.114678382873535,0,train
10,le_45d4cb,5.892120361328125,5.451651573181152,0,validation
10,le_694adb,7.022754669189453,6.716317653656006,0,train
10,le_70cf78,9.001538276672363,8.587248802185059,0,validation
10,he_e97c8c,6.989005088806152,6.578782081604004,0,train
10,he_0a5ec7,6.72085428237915,6.176555633544922,0,train
10,he_40a91b,7.5414557456970215,6.6870222091674805,0,validation
10,he_cdc607,6.659004211425781,5.813194274902344,0,train
10,he_89ad62,7.223301887512207,7.847561359405518,0,train
10,le_8deff5,6.5864691734313965,6.583707809448242,0,validation
10,he_e1a03a,5.8996405601501465,5.514667987823486,0,validation
10,le_52447f,7.406019687652588,6.723175048828125,0,validation
10,he_fb1124,8.552008628845215,11.530917167663574,0,train
10,le_523a81,5.5900187492370605,5.2526750564575195,0,validation
10,he_5608ba,6.718759059906006,6.294569492340088,0,train
10,le_8198ec,9.405295372009277,8.147507667541504,0,train
10,he_d85c04,7.619865894317627,7.501377582550049,0,validation
10,he_403257,8.022971153259277,8.13049030303955,0,train
10,le_e568c3,6.4667816162109375,6.114929676055908,0,train
10,he_86eeae,5.207456588745117,6.041187763214111,0,validation
10,le_dfd822,8.699454307556152,10.50561809539795,0,train
10,le_c50a04,6.164300441741943,7.921318531036377,0,train
10,le_8de934,6.589593887329102,7.3418755531311035,0,train
10,he_47238e,6.920238494873047,6.42623233795166,0,validation
10,he_d6039a,6.221804141998291,7.2069244384765625,0,validation
10,le_29fc1c,9.08549690246582,8.413300514221191,0,validation
10,he_076917,6.060690879821777,5.121248245239258,0,validation
10,le_91c567,6.0857768058776855,5.820847988128662,0,validation
10,le_f58d84,6.831879138946533,6.387510776519775,0,validation
10,he_f0d231,6.49682092666626,6.041136264801025,0,validation
10,le_7427b9,6.214935302734375,6.622121334075928,0,validation
10,le_7716d1,8.444170951843262,9.355347633361816,0,validation
10,he_0db92b,6.597987174987793,5.992257118225098,0,train
10,le_6975d5,7.568889141082764,7.457635402679443,0,train
10,he_4f7ff0,7.040998935699463,8.255395889282227,0,validation
10,he_e7fbc9,8.20641040802002,7.958987712860107,0,train
10,he_6c7977,7.69272518157959,7.619772911071777,0,validation
10,le_83615b,9.02781867980957,9.338223457336426,0,train
10,le_e50e4d,6.535162925720215,5.731857776641846,0,train
10,he_feda4e,7.473821640014648,8.797784805297852,0,validation
10,he_056a76,9.367341995239258,10.900400161743164,0,train
10,le_a0c615,7.197853088378906,7.0837883949279785,0,train
10,he_25e97e,7.989023208618164,8.101259231567383,0,train
10,he_b85d24,7.792219638824463,8.64579963684082,0,validation
10,le_c470c6,7.68129825592041,7.9546217918396,0,validation
10,he_e554b0,6.8749260902404785,6.355747699737549,0,train
10,le_a8ce41,6.137064456939697,7.818528652191162,0,train
10,le_56f182,6.017529487609863,6.87476921081543,0,train
10,le_5ff624,8.422015190124512,8.466835021972656,0,validation
10,le_c3a6f8,7.097836017608643,6.394828796386719,0,validation
10,le_2f43e7,7.902599334716797,8.473299980163574,0,train
10,le_0bda07,7.140174865722656,7.330009460449219,0,validation
10,le_f39982,6.013718605041504,5.5979204177856445,0,train
10,he_0fab59,6.51507568359375,5.867888927459717,0,validation
10,le_a1c863,6.599733829498291,6.1075029373168945,0,train
10,he_512e0a,8.097204208374023,8.368179321289062,0,train
10,le_2ba026,7.066999435424805,7.103531837463379,0,train
10,he_2044e1,7.284966945648193,6.312150001525879,0,validation
10,he_552813,7.1186041831970215,6.962624549865723,0,train
10,he_caef9f,6.012727737426758,5.195553779602051,0,train
10,he_bf08f5,7.483414649963379,8.103171348571777,0,validation
10,he_959231,7.13293981552124,7.006120204925537,0,validation
10,le_2c1c76,6.129058361053467,5.811211109161377,0,train
10,he_b63add,7.278660297393799,6.983778476715088,0,train
10,he_a2b8a1,7.672159194946289,7.586353302001953,0,validation
10,le_8578d9,8.533917427062988,8.02061939239502,0,train
10,le_b41a4d,6.4841084480285645,6.607784748077393,0,validation
10,le_80446d,7.363975524902344,6.169190406799316,0,train
10,le_e8dc06,6.147734642028809,5.9950714111328125,0,train
10,le_226bc8,6.900150299072266,6.724579334259033,0,train
10,le_fa7d2c,5.896771430969238,5.398924827575684,0,validation
10,he_063fc0,7.223678112030029,5.936630725860596,0,train
10,he_affe4b,7.043663501739502,6.618227005004883,0,validation
10,le_55232c,7.966312885284424,7.215777397155762,0,validation
10,he_01cfbe,7.782041549682617,7.764912128448486,0,validation
10,le_6cbd20,9.108048439025879,10.138431549072266,0,validation
10,he_4fd2c6,6.562677383422852,5.939291954040527,0,validation
10,le_d07324,7.2637810707092285,6.130681991577148,0,validation
10,he_149c5b,7.193932056427002,6.851978302001953,0,train
10,he_7b0696,6.847986698150635,6.3138427734375,0,train
10,le_5ff0f8,6.4892258644104,7.260794162750244,0,validation
10,he_bfbfe0,6.350837707519531,5.621532440185547,0,validation
10,le_2c1fd3,5.740133285522461,6.416434288024902,0,train
10,he_113880,7.173135280609131,6.960064888000488,0,train
10,he_43444c,6.365323066711426,5.643259525299072,0,train
10,he_63e860,8.724388122558594,13.238895416259766,0,train
10,he_30ba2d,6.713700294494629,6.165826320648193,0,validation
10,he_b516c8,6.804437160491943,6.246097564697266,0,validation
10,he_061e2c,7.65887451171875,7.551322937011719,0,train
10,le_430535,7.3062310218811035,7.761476993560791,0,validation
10,le_2ce311,7.378436088562012,7.1958770751953125,0,validation
10,le_9a7a59,6.881371974945068,6.728598594665527,0,train
10,le_54d379,6.730657577514648,5.801643371582031,0,train
10,le_52b809,7.7387566566467285,8.579689025878906,0,train
10,le_f66fec,6.172506332397461,5.792757987976074,0,train
10,he_d9b3a0,6.633747577667236,6.045896053314209,0,validation
10,le_2e65e7,6.076957702636719,7.057534694671631,0,validation
10,le_eb89a4,7.533884048461914,7.267098903656006,0,validation
10,he_a7bf3c,7.0697174072265625,6.607385158538818,0,validation
10,le_275fa9,8.171574592590332,8.748065948486328,0,train
10,he_16c2e2,6.7595906257629395,6.234662055969238,0,train
10,le_763996,7.731201171875,6.157289505004883,0,validation
10,le_c9ff75,8.13068675994873,7.655208587646484,0,validation
10,le_eb4323,7.162552356719971,6.234152317047119,0,validation
10,he_0935e0,6.847149848937988,6.173062324523926,0,validation
10,le_28d5fc,7.579699993133545,6.142163276672363,0,train
10,le_f85aef,7.0038533210754395,6.428752899169922,0,train
10,he_8743aa,7.605707168579102,7.478366851806641,0,validation
10,he_77325b,7.187049865722656,6.841272354125977,0,train
10,le_194430,7.060417652130127,6.347511291503906,0,train
10,he_0d978a,7.41321325302124,7.193082332611084,0,validation
10,he_d5d228,7.218595504760742,7.718212127685547,0,train
10,he_703227,6.5551886558532715,5.688539505004883,0,validation
10,he_01e8ed,6.389919757843018,5.680154800415039,0,train
10,he_5785c0,6.776331901550293,6.259773254394531,0,validation
10,le_e7ceaf,7.555037975311279,7.177900791168213,0,validation
10,he_11ed24,6.341047763824463,5.606846332550049,0,validation
10,he_f65f6e,6.577695369720459,5.889865398406982,0,validation
10,he_726d3f,6.84812068939209,6.367455959320068,0,validation
10,le_dd8888,6.251579284667969,5.4149980545043945,0,train
10,le_d042c2,7.017643451690674,6.528285980224609,0,train
10,le_39c6ce,7.019270420074463,6.812933921813965,0,validation
10,he_ab7281,7.017470836639404,6.577482223510742,0,train
10,he_019042,6.714966297149658,5.9083123207092285,0,validation
10,le_d52c87,6.832766056060791,6.547609806060791,0,validation
10,he_112f6d,6.695679664611816,6.138795375823975,0,validation
10,le_4528f1,8.561038970947266,6.872066497802734,0,train
10,he_711892,6.526397705078125,7.556458473205566,0,validation
10,le_34558e,5.822382926940918,4.95274019241333,0,train
10,he_8066c3,7.611649513244629,7.488025665283203,0,train
10,he_fe4ada,7.489219665527344,8.517621994018555,0,validation
10,le_58b819,9.235001564025879,8.778990745544434,0,train
10,he_eae292,7.524709224700928,7.366520404815674,0,validation
10,he_14019f,6.413686275482178,6.784858703613281,0,validation
10,he_673c7e,6.9281325340271,6.4874749183654785,0,train
10,he_d5db57,7.119275093078613,6.6929731369018555,0,validation
10,le_7badf8,6.9482903480529785,6.108562469482422,0,validation
10,le_912a2a,7.685525417327881,7.960716247558594,0,train
10,he_95ee8c,7.399220943450928,7.171316146850586,0,validation
10,le_8761f6,7.158939361572266,6.218075275421143,0,validation
10,le_5d7507,7.394186496734619,7.9148268699646,0,train
10,le_5863fc,6.897180557250977,6.813929557800293,0,validation
10,he_853422,7.268572807312012,6.968086242675781,0,validation
10,he_4e43b9,7.701338291168213,6.9342942237854,0,train
10,he_a39ebf,6.98541259765625,8.718209266662598,0,validation
10,le_80e3b0,5.897906303405762,5.799880504608154,0,train
10,le_e11ea9,6.571995735168457,6.027408123016357,0,validation
10,he_e69885,6.531052589416504,5.891854286193848,0,train
10,le_5d62d2,6.103320121765137,5.497812747955322,0,train
10,le_a8ce3a,7.581192493438721,7.276952266693115,0,validation
10,he_477534,7.093142032623291,7.297863006591797,0,train
10,he_4528d8,7.4994049072265625,6.707789421081543,0,validation
10,le_315c9d,6.237941265106201,6.034211158752441,0,train
10,he_9c907a,8.053120613098145,9.34322452545166,0,train
10,he_bc8ef0,6.495941162109375,5.8391876220703125,0,validation
10,le_ff4463,7.406825542449951,7.5303568840026855,0,train
10,he_b63a86,6.875108242034912,8.027661323547363,0,validation
10,le_6fe94c,5.8313493728637695,5.94044828414917,0,train
10,le_b554e0,6.4781174659729,5.6928181648254395,0,validation
10,he_905478,6.325499057769775,5.419181823730469,0,validation
10,le_ae27bc,6.511748313903809,6.312416076660156,0,validation
10,le_86dde0,6.816064357757568,6.691930770874023,0,validation
10,le_3235a7,6.110441207885742,5.913638591766357,0,train
10,le_560bc5,7.653819561004639,8.154351234436035,0,validation
10,le_b2d8a4,7.122217655181885,7.054385185241699,0,train
10,he_57b66a,7.267405986785889,8.551484107971191,0,train
10,he_8b6e8a,6.771035671234131,6.19413948059082,0,train
10,he_0ad37b,7.6666436195373535,7.587308406829834,0,validation
10,he_1f1796,7.423810005187988,7.209566593170166,0,validation
10,he_c788c4,6.60617733001709,10.523372650146484,0,train
10,le_3e0c8b,6.2258524894714355,5.774019718170166,0,validation
10,le_ad29d4,8.358631134033203,8.657682418823242,0,validation
10,he_9ead18,6.638139247894287,7.1359405517578125,0,train
10,le_a9c8e7,6.876905918121338,8.744609832763672,0,train
10,he_fa775e,8.425973892211914,11.184618949890137,0,train
10,he_6eb3b7,5.63854455947876,5.861601829528809,0,train
10,le_b68792,7.491274356842041,7.42351770401001,0,train
10,le_7491ba,6.42524528503418,5.845826148986816,0,train
10,le_155906,8.105240821838379,8.695853233337402,0,validation
10,le_71250d,8.944368362426758,7.061309814453125,0,train
10,he_945b84,6.087742805480957,5.304666042327881,0,validation
10,le_767019,8.249063491821289,8.075336456298828,0,validation
10,le_bea3b5,6.421239852905273,6.237118244171143,0,validation
10,le_1a7ab7,5.351934909820557,6.417416572570801,0,train
10,he_0445e3,6.886995315551758,6.785203456878662,0,validation
10,he_ebb18a,6.301768779754639,5.356350421905518,0,train
10,he_04607e,6.4193596839904785,5.7243146896362305,0,train
10,le_8dffb2,6.617967128753662,6.0602006912231445,0,validation
10,he_bf7958,6.968631267547607,6.075064659118652,0,validation
10,he_865b01,6.91588830947876,6.419464588165283,0,validation
10,he_5422d6,6.827237129211426,6.281563758850098,0,validation
10,le_1b77f0,5.822719097137451,6.2026262283325195,0,validation
10,he_061f19,6.488705158233643,5.847533226013184,0,train
10,le_ab66f0,6.118185043334961,5.704769134521484,0,train
10,le_33de79,7.712027072906494,8.787440299987793,0,validation
10,he_4d16d8,7.859377384185791,8.238645553588867,0,train
10,he_7141aa,5.87244987487793,5.381655216217041,0,validation
10,le_b7b78e,6.164799690246582,6.024379253387451,0,train
10,le_341408,5.978553295135498,7.426995754241943,0,validation
10,he_e7f057,5.83965539932251,5.018465518951416,0,validation
10,le_c975ec,6.567792892456055,6.083827495574951,0,train
10,he_b9dc56,6.360722064971924,5.636359214782715,0,validation
10,he_b9ba5e,7.59706974029541,8.385263442993164,0,train
10,le_3ef247,8.908251762390137,9.569483757019043,0,validation
10,le_945414,6.399606227874756,7.076509952545166,0,train
10,le_73a0f6,5.971339702606201,5.28974723815918,0,validation
10,le_f790ca,6.423677444458008,5.707612037658691,0,train
10,le_3c1dbd,9.216363906860352,8.47533893585205,0,train
10,he_ac375a,7.659416198730469,8.635565757751465,0,validation
10,he_d0547e,7.810186386108398,7.556199550628662,0,train
10,le_0e80d9,6.107377052307129,6.054473400115967,0,train
10,he_9a731c,6.62974739074707,6.720187187194824,0,validation
10,he_442910,6.301915168762207,6.638906955718994,0,validation
10,le_ae71bb,6.854422092437744,6.368188381195068,0,validation
10,he_0c8461,8.291306495666504,10.384716033935547,0,validation
10,le_36906d,7.905856132507324,7.572715759277344,0,validation
10,he_c72991,7.59567928314209,7.476918697357178,0,train
10,le_698ed0,7.459166526794434,5.951559066772461,0,train
10,le_2f8b4e,6.362025737762451,6.363717079162598,0,validation
10,le_096a5a,6.466793060302734,5.475281715393066,0,train
10,he_b62509,6.524515628814697,5.81066370010376,0,validation
10,le_ad984a,8.764599800109863,7.49029541015625,0,train
10,he_2aef37,6.583620071411133,6.663102149963379,0,validation
10,le_4e404a,5.7919721603393555,5.341752529144287,0,train
10,he_8f57fb,7.355803966522217,7.103779315948486,0,train
10,he_10c218,6.695572853088379,7.189981937408447,0,train
10,he_a7eb16,7.367362022399902,7.121757507324219,0,train
10,le_157346,6.60351037979126,6.4595160484313965,0,train
10,he_4c56d3,7.516051769256592,7.33267879486084,0,validation
10,le_875512,6.129551887512207,5.667505741119385,0,validation
10,le_f593c2,6.027513027191162,6.0456671714782715,0,train
10,le_43f436,7.627201080322266,8.17611026763916,0,train
10,he_fa6948,6.819925785064697,7.752079010009766,0,validation
10,he_cc58af,6.548520565032959,6.5658860206604,0,train
10,le_9aabb9,6.958841800689697,6.843054294586182,0,train
10,he_256c48,7.11129093170166,6.723424911499023,0,validation
10,he_301a3e,8.06980037689209,8.232521057128906,0,train
10,he_bda96d,6.902261734008789,6.825613498687744,0,validation
10,le_d031d2,6.422017574310303,6.521951198577881,0,train
10,he_935b9f,7.859699726104736,7.470912933349609,0,train
10,he_f51b67,5.875048637390137,4.995293140411377,0,train
10,le_1223ad,5.749360084533691,5.288604259490967,0,validation
10,le_59e8c6,7.6045241355896,7.189035415649414,0,train
10,he_fd9c4c,8.164631843566895,8.38662052154541,0,train
10,he_4e95fa,8.210013389587402,9.537801742553711,0,train
10,he_5863f3,7.0406813621521,7.145822048187256,0,train
10,le_327267,6.295014381408691,5.804793357849121,0,validation
10,le_d61b54,8.761578559875488,8.027985572814941,0,validation
10,he_69475d,7.186672687530518,6.79743766784668,0,validation
10,he_f152e5,6.809020519256592,6.308806419372559,0,train
10,le_5704eb,8.210644721984863,7.260585308074951,0,validation
10,le_c5b6c0,7.473294258117676,7.140933990478516,0,validation
10,he_90123f,8.21810531616211,8.529560089111328,0,train
10,he_0bee72,7.367809295654297,7.1224541664123535,0,validation
10,he_68742b,7.5287017822265625,7.372731685638428,0,validation
10,he_b7e84d,6.648423194885254,6.067911148071289,0,validation
10,he_765035,7.094539165496826,6.92343807220459,0,train
10,le_e7dcfd,6.235717296600342,6.316160202026367,0,validation
10,he_a9942d,7.2325263023376465,7.443620204925537,0,validation
10,he_d1ef4d,6.814868450164795,6.410915374755859,0,validation
10,le_f9fcdf,6.629647254943848,6.54359245300293,0,validation
10,he_b2fbe6,8.077621459960938,8.245229721069336,0,train
10,le_338fc2,6.443049907684326,5.789646148681641,0,validation
10,he_51a0c7,6.463374614715576,6.012632846832275,0,validation
10,le_77f475,7.591385364532471,8.506369590759277,0,validation
10,le_0e684b,8.489765167236328,8.760005950927734,0,validation
10,he_19058d,5.682234764099121,4.7954535484313965,0,train
10,he_b5f00f,5.541825294494629,4.596538066864014,0,train
10,he_1ef995,7.696115493774414,7.266888618469238,0,train
10,he_844d39,6.614452362060547,5.950565814971924,0,train
10,he_ae8e9c,6.886416912078857,5.871148586273193,0,train
10,le_6035f7,6.097454071044922,5.716230392456055,0,train
10,he_0a3039,5.96951150894165,7.3365159034729,0,train
10,le_550d25,6.489910125732422,6.927524089813232,0,validation
10,le_ec27a1,6.9374823570251465,6.477571964263916,0,validation
10,he_f77454,7.284582614898682,6.832610130310059,0,validation
10,le_d7795e,6.481128215789795,6.695051193237305,0,train
10,le_1c7c91,6.369149208068848,6.191476345062256,0,validation
10,he_8a99f7,7.969368934631348,8.502494812011719,0,train
10,le_d1964b,7.298709392547607,8.1168212890625,0,validation
10,he_2dc55e,6.927824020385742,7.36789083480835,0,train
10,le_8cccbf,7.3915696144104,8.142763137817383,0,validation
10,le_25d7bf,6.789332389831543,6.7488555908203125,0,train
10,le_d83883,7.6417412757873535,7.960787296295166,0,validation
10,he_5893a2,7.189452648162842,7.77011775970459,0,train
10,he_5b4ec1,7.701045513153076,7.62361478805542,0,train
10,le_adb773,7.386061668395996,6.927832126617432,0,validation
10,he_d66410,7.298025131225586,7.872549057006836,0,validation
10,he_d91d52,8.24712085723877,10.252411842346191,0,train
10,le_497c69,6.738748073577881,7.466312408447266,0,validation
10,he_b70236,6.681553363800049,6.117605686187744,0,train
10,le_ecfb48,6.712916851043701,6.589548110961914,0,train
10,he_4caf0f,7.044511318206787,8.131475448608398,0,train
10,he_f7f5b8,7.408379554748535,7.185564041137695,0,train
10,he_8b8e73,6.416457176208496,5.719962120056152,0,validation
10,he_df76e7,5.971929550170898,5.136209964752197,0,train
10,le_384eec,6.469209671020508,5.461048603057861,0,train
10,he_6a3ff1,6.1900129318237305,5.453423023223877,0,train
10,le_af2269,7.195098876953125,7.15614128112793,0,validation
10,he_91e872,6.272501468658447,5.5040283203125,0,train
10,he_92a1d4,6.004988670349121,5.18429708480835,0,train
10,le_58503c,6.446855068206787,5.543900489807129,0,validation
10,le_9827be,6.4311652183532715,6.5472259521484375,0,validation
10,he_0a2e7a,5.992153644561768,5.083505630493164,0,train
10,le_536ce6,5.95566463470459,5.594207763671875,0,validation
10,le_c47bf3,6.456202507019043,6.332644462585449,0,train
10,le_23d7e6,5.933534145355225,5.139005184173584,0,train
10,he_aea985,6.870655059814453,8.079830169677734,0,train
10,he_610a6b,6.549205303192139,5.919083595275879,0,train
10,le_0b5c71,7.575395584106445,6.844934940338135,0,train
10,le_8e17a1,6.4698381423950195,6.206096649169922,0,train
10,he_e97a85,6.5414204597473145,6.030222415924072,0,train
10,he_baf440,7.44245719909668,6.244056224822998,0,validation
10,he_41f4cd,6.054629802703857,5.2565016746521,0,validation
10,he_5cb9a5,7.043008327484131,6.619475364685059,0,train
10,le_59e850,6.195061683654785,5.793231964111328,0,train
10,le_130466,7.4412078857421875,7.411812782287598,0,train
10,le_ae10ae,6.800016403198242,6.049441814422607,0,train
10,le_b57fb4,5.822457790374756,5.0367889404296875,0,validation
10,he_122fc1,7.411282062530518,7.162428379058838,0,validation
10,he_def558,7.483453750610352,7.635004997253418,0,train
10,he_88eef7,7.177671909332275,9.342019081115723,0,train
10,le_56db27,7.572719097137451,6.844552040100098,0,train
10,le_b72c01,7.2407402992248535,7.600010395050049,0,train
10,he_e7e54d,8.057551383972168,8.936822891235352,0,train
10,he_666efe,8.278475761413574,8.57161808013916,0,train
10,le_5f218d,6.2076897621154785,5.759753704071045,0,validation
10,le_31327c,7.336468696594238,7.621183395385742,0,validation
10,le_cae6e7,6.966487407684326,6.375631332397461,0,validation
10,he_fdfcef,8.000258445739746,8.119512557983398,0,train
10,le_53b2fd,6.231959342956543,5.992215633392334,0,train
10,le_72261f,7.881380558013916,5.6872334480285645,0,train
10,le_fc3d57,7.5011396408081055,7.881967067718506,0,train
10,le_230abf,7.917503356933594,7.4422287940979,0,validation
10,le_41a3a0,6.686920642852783,6.546433925628662,0,validation
10,he_7a5e63,7.0679755210876465,6.656047344207764,0,train
10,le_dfd3b4,7.954452991485596,8.178152084350586,0,validation
10,le_a2fcff,6.9932966232299805,6.3789262771606445,0,validation
10,le_109683,7.828437328338623,7.4503068923950195,0,validation
10,he_7057f3,6.815115451812744,5.440428256988525,0,validation
10,he_558615,7.034681797027588,7.763185501098633,0,train
10,le_e7fc9f,6.7461161613464355,6.560351371765137,0,train
10,le_ac7cf7,6.468047618865967,6.205893039703369,0,validation
10,he_9eff37,7.553016662597656,7.410554885864258,0,validation
10,le_d44ccb,6.456145763397217,5.200916290283203,0,validation
10,le_d60087,5.3706278800964355,5.363548278808594,0,train
10,le_9c6ba0,6.07987117767334,7.188546657562256,0,validation
10,he_97db03,8.700967788696289,9.375163078308105,0,train
10,le_ff1ebb,7.45286750793457,7.45286750793457,0,validation
10,le_e9f735,7.601281642913818,8.201798439025879,0,train
10,he_e6d7a6,8.122941970825195,8.318875312805176,0,validation
10,he_97c074,7.784918308258057,8.704745292663574,0,validation
10,le_d969e0,6.48227071762085,6.307787895202637,0,train
10,he_bbc8b7,8.566298484802246,9.545870780944824,0,validation
10,le_1aa1fb,5.982161045074463,5.020263671875,0,validation
10,le_1c3df3,7.380058288574219,7.710477828979492,0,validation
10,le_b7d8a6,7.233362197875977,6.724123954772949,0,validation
10,he_9b050e,6.674727916717529,6.10736608505249,0,validation
10,le_d52c28,6.433254241943359,5.38197660446167,0,validation
10,he_3f7fe7,7.093214511871338,6.86892032623291,0,validation
10,he_b3e123,6.818491458892822,6.267960548400879,0,validation
10,le_1674c0,5.756471157073975,5.134530067443848,0,train
10,le_78f0ed,5.613117218017578,5.531303882598877,0,train
10,he_533155,7.379591941833496,7.140781879425049,0,validation
10,he_d80706,7.761815071105957,9.726680755615234,0,train
10,le_ff18cf,6.614290237426758,5.917049884796143,0,validation
10,le_8a6f35,7.352417469024658,7.839536190032959,0,validation
10,he_2edc16,6.65562105178833,6.01460599899292,0,validation
10,he_4ff1c4,6.741958141326904,8.096959114074707,0,validation
10,he_4f9390,7.573545932769775,7.832425117492676,0,validation
10,le_185d39,8.58004379272461,7.166048526763916,0,train
10,le_9b9745,7.644712448120117,7.2196044921875,0,validation
10,le_91f758,6.346541881561279,5.386678695678711,0,train
10,le_a8ed34,7.594010353088379,7.494038105010986,0,train
10,he_661ccf,7.382314205169678,6.922074794769287,0,train
10,he_37489d,6.813074588775635,8.041749000549316,0,train
10,he_7c68af,8.171807289123535,9.436111450195312,0,train
10,le_838987,5.8616509437561035,5.86364221572876,0,train
10,le_f50d64,6.604302406311035,7.630954265594482,0,validation
10,le_417bec,8.039400100708008,7.9780473709106445,0,validation
10,le_a6260b,6.069839000701904,5.294833183288574,0,train
10,he_51332a,7.108572483062744,6.52841329574585,0,validation
10,he_1ef686,6.943669319152832,6.74898624420166,0,train
10,le_4b0989,6.281991958618164,5.727665424346924,0,train
10,le_19c9ac,5.685489654541016,7.111763000488281,0,train
10,he_d79548,6.430926322937012,5.741665840148926,0,validation
10,le_6d15c9,8.057987213134766,7.135204792022705,0,validation
10,le_5b740a,6.683468341827393,5.999388217926025,0,train
10,le_edf950,6.347870826721191,5.603845119476318,0,train
10,he_847dab,6.7410173416137695,7.766477108001709,0,train
10,he_a64661,6.857987403869629,6.329396724700928,0,train
10,he_cdf3a4,7.741038799285889,7.647976875305176,0,train
10,he_cabb3d,6.780464172363281,6.265972137451172,0,validation
10,he_e07220,6.230904579162598,5.4416327476501465,0,validation
10,le_57ec9b,8.335016250610352,7.767860412597656,0,train
10,he_7556fc,6.915650367736816,6.468750953674316,0,train
10,le_9468b1,9.430481910705566,9.922228813171387,0,validation
10,le_2af127,6.701451778411865,6.598476886749268,0,validation
10,he_9c8a78,5.839138984680176,4.94305944442749,0,train
10,he_2519ee,7.6392083168029785,8.59672737121582,0,train
10,he_f84b71,7.13920259475708,6.766844272613525,0,train
10,le_98b680,6.656652450561523,5.843545436859131,0,train
10,le_4afc4d,9.149808883666992,8.24332332611084,0,train
10,le_d96176,7.850846290588379,8.786703109741211,0,validation
10,he_859e26,6.546076774597168,7.191590785980225,0,train
10,he_bddd26,6.4872894287109375,5.826210021972656,0,train
10,he_f07086,6.662374973297119,7.284489631652832,0,train
10,he_ffbc40,6.091872215270996,5.310672283172607,0,train
10,le_a80334,7.2856669425964355,6.656836032867432,0,train
10,le_1b5d46,7.64256477355957,7.352261066436768,0,validation
10,le_f7b80b,5.784404754638672,5.011802673339844,0,validation
10,le_ceeb48,6.590566635131836,5.410431861877441,0,train
10,he_e187a0,6.112481117248535,4.8955512046813965,0,train
10,le_5f97fa,7.756321430206299,7.263578414916992,0,train
11,le_d069d3,6.677703857421875,6.804005146026611,0,validation
11,he_47c12f,7.36331844329834,7.186849117279053,0,validation
11,le_64d75a,5.687314987182617,5.696285724639893,0,train
11,le_259d3e,7.600188732147217,8.064713478088379,0,validation
11,he_31fd02,7.347692966461182,6.688564300537109,0,train
11,he_cb7e90,7.899436950683594,10.433089256286621,0,train
11,he_79e9b7,7.5891947746276855,9.194332122802734,0,validation
11,he_eb9923,6.367714881896973,6.474510192871094,0,validation
11,he_fb3ae1,6.436398506164551,5.814115047454834,0,validation
11,he_e12d52,8.201666831970215,9.115615844726562,0,validation
11,le_bf9a36,8.510763168334961,8.29944896697998,0,train
11,he_4a04a2,7.463196754455566,8.07765007019043,0,validation
11,le_b2752d,7.717569828033447,6.849756240844727,0,train
11,le_7aa426,6.882355690002441,7.8206353187561035,0,train
11,le_98d6b3,6.753188133239746,6.879777431488037,0,validation
11,he_0d4150,8.073892593383789,9.99203872680664,0,validation
11,he_a87a9b,7.096096515655518,7.667855262756348,0,validation
11,le_fde5e8,7.894649028778076,7.90416955947876,0,validation
11,le_78fc9a,7.521580219268799,8.212519645690918,0,train
11,le_749d9e,6.296814441680908,5.9238386154174805,0,train
11,le_d82184,7.2239089012146,8.55913257598877,0,validation
11,he_81252f,6.75970458984375,7.764338493347168,0,train
11,le_02764e,7.671529293060303,7.6690993309021,0,train
11,he_bda94e,6.705517768859863,6.217794418334961,0,train
11,le_5f185b,8.322755813598633,8.81745433807373,0,train
11,he_a8615f,6.57683801651001,6.024775505065918,0,train
11,he_929466,7.961197853088379,8.055021286010742,0,train
11,he_883cb8,7.1170878410339355,6.803821563720703,0,validation
11,le_f0530f,7.4633331298828125,7.875489711761475,0,train
11,he_1d2579,6.03139066696167,6.155157566070557,0,validation
11,le_9faffe,6.194631099700928,5.923595905303955,0,validation
11,he_842a1f,6.087084770202637,5.409549236297607,0,train
11,he_bb65e5,7.534368515014648,7.066766262054443,0,validation
11,he_95d87e,6.9949259757995605,6.613794326782227,0,train
11,le_c8410f,7.792933940887451,7.568310260772705,0,train
11,le_e7807e,5.670403003692627,5.019698619842529,0,train
11,le_3a63b0,7.997719764709473,7.990365982055664,0,train
11,he_b61f8b,7.9805989265441895,8.16787052154541,0,validation
11,he_17f529,5.994575023651123,5.424182891845703,0,train
11,he_34360a,6.437887668609619,5.816349029541016,0,train
11,le_3422e0,8.005857467651367,7.287410259246826,0,validation
11,he_a0069c,8.292319297790527,8.674415588378906,0,train
11,le_ba2a87,5.579356670379639,5.921678066253662,0,train
11,le_66b5ac,8.193435668945312,7.396093845367432,0,validation
11,he_ccbb6e,7.857152938842773,7.9535369873046875,0,validation
11,le_4c4592,7.311024188995361,6.588510036468506,0,validation
11,he_2b1023,7.486819744110107,7.365479469299316,0,validation
11,le_ed8708,5.550346851348877,5.203444957733154,0,train
11,he_4ee83e,6.5363569259643555,7.035207271575928,0,validation
11,le_49a533,6.995454788208008,5.696389675140381,0,train
11,he_9ce40f,5.717227458953857,4.8715739250183105,0,train
11,le_592616,6.6896562576293945,7.837541103363037,0,validation
11,he_76ab15,7.201981067657471,6.935880184173584,0,validation
11,he_261f83,6.474584579467773,5.871394157409668,0,train
11,le_120b5b,6.558930397033691,5.958552360534668,0,train
11,le_f2acc0,6.942816257476807,6.943886756896973,0,train
11,he_04551f,7.376894950866699,7.186850547790527,0,validation
11,he_b9a930,6.2284626960754395,5.688148498535156,0,train
11,le_80ca99,6.073981285095215,6.289398193359375,0,validation
11,he_334eb2,6.423980712890625,5.461925506591797,0,validation
11,le_0c2039,6.261389255523682,5.77734899520874,0,validation
11,he_028951,6.988832950592041,6.642768859863281,0,validation
11,le_d45347,6.660406112670898,6.15457010269165,0,train
11,he_a4529f,6.137343883514404,5.48265266418457,0,train
11,le_234216,6.826263904571533,6.102837085723877,0,train
11,le_9391b0,8.660383224487305,7.4996466636657715,0,train
11,le_454c0b,7.41014289855957,6.663122177124023,0,validation
11,le_49db1c,8.5442476272583,10.209254264831543,0,validation
11,he_67ae44,5.969114780426025,5.2379560470581055,0,train
11,le_3c9f84,7.436311721801758,7.039859294891357,0,validation
11,he_15a710,8.327825546264648,9.098369598388672,0,train
11,he_4be430,6.600941181182861,7.532399654388428,0,validation
11,he_4435d3,7.264364242553711,6.810601234436035,0,train
11,he_de4bf9,6.652815341949463,6.081622123718262,0,validation
11,he_e361fe,7.1761603355407715,6.895713806152344,0,validation
11,he_2e9fb6,5.954122066497803,5.2161478996276855,0,train
11,le_b1f4ec,8.115497589111328,6.646247863769531,0,train
11,he_a3611b,6.885070323944092,6.3757100105285645,0,validation
11,le_971e6c,6.23936653137207,5.7652668952941895,0,validation
11,he_764bec,7.253768444061279,7.016438007354736,0,train
11,he_2b42db,7.358093738555908,7.156299114227295,0,train
11,he_a10557,7.40813684463501,7.256565570831299,0,validation
11,he_5ec5e8,6.601064682006836,5.744265079498291,0,validation
11,le_4677fe,6.698663711547852,8.898272514343262,0,validation
11,le_98525a,7.851430416107178,6.436249256134033,0,validation
11,le_d24988,6.3719940185546875,7.551302433013916,0,validation
11,he_37c485,7.349377632141113,7.165163040161133,0,validation
11,he_637e1b,6.58302640914917,6.034056663513184,0,train
11,le_aa9b3d,6.910013675689697,6.608942031860352,0,validation
11,le_092d88,8.790204048156738,8.820090293884277,0,validation
11,le_d8de43,7.38596773147583,7.775758743286133,0,train
11,le_68cc09,5.81594705581665,6.759524822235107,0,train
11,le_814b46,6.025089263916016,5.444230079650879,0,validation
11,he_9cff74,7.228893756866455,6.844435214996338,0,train
11,le_96c6d5,8.79776382446289,9.117554664611816,0,validation
11,he_c1196d,8.376154899597168,9.943117141723633,0,train
11,he_5a6c32,7.012089252471924,6.640491962432861,0,validation
11,he_5d5f7a,7.386655330657959,7.22314977645874,0,train
11,le_3a623c,6.466800212860107,6.2217254638671875,0,train
11,le_e7dea5,8.205819129943848,6.923849582672119,0,train
11,he_80b814,6.364321231842041,5.706000804901123,0,validation
11,le_09679c,6.737050533294678,8.119146347045898,0,train
11,le_d4dd8f,5.858059883117676,4.926297187805176,0,validation
11,he_4bfcf6,6.7607340812683105,6.3006181716918945,0,train
11,le_8f8e8a,7.6500163078308105,6.682868480682373,0,validation
11,he_eff624,7.4404096603393555,7.290062427520752,0,train
11,le_b194d6,7.109772682189941,6.2723588943481445,0,validation
11,le_b1ae3c,8.974844932556152,7.652778625488281,0,validation
11,he_5597e5,6.969874858856201,6.574824810028076,0,train
11,he_8a456e,7.915694236755371,8.062398910522461,0,validation
11,he_094848,6.902373790740967,6.469823837280273,0,train
11,le_1c08db,6.063060760498047,5.816951751708984,0,train
11,he_e0689e,6.5728983879089355,6.991133213043213,0,validation
11,le_f1d98c,7.280647277832031,6.411226272583008,0,train
11,le_a818bf,5.695383071899414,5.850135326385498,0,train
11,he_b19ac2,6.828175067901611,6.401780605316162,0,train
11,he_932e9c,7.444427490234375,7.296590328216553,0,validation
11,he_e1c1ac,7.886563301086426,8.24223518371582,0,validation
11,he_acd142,7.015597343444824,6.645949363708496,0,train
11,le_daf354,7.723792552947998,8.879558563232422,0,train
11,he_c21f8c,6.063668727874756,5.36719274520874,0,train
11,he_929f9b,6.766360759735107,6.30905818939209,0,validation
11,le_baabbc,6.476024150848389,5.429483413696289,0,train
11,he_4f27f3,7.841434001922607,7.941727638244629,0,train
11,le_c75cf6,7.169987201690674,7.633380889892578,0,validation
11,he_eaabee,6.738656520843506,6.922009468078613,0,validation
11,he_85fdc1,7.33015775680542,7.135264873504639,0,validation
11,le_d5e0b8,6.164320468902588,5.849422931671143,0,train
11,le_b001cf,7.218315124511719,6.25020694732666,0,validation
11,he_6be05d,7.438507080078125,7.791806697845459,0,train
11,le_870446,7.1219482421875,6.946706771850586,0,train
11,le_0637ba,6.197628498077393,5.494359493255615,0,train
11,he_8a549e,7.969594955444336,9.783417701721191,0,train
11,le_d025d9,7.372555255889893,6.39115047454834,0,validation
11,he_a26cfb,8.102781295776367,9.444724082946777,0,validation
11,he_836543,7.430863857269287,7.2919182777404785,0,train
11,he_b8a511,6.668431282043457,6.105913162231445,0,train
11,le_0623c9,7.050432205200195,6.683074474334717,0,validation
11,he_9b18bc,7.355563163757324,6.40775203704834,0,validation
11,he_685d08,8.534993171691895,10.138534545898438,0,train
11,le_92914d,9.910690307617188,9.439811706542969,0,train
11,he_35b068,5.7527241706848145,5.904242038726807,0,train
11,he_3a40f5,6.219762325286865,5.711866855621338,0,train
11,le_ddbf24,6.986617565155029,7.450459957122803,0,train
11,le_08e1b5,5.793025493621826,7.030536651611328,0,train
11,le_256cce,6.555201530456543,5.389090061187744,0,train
11,he_0e2b7a,8.181192398071289,8.425071716308594,0,validation
11,he_6cfa07,6.968649387359619,7.580953121185303,0,validation
11,he_85ff02,9.36516284942627,10.568160057067871,0,train
11,le_39b3e3,6.97454309463501,6.565853118896484,0,train
11,he_351fa1,6.142714023590088,5.373589038848877,0,validation
11,le_d2662d,6.448600769042969,6.342704772949219,0,train
11,he_6e2164,6.605767726898193,6.068168640136719,0,validation
11,he_321338,7.074872016906738,6.738154888153076,0,train
11,he_b9c59b,7.487732887268066,7.366964340209961,0,train
11,he_5ba506,7.785409450531006,7.262490272521973,0,train
11,he_955633,6.351826190948486,5.687256813049316,0,train
11,he_711362,7.064511299133301,6.722036838531494,0,validation
11,le_380ed6,6.920719146728516,6.883901119232178,0,train
11,he_eb5653,7.062447547912598,6.718827247619629,0,train
11,le_ef147f,7.958766937255859,6.433283805847168,0,validation
11,le_bd5553,6.302556037902832,5.700148582458496,0,validation
11,he_e8d0d4,5.74380350112915,5.7326507568359375,0,train
11,le_ac58bc,6.750844478607178,6.1499247550964355,0,train
11,le_6e93a8,5.373335838317871,5.1795854568481445,0,train
11,le_a672ff,7.746555328369141,8.259430885314941,0,validation
11,he_59f481,8.171722412109375,10.019518852233887,0,train
11,le_32e365,5.899445056915283,5.599106788635254,0,validation
11,he_253e64,8.571313858032227,9.12778377532959,0,validation
11,he_1589ac,8.085508346557617,10.146513938903809,0,validation
11,he_0352a5,6.503775596618652,5.915180206298828,0,validation
11,he_0fe808,7.168766498565674,6.88421106338501,0,validation
11,he_4dfc9a,6.759908199310303,6.248210906982422,0,train
11,he_53a37b,6.877896785736084,6.818575859069824,0,validation
11,he_3b1424,7.7376227378845215,7.773033142089844,0,train
11,he_af8dbf,7.689717769622803,7.695188522338867,0,validation
11,he_a3e3a4,8.11548900604248,8.387065887451172,0,validation
11,le_622f03,5.846290111541748,4.839778900146484,0,validation
11,he_f40d7e,7.036287784576416,7.0347185134887695,0,train
11,he_ad2c6f,6.928946495056152,6.511158466339111,0,validation
11,he_557676,6.87140417098999,6.830757141113281,0,validation
11,he_3c577e,6.757433891296387,6.244361877441406,0,train
11,le_661759,7.92133903503418,7.296712875366211,0,validation
11,he_1aca60,7.101957321166992,7.5478081703186035,0,validation
11,he_dab57d,7.275494575500488,5.973593235015869,0,validation
11,le_7b2851,7.894548416137695,8.26154899597168,0,train
11,le_ef4386,8.356456756591797,7.778878688812256,0,train
11,he_81c663,7.031551837921143,6.706845283508301,0,train
11,le_cde2f8,7.77787446975708,8.300993919372559,0,train
11,he_781a92,6.470886707305908,5.865849494934082,0,train
11,he_a777f6,7.439408779144287,7.305211544036865,0,train
11,he_ee4bcc,6.98661470413208,6.600865364074707,0,train
11,le_bc79cd,6.950311660766602,6.0998077392578125,0,validation
11,he_0e1b16,7.968329429626465,8.147932052612305,0,validation
11,he_d16357,7.381845951080322,7.215668678283691,0,train
11,he_28e587,6.70344352722168,5.662522792816162,0,train
11,he_41a754,6.89098596572876,5.687042236328125,0,train
11,le_70d46f,5.799670696258545,5.866119384765625,0,validation
11,le_ffbca1,8.481877326965332,7.779024124145508,0,train
11,he_616252,7.3708882331848145,7.24170446395874,0,train
11,he_a4594f,6.42579460144043,5.954941272735596,0,train
11,le_b8feee,6.078218460083008,7.5836944580078125,0,train
11,le_eb9660,7.029753684997559,6.266511917114258,0,train
11,le_363c70,8.643319129943848,7.227322101593018,0,train
11,le_6bde61,9.306556701660156,7.887129306793213,0,validation
11,le_c04ae8,7.767791748046875,8.95054817199707,0,validation
11,he_4a3727,8.527900695800781,9.450227737426758,0,train
11,le_c880b0,7.765869140625,7.875790119171143,0,validation
11,le_766228,7.535966396331787,6.622189521789551,0,validation
11,le_9c4270,5.307347297668457,5.2346343994140625,0,train
11,he_87d8a7,8.337185859680176,8.805916786193848,0,validation
11,he_8feb2d,7.9908294677734375,7.351151943206787,0,validation
11,he_f01b48,7.668391704559326,7.660533905029297,0,validation
11,le_58079b,5.630798816680908,6.0489702224731445,0,train
11,le_5088b4,8.77198314666748,8.220149993896484,0,train
11,he_6528fe,6.226607322692871,5.534948825836182,0,validation
11,le_aa12de,7.403050422668457,6.429886817932129,0,train
11,he_3d059e,7.841516017913818,7.95619535446167,0,train
11,le_feadea,6.142302989959717,5.911645889282227,0,train
11,he_0724b7,8.49386215209961,8.444143295288086,0,validation
11,he_cd16a6,5.483442783355713,4.53152322769165,0,validation
11,le_5b76d0,6.0940046310424805,5.818281173706055,0,validation
11,he_dfc951,7.696014881134033,7.70542049407959,0,validation
11,he_ff9f62,5.5155839920043945,4.656383991241455,0,validation
11,le_7a26ee,7.450579643249512,8.024001121520996,0,validation
11,le_3fc415,6.832940578460693,7.470057010650635,0,train
11,he_79241f,6.854952335357666,7.070089817047119,0,train
11,he_51d69d,7.741798400878906,8.225994110107422,0,validation
11,he_660f4d,7.539538383483887,7.460968971252441,0,train
11,le_69cfdb,5.521958351135254,5.563929557800293,0,train
11,le_472126,8.43094539642334,7.374104976654053,0,train
11,le_4c7bcc,6.539045333862305,7.5440545082092285,0,train
11,he_7d5015,8.388555526733398,9.209701538085938,0,validation
11,he_da468b,6.82580041885376,6.6861443519592285,0,validation
11,le_a1bed9,8.181581497192383,7.087282657623291,0,train
11,he_b190e2,8.091970443725586,10.05926513671875,0,train
11,le_322936,6.3848371505737305,5.818317890167236,0,train
11,le_39ed4e,5.64921236038208,5.725241661071777,0,train
11,he_139129,7.860469341278076,7.851960182189941,0,train
11,he_4615cf,6.697093963623047,7.8485822677612305,0,validation
11,he_910819,6.31205940246582,5.978226661682129,0,validation
11,he_03ff44,6.911946773529053,6.527437686920166,0,validation
11,he_c5228c,7.8298020362854,7.0433244705200195,0,train
11,le_510ee4,6.675887584686279,8.106826782226562,0,validation
11,le_01c1d1,7.310221195220947,8.452486991882324,0,train
11,he_be5e6c,7.043533802032471,6.70797872543335,0,validation
11,he_035cdd,6.773717403411865,6.2696919441223145,0,validation
11,le_83ec82,6.280651569366455,5.672160625457764,0,train
11,le_10bdc8,5.86557149887085,6.174649715423584,0,train
11,he_08841b,5.876646518707275,5.103455543518066,0,validation
11,le_1438c8,6.775622844696045,6.406368732452393,0,train
11,le_28ff23,6.365757465362549,6.583416938781738,0,validation
11,le_26094c,7.774560451507568,7.551393032073975,0,validation
11,he_5bb743,7.233880043029785,6.954453945159912,0,train
11,le_400c54,6.443197250366211,5.464405059814453,0,train
11,le_044ad6,5.993088722229004,5.826853275299072,0,validation
11,le_63f66e,5.6698079109191895,5.031609535217285,0,train
11,le_9f1d40,6.161899089813232,5.683836460113525,0,validation
11,le_59dd77,8.065135955810547,7.514625549316406,0,validation
11,he_05a66f,7.003905773162842,6.627762794494629,0,train
11,he_758929,6.384302616119385,6.722504615783691,0,validation
11,le_acce2f,6.209516525268555,5.841170310974121,0,validation
11,he_ab9692,6.8230462074279785,6.394086837768555,0,train
11,he_b5456c,6.288913249969482,5.5928874015808105,0,validation
11,le_bc7d24,6.56249475479126,7.9775567054748535,0,train
11,le_801110,6.321371078491211,5.566184043884277,0,train
11,le_eaae1c,6.917069435119629,6.587625503540039,0,validation
11,he_708f00,7.32338285446167,7.848806858062744,0,train
11,le_b43f6c,7.359899520874023,7.422855854034424,0,validation
11,le_590a7e,5.842875957489014,5.47737455368042,0,validation
11,le_130ed1,5.991662502288818,5.728099822998047,0,train
11,he_f65738,8.780729293823242,10.546137809753418,0,train
11,he_a779a4,6.97672700881958,6.585484027862549,0,validation
11,he_13dd33,6.724102020263672,5.740650177001953,0,validation
11,le_9ab3c8,5.822889804840088,5.372040271759033,0,validation
11,he_37695e,4.61081075668335,5.161192417144775,0,validation
11,he_715e4a,6.549300193786621,5.983467102050781,0,validation
11,le_cf14b0,6.208263397216797,6.208263397216797,0,train
11,le_458c04,5.9325175285339355,5.265101432800293,0,validation
11,le_321164,6.8870134353637695,7.402872562408447,0,train
11,he_69af03,6.894375801086426,6.457383155822754,0,train
11,he_3179bb,7.139715194702148,5.754422187805176,0,train
11,le_1a2bdc,6.903253078460693,8.101574897766113,0,train
11,le_6d4621,6.107152938842773,5.886694431304932,0,validation
11,le_f6fa0e,7.23112678527832,6.25544548034668,0,validation
11,le_8ee86d,6.899940013885498,6.419412136077881,0,validation
11,he_6fcaa9,6.779936790466309,6.279366493225098,0,validation
11,le_c1040c,8.890583038330078,8.467044830322266,0,validation
11,he_4cb4e1,7.121296405792236,6.810369491577148,0,validation
11,le_bc95e6,7.377682685852051,7.444494247436523,0,validation
11,le_a07c3a,7.305922031402588,7.520971298217773,0,validation
11,he_83c6f7,7.91729211807251,8.064996719360352,0,train
11,le_49d277,6.980114459991455,5.921109199523926,0,validation
11,le_87d2fd,6.307946681976318,5.632706642150879,0,train
11,le_ba271f,7.431478023529053,7.054491996765137,0,validation
11,le_1a29b0,6.5954766273498535,6.339875221252441,0,train
11,he_279227,7.936537265777588,8.615436553955078,0,validation
11,le_05a5f2,6.0794854164123535,5.687010765075684,0,validation
11,le_ac3893,6.507443904876709,5.595231056213379,0,validation
11,he_d65115,7.928938865661621,9.314413070678711,0,validation
11,le_fa9cc3,7.784664154052734,8.113595008850098,0,validation
11,le_b0fdf1,6.546197891235352,6.21832799911499,0,validation
11,le_5a52c0,6.870351791381836,8.449341773986816,0,validation
11,he_d1f643,7.055225372314453,5.721747875213623,0,validation
11,le_d20bd3,7.713381767272949,6.82043981552124,0,train
11,he_992e41,6.544145584106445,5.924056053161621,0,train
11,le_cc6043,5.66615629196167,4.903796672821045,0,validation
11,he_c8b376,6.802581310272217,6.625509738922119,0,train
11,le_d21039,8.1181058883667,7.173430919647217,0,validation
11,le_5b5cf8,6.437681198120117,6.001054763793945,0,train
11,he_56e7b9,7.192671298980713,5.8999176025390625,0,train
11,le_4229e2,6.603172302246094,6.786968231201172,0,validation
11,le_1a2492,7.289920330047607,8.276284217834473,0,validation
11,he_deb7c1,6.680148601531982,8.134481430053711,0,validation
11,le_4f31ff,7.7107696533203125,7.9757399559021,0,validation
11,he_221288,7.8936567306518555,9.931331634521484,0,validation
11,le_7b2aea,8.069486618041992,9.136824607849121,0,train
11,le_8045b0,6.996937274932861,6.25576114654541,0,train
11,he_537134,7.097636699676514,6.773566246032715,0,validation
11,he_2fe81b,6.415548801422119,5.798253536224365,0,validation
11,he_a962bf,7.610373497009277,7.7144341468811035,0,validation
11,le_50582c,7.290516376495361,5.954120635986328,0,validation
11,he_f55329,6.353471279144287,5.689724922180176,0,validation
11,he_43d1e1,7.210719108581543,7.760380268096924,0,validation
11,he_4ec47d,6.697942733764648,6.158381938934326,0,validation
11,le_f28e73,7.305063247680664,6.638427257537842,0,validation
11,le_37a2d1,7.293236255645752,7.358090400695801,0,train
11,he_c20788,6.858692646026611,6.401875972747803,0,validation
11,le_764df2,7.039865970611572,7.083337783813477,0,validation
11,he_c6590f,6.201643466949463,5.461984157562256,0,train
11,he_60ed0a,5.730200290679932,4.960424423217773,0,validation
11,he_5df55a,9.04769229888916,11.845260620117188,0,validation
11,he_734cd1,6.018359184265137,5.90456485748291,0,train
11,le_de6e1e,5.669393062591553,5.958208084106445,0,validation
11,le_b4482a,6.62768030166626,6.063821792602539,0,validation
11,he_57a478,7.1827802658081055,6.90601110458374,0,validation
11,le_0af460,6.5209197998046875,6.36301851272583,0,validation
11,le_f0d06e,9.163277626037598,7.838766574859619,0,train
11,le_1c128f,8.181218147277832,7.836594104766846,0,train
11,le_a85ddb,7.198992729187012,6.510869026184082,0,validation
11,he_85af94,6.911000728607178,6.483243465423584,0,train
11,he_63befa,6.147513389587402,5.497445106506348,0,validation
11,he_652056,7.897923469543457,8.922502517700195,0,validation
11,he_0d36d6,6.924286842346191,6.503911018371582,0,train
11,le_e0fa5c,6.58448600769043,5.801922798156738,0,validation
11,he_48966d,7.618597984313965,7.863018035888672,0,train
11,le_4d537b,5.881904602050781,5.536931991577148,0,validation
11,le_9d8415,6.121825218200684,5.3902435302734375,0,validation
11,he_487634,8.665933609008789,9.405139923095703,0,train
11,le_5ca495,7.261314392089844,6.9789581298828125,0,train
11,he_3caee5,7.944882392883301,9.366463661193848,0,train
11,le_a61898,8.011465072631836,7.789612293243408,0,validation
11,he_6effe8,6.637239933013916,6.2905659675598145,0,validation
11,le_01c9ec,7.122039794921875,6.459866046905518,0,train
11,le_b8397b,6.328859806060791,6.062265396118164,0,train
11,he_94fd55,7.697298526763916,7.7075066566467285,0,validation
11,le_01f7f4,8.110030174255371,7.939661502838135,0,validation
11,le_3730f0,7.889223575592041,7.577412128448486,0,train
11,le_d66bd6,7.9357476234436035,8.096972465515137,0,train
11,le_4356f8,7.956183910369873,7.26320219039917,0,validation
11,le_0155ee,6.020719051361084,9.0540189743042,0,validation
11,he_380d40,7.689857006072998,7.6954145431518555,0,train
11,le_1bd9fa,6.492695331573486,6.2730712890625,0,train
11,he_195589,7.035151481628418,6.676366329193115,0,validation
11,le_4f6999,7.952584743499756,8.019461631774902,0,train
11,he_d5d6ab,7.362068176269531,7.162757396697998,0,train
11,he_c90fcd,6.749683856964111,6.62243127822876,0,validation
11,le_3ccf61,7.695496559143066,8.073052406311035,0,validation
11,le_b9c5c4,7.872503757476807,7.532093048095703,0,train
11,le_a6ce35,8.004749298095703,8.093337059020996,0,train
11,le_12c34b,6.0005292892456055,5.296525955200195,0,validation
11,le_7c71da,5.964066982269287,5.167555332183838,0,validation
11,he_dbbed2,7.486137866973877,7.377901077270508,0,train
11,he_fcf200,6.616742134094238,6.084630489349365,0,validation
11,le_84b6bb,6.619670391082764,6.020736217498779,0,train
11,he_1f22c4,7.10468864440918,7.404677391052246,0,train
11,le_a9f11f,8.293750762939453,6.928091049194336,0,validation
11,le_1911ce,8.964163780212402,10.28917407989502,0,validation
11,he_0d9235,6.991441249847412,8.359933853149414,0,validation
11,le_83decd,8.645646095275879,9.872971534729004,0,validation
11,he_412004,7.9368896484375,8.096841812133789,0,validation
11,he_9910b5,7.217525005340576,6.96005916595459,0,train
11,he_98349a,6.393839359283447,6.282266616821289,0,validation
11,le_404d16,6.948523044586182,6.226161003112793,0,train
11,le_00eeb2,7.736388206481934,8.919421195983887,0,train
11,le_1ccf16,7.362006187438965,8.186091423034668,0,validation
11,le_7261d3,5.770544528961182,5.123429775238037,0,train
11,le_45d4cb,5.926316738128662,5.499645709991455,0,validation
11,le_694adb,7.067667007446289,6.712615489959717,0,train
11,le_70cf78,8.971924781799316,8.604816436767578,0,validation
11,he_e97c8c,7.050291538238525,6.734953880310059,0,train
11,he_0a5ec7,6.809790134429932,6.374203205108643,0,train
11,he_40a91b,7.470708847045898,6.643225193023682,0,validation
11,he_cdc607,6.784213542938232,5.996139049530029,0,train
11,he_89ad62,7.1221771240234375,7.7464094161987305,0,train
11,le_8deff5,6.6360039710998535,6.723586082458496,0,validation
11,he_e1a03a,5.948056221008301,5.554510593414307,0,validation
11,le_52447f,7.548414707183838,6.89777946472168,0,validation
11,he_fb1124,8.702160835266113,11.685924530029297,0,train
11,le_523a81,5.6877522468566895,5.359013557434082,0,validation
11,he_5608ba,6.688317775726318,6.301174640655518,0,train
11,le_8198ec,9.490103721618652,8.159088134765625,0,train
11,he_d85c04,7.554884910583496,7.476083755493164,0,validation
11,he_403257,8.004433631896973,7.971015930175781,0,train
11,le_e568c3,6.450601577758789,6.072201728820801,0,train
11,he_86eeae,5.243178367614746,6.063518047332764,0,validation
11,le_dfd822,8.558737754821777,10.411725044250488,0,train
11,le_c50a04,6.014949321746826,7.7088751792907715,0,train
11,le_8de934,6.67210054397583,7.250035762786865,0,train
11,he_47238e,6.775216102600098,6.272022247314453,0,validation
11,he_d6039a,6.20648193359375,7.235665321350098,0,validation
11,le_29fc1c,9.137176513671875,8.614941596984863,0,validation
11,he_076917,6.085533618927002,5.223693370819092,0,validation
11,le_91c567,6.201626777648926,5.899196147918701,0,validation
11,le_f58d84,6.925466060638428,6.550521373748779,0,validation
11,he_f0d231,6.560431957244873,6.224932670593262,0,validation
11,le_7427b9,6.262380599975586,6.669862270355225,0,validation
11,le_7716d1,8.482041358947754,9.404980659484863,0,validation
11,he_0db92b,6.511119365692139,5.92619514465332,0,train
11,le_6975d5,7.527587890625,7.294858455657959,0,train
11,he_4f7ff0,7.039012908935547,8.296697616577148,0,validation
11,he_e7fbc9,8.0972900390625,7.829883098602295,0,train
11,he_6c7977,7.588508605957031,7.53072452545166,0,validation
11,le_83615b,9.004260063171387,9.319822311401367,0,train
11,le_e50e4d,6.599217891693115,5.799905300140381,0,train
11,he_feda4e,7.470641613006592,8.80146598815918,0,validation
11,he_056a76,9.461858749389648,11.06080436706543,0,train
11,le_a0c615,7.1123046875,6.966010570526123,0,train
11,he_25e97e,8.010514259338379,8.216483116149902,0,train
11,he_b85d24,7.924859523773193,8.723580360412598,0,validation
11,le_c470c6,7.75119161605835,8.03027629852295,0,validation
11,he_e554b0,6.849132537841797,6.3870038986206055,0,train
11,le_a8ce41,6.100036144256592,7.868190765380859,0,train
11,le_56f182,5.843377113342285,6.639634609222412,0,train
11,le_5ff624,8.334797859191895,8.366546630859375,0,validation
11,le_c3a6f8,7.012211322784424,6.288184642791748,0,validation
11,le_2f43e7,7.830383777618408,8.256770133972168,0,train
11,le_0bda07,7.056358337402344,7.283241271972656,0,validation
11,le_f39982,6.058281898498535,5.6459808349609375,0,train
11,he_0fab59,6.384122371673584,5.735701560974121,0,validation
11,le_a1c863,6.570091247558594,6.0338134765625,0,train
11,he_512e0a,7.986462116241455,8.33596420288086,0,train
11,le_2ba026,7.008556365966797,7.041568756103516,0,train
11,he_2044e1,7.433929920196533,6.531376838684082,0,validation
11,he_552813,7.070284366607666,6.738478183746338,0,train
11,he_caef9f,5.871970176696777,5.096653938293457,0,train
11,he_bf08f5,7.513021945953369,8.200689315795898,0,validation
11,he_959231,7.141401767730713,7.051537990570068,0,validation
11,le_2c1c76,5.9804816246032715,5.699466228485107,0,train
11,he_b63add,7.219118595123291,6.962536811828613,0,train
11,he_a2b8a1,7.635175704956055,7.606557846069336,0,validation
11,le_8578d9,8.43851089477539,7.889841079711914,0,train
11,le_b41a4d,6.632437229156494,6.704274654388428,0,validation
11,le_80446d,7.216021537780762,6.018986701965332,0,train
11,le_e8dc06,6.06450891494751,5.803863525390625,0,train
11,le_226bc8,7.020867824554443,6.823098182678223,0,train
11,le_fa7d2c,5.879852771759033,5.386892318725586,0,validation
11,he_063fc0,7.137302875518799,5.810516357421875,0,train
11,he_affe4b,6.998851299285889,6.619898319244385,0,validation
11,le_55232c,7.951798915863037,7.315230846405029,0,validation
11,he_01cfbe,7.8532304763793945,7.960896968841553,0,validation
11,le_6cbd20,9.032254219055176,10.057068824768066,0,validation
11,he_4fd2c6,6.568675518035889,6.012530326843262,0,validation
11,le_d07324,7.140476226806641,5.969150543212891,0,validation
11,he_149c5b,7.262329578399658,7.029754638671875,0,train
11,he_7b0696,6.891110420227051,6.452302932739258,0,train
11,le_5ff0f8,6.525714874267578,7.3489556312561035,0,validation
11,he_bfbfe0,6.304860591888428,5.61680793762207,0,validation
11,le_2c1fd3,5.66636323928833,6.246031761169434,0,train
11,he_113880,7.246179103851318,7.10172176361084,0,train
11,he_43444c,6.314853191375732,5.631796836853027,0,train
11,he_63e860,8.765843391418457,13.387421607971191,0,train
11,he_30ba2d,6.637247085571289,6.1153883934021,0,validation
11,he_b516c8,6.744808673858643,6.224721908569336,0,validation
11,he_061e2c,7.655956745147705,7.638092994689941,0,train
11,le_430535,7.2815752029418945,7.625135898590088,0,validation
11,le_2ce311,7.256094932556152,6.978450775146484,0,validation
11,le_9a7a59,6.839682102203369,6.678664207458496,0,train
11,le_54d379,6.759951114654541,5.791635036468506,0,train
11,le_52b809,7.8494367599487305,8.754192352294922,0,train
11,le_f66fec,6.12323522567749,5.7128496170043945,0,train
11,he_d9b3a0,6.591094970703125,6.046159744262695,0,validation
11,le_2e65e7,6.105214595794678,7.15753173828125,0,validation
11,le_eb89a4,7.6033806800842285,7.547477722167969,0,validation
11,he_a7bf3c,7.062710285186768,6.676301956176758,0,validation
11,le_275fa9,8.118863105773926,8.753689765930176,0,train
11,he_16c2e2,6.738892078399658,6.267855644226074,0,train
11,le_763996,7.786349773406982,6.26027250289917,0,validation
11,le_c9ff75,8.124747276306152,7.676898956298828,0,validation
11,le_eb4323,7.082993507385254,6.166651725769043,0,validation
11,he_0935e0,6.862847328186035,6.1695332527160645,0,validation
11,le_28d5fc,7.651940822601318,6.150056838989258,0,train
11,le_f85aef,7.099902153015137,6.5774245262146,0,train
11,he_8743aa,7.621735572814941,7.584718227386475,0,validation
11,he_77325b,7.096528053283691,6.771841049194336,0,train
11,le_194430,7.055706977844238,6.3906426429748535,0,train
11,he_0d978a,7.3194098472595215,7.118547439575195,0,validation
11,he_d5d228,7.192946910858154,7.622747421264648,0,train
11,he_703227,6.553746223449707,5.676194190979004,0,validation
11,he_01e8ed,6.368361949920654,5.712059497833252,0,train
11,he_5785c0,6.64901876449585,6.1330461502075195,0,validation
11,le_e7ceaf,7.417320251464844,6.9717864990234375,0,validation
11,he_11ed24,6.3332390785217285,5.659377098083496,0,validation
11,he_f65f6e,6.514172554016113,5.774845123291016,0,validation
11,he_726d3f,6.679262161254883,6.178411483764648,0,validation
11,le_dd8888,6.280653953552246,5.422320365905762,0,train
11,le_d042c2,6.975822925567627,6.5257697105407715,0,train
11,le_39c6ce,6.898187160491943,6.657130241394043,0,validation
11,he_ab7281,6.9227070808410645,6.5014543533325195,0,train
11,he_019042,6.805110454559326,5.992105007171631,0,validation
11,le_d52c87,6.864091396331787,6.6304144859313965,0,validation
11,he_112f6d,6.6730170249938965,6.169043064117432,0,validation
11,le_4528f1,8.440058708190918,6.757476806640625,0,train
11,he_711892,6.490135192871094,7.631791591644287,0,validation
11,le_34558e,5.769804000854492,4.932250499725342,0,train
11,he_8066c3,7.502120494842529,7.3903422355651855,0,train
11,he_fe4ada,7.523284912109375,8.556587219238281,0,validation
11,le_58b819,9.113216400146484,8.596187591552734,0,train
11,he_eae292,7.505755424499512,7.408417701721191,0,validation
11,he_14019f,6.523200988769531,6.910409450531006,0,validation
11,he_673c7e,6.97494649887085,6.621936798095703,0,train
11,he_d5db57,7.068933486938477,6.610279083251953,0,validation
11,le_7badf8,6.975228786468506,6.1599555015563965,0,validation
11,le_912a2a,7.693434238433838,8.045231819152832,0,train
11,he_95ee8c,7.398926734924316,7.242238521575928,0,validation
11,le_8761f6,7.319490909576416,6.429539680480957,0,validation
11,le_5d7507,7.201446533203125,7.768090724945068,0,train
11,le_5863fc,6.966457843780518,6.876870155334473,0,validation
11,he_853422,7.19956111907959,6.932114124298096,0,validation
11,he_4e43b9,7.754785537719727,7.087706089019775,0,train
11,he_a39ebf,6.966928005218506,8.692249298095703,0,validation
11,le_80e3b0,5.8944172859191895,5.848477840423584,0,train
11,le_e11ea9,6.617980480194092,6.070189952850342,0,validation
11,he_e69885,6.50474739074707,5.916638374328613,0,train
11,le_5d62d2,6.112660884857178,5.476537704467773,0,train
11,le_a8ce3a,7.719496726989746,7.357224941253662,0,validation
11,he_477534,7.045475006103516,7.339235782623291,0,train
11,he_4528d8,7.501736164093018,6.682974338531494,0,validation
11,le_315c9d,6.222387313842773,6.0286993980407715,0,train
11,he_9c907a,7.969195365905762,9.35026741027832,0,train
11,he_bc8ef0,6.3897705078125,5.744174003601074,0,validation
11,le_ff4463,7.305899143218994,7.234613418579102,0,train
11,he_b63a86,6.946325778961182,8.111104011535645,0,validation
11,le_6fe94c,5.887996673583984,6.018314838409424,0,train
11,le_b554e0,6.409759998321533,5.613251686096191,0,validation
11,he_905478,6.351817607879639,5.538604259490967,0,validation
11,le_ae27bc,6.563719272613525,6.313975811004639,0,validation
11,le_86dde0,6.9474616050720215,6.842036724090576,0,validation
11,le_3235a7,6.120627403259277,5.916739463806152,0,train
11,le_560bc5,7.669703006744385,8.181601524353027,0,validation
11,le_b2d8a4,6.996247291564941,6.991749286651611,0,train
11,he_57b66a,7.432060718536377,8.74427604675293,0,train
11,he_8b6e8a,6.744824409484863,6.2247467041015625,0,train
11,he_0ad37b,7.630136013031006,7.601898193359375,0,validation
11,he_1f1796,7.364675998687744,7.188959121704102,0,validation
11,he_c788c4,6.570863246917725,10.448729515075684,0,train
11,le_3e0c8b,6.235621452331543,5.752185821533203,0,validation
11,le_ad29d4,8.389451026916504,8.862740516662598,0,validation
11,he_9ead18,6.590893745422363,7.11478328704834,0,train
11,le_a9c8e7,6.748183727264404,8.479588508605957,0,train
11,he_fa775e,8.39648151397705,11.187644958496094,0,train
11,he_6eb3b7,5.684535980224609,5.940981388092041,0,train
11,le_b68792,7.362493991851807,7.29631233215332,0,train
11,le_7491ba,6.468694686889648,5.950279235839844,0,train
11,le_155906,8.162249565124512,8.803693771362305,0,validation
11,le_71250d,8.918608665466309,7.010989665985107,0,train
11,he_945b84,6.06872034072876,5.382835865020752,0,validation
11,le_767019,8.315668106079102,8.119149208068848,0,validation
11,le_bea3b5,6.535528659820557,6.383331775665283,0,validation
11,le_1a7ab7,5.283311367034912,6.264036178588867,0,train
11,he_0445e3,6.920859336853027,6.94000244140625,0,validation
11,he_ebb18a,6.384619235992432,5.372965335845947,0,train
11,he_04607e,6.409364700317383,5.773565769195557,0,train
11,le_8dffb2,6.66375207901001,6.093318939208984,0,validation
11,he_bf7958,6.9150567054748535,5.963336944580078,0,validation
11,he_865b01,6.955367565155029,6.552258014678955,0,validation
11,he_5422d6,6.789580821990967,6.294366836547852,0,validation
11,le_1b77f0,5.8489298820495605,6.281569480895996,0,validation
11,he_061f19,6.520200729370117,6.0009355545043945,0,train
11,le_ab66f0,6.1523919105529785,5.800851821899414,0,train
11,le_33de79,7.596321105957031,8.590691566467285,0,validation
11,he_4d16d8,7.947927951812744,8.572036743164062,0,train
11,he_7141aa,5.834085941314697,5.360966205596924,0,validation
11,le_b7b78e,6.141432762145996,6.048003196716309,0,train
11,le_341408,6.054513931274414,7.48959493637085,0,validation
11,he_e7f057,5.754176139831543,4.994388103485107,0,validation
11,le_c975ec,6.581940650939941,6.180266857147217,0,train
11,he_b9dc56,6.381219863891602,5.73134708404541,0,validation
11,he_b9ba5e,7.600655555725098,8.466655731201172,0,train
11,le_3ef247,8.657172203063965,9.305463790893555,0,validation
11,le_945414,6.334788799285889,6.9432854652404785,0,train
11,le_73a0f6,5.997135639190674,5.279506683349609,0,validation
11,le_f790ca,6.359167575836182,5.627623081207275,0,train
11,le_3c1dbd,9.08734130859375,8.316841125488281,0,train
11,he_ac375a,7.790271282196045,8.8021821975708,0,validation
11,he_d0547e,7.691758632659912,7.4644269943237305,0,train
11,le_0e80d9,6.006196975708008,5.978578090667725,0,train
11,he_9a731c,6.566061019897461,6.628637790679932,0,validation
11,he_442910,6.308068752288818,6.761346340179443,0,validation
11,le_ae71bb,6.833870887756348,6.362555503845215,0,validation
11,he_0c8461,8.293421745300293,10.434480667114258,0,validation
11,le_36906d,7.800014495849609,7.411776065826416,0,validation
11,he_c72991,7.650568962097168,7.633681297302246,0,train
11,le_698ed0,7.486123085021973,6.047451972961426,0,train
11,le_2f8b4e,6.3954620361328125,6.37076997756958,0,validation
11,le_096a5a,6.521440029144287,5.504319190979004,0,train
11,he_b62509,6.475457191467285,5.805730819702148,0,validation
11,le_ad984a,8.655203819274902,7.367105007171631,0,train
11,he_2aef37,6.686288833618164,6.799471378326416,0,validation
11,le_4e404a,5.831165313720703,5.448940753936768,0,train
11,he_8f57fb,7.345402717590332,7.1589789390563965,0,train
11,he_10c218,6.603444576263428,6.974400520324707,0,train
11,he_a7eb16,7.30022668838501,7.088704586029053,0,train
11,le_157346,6.674460411071777,6.575258731842041,0,train
11,he_4c56d3,7.570714950561523,7.501809120178223,0,validation
11,le_875512,6.131479263305664,5.661161422729492,0,validation
11,le_f593c2,5.990235805511475,5.976263523101807,0,train
11,le_43f436,7.693950653076172,8.352158546447754,0,train
11,he_fa6948,6.806538105010986,7.745434284210205,0,validation
11,he_cc58af,6.5373053550720215,6.590334415435791,0,train
11,le_9aabb9,6.916715145111084,6.81890869140625,0,train
11,he_256c48,7.035710334777832,6.677236557006836,0,validation
11,he_301a3e,8.086943626403809,8.340682029724121,0,train
11,he_bda96d,6.822535991668701,6.795942783355713,0,validation
11,le_d031d2,6.356611728668213,6.481363296508789,0,train
11,he_935b9f,7.935403823852539,7.4599785804748535,0,train
11,he_f51b67,5.79829740524292,4.989494800567627,0,train
11,le_1223ad,5.706478118896484,5.242417335510254,0,validation
11,le_59e8c6,7.80558967590332,7.725472927093506,0,train
11,he_fd9c4c,7.989132404327393,8.181736946105957,0,train
11,he_4e95fa,8.182413101196289,9.648186683654785,0,train
11,he_5863f3,7.027102470397949,7.194146633148193,0,train
11,le_327267,6.312287330627441,5.8805084228515625,0,validation
11,le_d61b54,8.750188827514648,7.9614386558532715,0,validation
11,he_69475d,7.219894886016846,6.931726455688477,0,validation
11,he_f152e5,6.773495197296143,6.319760322570801,0,train
11,le_5704eb,8.255160331726074,7.189314365386963,0,validation
11,le_c5b6c0,7.457921028137207,7.1658830642700195,0,validation
11,he_90123f,8.099722862243652,8.380142211914062,0,train
11,he_0bee72,7.427331447601318,7.2864227294921875,0,validation
11,he_68742b,7.547110557556152,7.472746849060059,0,validation
11,he_b7e84d,6.639613628387451,6.118939399719238,0,validation
11,he_765035,7.127381324768066,7.0114617347717285,0,train
11,le_e7dcfd,6.268273830413818,6.342379093170166,0,validation
11,he_a9942d,7.387215614318848,7.569182395935059,0,validation
11,he_d1ef4d,6.836694717407227,6.3238525390625,0,validation
11,le_f9fcdf,6.563827991485596,6.4748215675354,0,validation
11,he_b2fbe6,8.082596778869629,8.333616256713867,0,train
11,le_338fc2,6.482869625091553,5.831772804260254,0,validation
11,he_51a0c7,6.509694576263428,6.172756195068359,0,validation
11,le_77f475,7.6361260414123535,8.71159839630127,0,validation
11,le_0e684b,8.414322853088379,8.629887580871582,0,validation
11,he_19058d,5.622931957244873,4.808460712432861,0,train
11,he_b5f00f,5.438555717468262,4.54725980758667,0,train
11,he_1ef995,7.726198196411133,7.387652397155762,0,train
11,he_844d39,6.528782844543457,5.888681888580322,0,train
11,he_ae8e9c,6.887695789337158,5.963353157043457,0,train
11,le_6035f7,6.033461093902588,5.659711837768555,0,train
11,he_0a3039,6.139181137084961,7.51224422454834,0,train
11,le_550d25,6.488811016082764,6.851503849029541,0,validation
11,le_ec27a1,6.920326232910156,6.339929103851318,0,validation
11,he_f77454,7.295092582702637,6.742001533508301,0,validation
11,le_d7795e,6.451962947845459,6.620258331298828,0,train
11,le_1c7c91,6.459526062011719,6.2709126472473145,0,validation
11,he_8a99f7,7.916383266448975,8.510498046875,0,train
11,le_d1964b,7.389706134796143,8.37692928314209,0,validation
11,he_2dc55e,6.723843574523926,7.2256059646606445,0,train
11,le_8cccbf,7.188860893249512,7.847410678863525,0,validation
11,le_25d7bf,6.779965877532959,6.575857162475586,0,train
11,le_d83883,7.625807762145996,8.018104553222656,0,validation
11,he_5893a2,7.069406509399414,7.759629726409912,0,train
11,he_5b4ec1,7.732681751251221,7.769623279571533,0,train
11,le_adb773,7.358347415924072,6.86722993850708,0,validation
11,he_d66410,7.220827102661133,7.713006019592285,0,validation
11,he_d91d52,8.229768753051758,10.247679710388184,0,train
11,le_497c69,6.700247764587402,7.453884124755859,0,validation
11,he_b70236,6.6637043952941895,6.155074119567871,0,train
11,le_ecfb48,6.846651554107666,6.8049421310424805,0,train
11,he_4caf0f,7.003720760345459,8.152887344360352,0,train
11,he_f7f5b8,7.366293907165527,7.191476821899414,0,train
11,he_8b8e73,6.473633766174316,5.869967937469482,0,validation
11,he_df76e7,5.889124870300293,5.121606826782227,0,train
11,le_384eec,6.478498458862305,5.425711631774902,0,train
11,he_6a3ff1,6.138758659362793,5.484710216522217,0,train
11,le_af2269,6.950525283813477,6.846392631530762,0,validation
11,he_91e872,6.26010799407959,5.549679756164551,0,train
11,he_92a1d4,5.919949054718018,5.166441440582275,0,train
11,le_58503c,6.309123516082764,5.395409107208252,0,validation
11,le_9827be,6.485750675201416,6.63429069519043,0,validation
11,he_0a2e7a,6.017776012420654,5.186181545257568,0,train
11,le_536ce6,5.868590354919434,5.5107645988464355,0,validation
11,le_c47bf3,6.332592487335205,6.171494483947754,0,train
11,le_23d7e6,5.990923881530762,5.190180778503418,0,train
11,he_aea985,6.843356609344482,8.063375473022461,0,train
11,he_610a6b,6.555756568908691,5.993152618408203,0,train
11,le_0b5c71,7.639331817626953,7.002383708953857,0,train
11,le_8e17a1,6.518350601196289,6.293854713439941,0,train
11,he_e97a85,6.463648796081543,5.925972938537598,0,train
11,he_baf440,7.441603183746338,6.361261367797852,0,validation
11,he_41f4cd,5.975159168243408,5.24674654006958,0,validation
11,he_5cb9a5,6.993473529815674,6.626469612121582,0,train
11,le_59e850,6.205663681030273,5.808729648590088,0,train
11,le_130466,7.478517055511475,7.512324333190918,0,train
11,le_ae10ae,6.9240264892578125,6.250849723815918,0,train
11,le_b57fb4,5.823912620544434,5.058407306671143,0,validation
11,he_122fc1,7.510701656341553,7.404286861419678,0,validation
11,he_def558,7.426461696624756,7.586431980133057,0,train
11,he_88eef7,7.15730619430542,9.1454496383667,0,train
11,le_56db27,7.470783233642578,6.748556137084961,0,train
11,le_b72c01,7.180065631866455,7.793473720550537,0,train
11,he_e7e54d,7.998043060302734,8.81253433227539,0,train
11,he_666efe,8.246248245239258,8.599550247192383,0,train
11,le_5f218d,6.302970886230469,6.014437675476074,0,validation
11,le_31327c,7.342538356781006,7.603391647338867,0,validation
11,le_cae6e7,6.823986530303955,6.194390773773193,0,validation
11,he_fdfcef,7.935948371887207,8.095314025878906,0,train
11,le_53b2fd,6.217764377593994,6.012083530426025,0,train
11,le_72261f,7.857822895050049,5.706703186035156,0,train
11,le_fc3d57,7.278835296630859,7.550222873687744,0,train
11,le_230abf,7.803282737731934,7.370389461517334,0,validation
11,le_41a3a0,6.7620768547058105,6.64689826965332,0,validation
11,he_7a5e63,7.0090460777282715,6.635759353637695,0,train
11,le_dfd3b4,7.945055961608887,8.130208969116211,0,validation
11,le_a2fcff,6.8988189697265625,6.248774528503418,0,validation
11,le_109683,7.6496453285217285,7.261094570159912,0,validation
11,he_7057f3,6.848722457885742,5.557997226715088,0,validation
11,he_558615,6.965735912322998,7.656536102294922,0,train
11,le_e7fc9f,6.674891948699951,6.425518989562988,0,train
11,le_ac7cf7,6.460945129394531,6.241584777832031,0,validation
11,he_9eff37,7.4446868896484375,7.313421249389648,0,validation
11,le_d44ccb,6.418342113494873,5.126049518585205,0,validation
11,le_d60087,5.361721992492676,5.333626747131348,0,train
11,le_9c6ba0,6.086552143096924,7.306346893310547,0,validation
11,he_97db03,8.885744094848633,9.747184753417969,0,train
11,le_ff1ebb,7.474146366119385,7.474146366119385,0,validation
11,le_e9f735,7.593270778656006,8.185029983520508,0,train
11,he_e6d7a6,8.128719329833984,8.408564567565918,0,validation
11,he_97c074,7.867031097412109,8.91490364074707,0,validation
11,le_d969e0,6.419915199279785,6.200613021850586,0,train
11,he_bbc8b7,8.805909156799316,9.88847541809082,0,validation
11,le_1aa1fb,6.05555534362793,5.114163875579834,0,validation
11,le_1c3df3,7.245754718780518,7.5006232261657715,0,validation
11,le_b7d8a6,7.2726545333862305,6.799251079559326,0,validation
11,he_9b050e,6.602956771850586,6.063953399658203,0,validation
11,le_d52c28,6.427298069000244,5.435546398162842,0,validation
11,he_3f7fe7,7.175950527191162,7.055479526519775,0,validation
11,he_b3e123,6.811413288116455,6.328330039978027,0,validation
11,le_1674c0,5.863202095031738,5.267349720001221,0,train
11,le_78f0ed,5.527209281921387,5.414759635925293,0,train
11,he_533155,7.401821136474609,7.24674129486084,0,validation
11,he_d80706,7.802697658538818,9.678640365600586,0,train
11,le_ff18cf,6.541484355926514,5.818822860717773,0,validation
11,le_8a6f35,7.400081157684326,7.766227722167969,0,validation
11,he_2edc16,6.6999993324279785,6.155018329620361,0,validation
11,he_4ff1c4,6.739583969116211,8.203413963317871,0,validation
11,he_4f9390,7.760458469390869,8.066457748413086,0,validation
11,le_185d39,8.698105812072754,7.241873264312744,0,train
11,le_9b9745,7.720044136047363,7.37250280380249,0,validation
11,le_91f758,6.465907573699951,5.543835163116455,0,train
11,le_a8ed34,7.6249823570251465,7.549778938293457,0,train
11,he_661ccf,7.285014629364014,6.966322898864746,0,train
11,he_37489d,6.649820804595947,8.04881763458252,0,train
11,he_7c68af,8.150304794311523,9.237225532531738,0,train
11,le_838987,5.743282318115234,5.809667110443115,0,train
11,le_f50d64,6.56917667388916,7.737694263458252,0,validation
11,le_417bec,8.018230438232422,7.949616432189941,0,validation
11,le_a6260b,6.200790882110596,5.430638313293457,0,train
11,he_51332a,7.0953898429870605,6.540407657623291,0,validation
11,he_1ef686,7.0896687507629395,6.981635093688965,0,train
11,le_4b0989,6.223311901092529,5.639237403869629,0,train
11,le_19c9ac,5.608894348144531,6.994102478027344,0,train
11,he_d79548,6.398945331573486,5.7579345703125,0,validation
11,le_6d15c9,8.16975212097168,7.332211971282959,0,validation
11,le_5b740a,6.564167022705078,5.843391418457031,0,train
11,le_edf950,6.357674598693848,5.66142463684082,0,train
11,he_847dab,6.745053291320801,7.841200828552246,0,train
11,he_a64661,6.809621334075928,6.325541973114014,0,train
11,he_cdf3a4,7.7122344970703125,7.647414207458496,0,train
11,he_cabb3d,6.744091510772705,6.275653839111328,0,validation
11,he_e07220,6.124392032623291,5.346106052398682,0,validation
11,le_57ec9b,8.449697494506836,7.868098735809326,0,train
11,he_7556fc,6.842138290405273,6.42272424697876,0,train
11,le_9468b1,9.321464538574219,9.817251205444336,0,validation
11,le_2af127,6.793083667755127,6.707462787628174,0,validation
11,he_9c8a78,5.70176887512207,4.8490891456604,0,train
11,he_2519ee,7.54498291015625,8.444442749023438,0,train
11,he_f84b71,7.1200151443481445,6.808378219604492,0,train
11,le_98b680,6.563076972961426,5.724231719970703,0,train
11,le_4afc4d,9.226675033569336,8.29670238494873,0,train
11,le_d96176,7.767003536224365,8.830485343933105,0,validation
11,he_859e26,6.538558006286621,6.8848395347595215,0,train
11,he_bddd26,6.492022514343262,5.8975510597229,0,train
11,he_f07086,6.561450481414795,7.171637058258057,0,train
11,he_ffbc40,5.926041126251221,5.175303936004639,0,train
11,le_a80334,7.259395122528076,6.7540740966796875,0,train
11,le_1b5d46,7.685418605804443,7.382674217224121,0,validation
11,le_f7b80b,5.8516669273376465,5.093477725982666,0,validation
11,le_ceeb48,6.654835224151611,5.562211036682129,0,train
11,he_e187a0,6.214602470397949,5.020637512207031,0,train
11,le_5f97fa,7.73418664932251,7.287994384765625,0,train
12,le_d069d3,6.596737384796143,6.6783294677734375,0,validation
12,he_47c12f,7.289375305175781,7.100955009460449,0,validation
12,le_64d75a,5.725975513458252,5.7642059326171875,0,train
12,le_259d3e,7.672276020050049,8.157547950744629,0,validation
12,he_31fd02,7.415292739868164,6.736208915710449,0,train
12,he_cb7e90,7.907867431640625,10.623409271240234,0,train
12,he_79e9b7,7.677105903625488,9.357998847961426,0,validation
12,he_eb9923,6.4123945236206055,6.649960517883301,0,validation
12,he_fb3ae1,6.476664066314697,5.900729179382324,0,validation
12,he_e12d52,8.20559024810791,9.027320861816406,0,validation
12,le_bf9a36,8.617598533630371,8.386971473693848,0,train
12,he_4a04a2,7.4124250411987305,8.16914176940918,0,validation
12,le_b2752d,7.7423787117004395,6.879263401031494,0,train
12,le_7aa426,6.976458549499512,8.087340354919434,0,train
12,le_98d6b3,6.713338375091553,6.853890895843506,0,validation
12,he_0d4150,8.021622657775879,9.934873580932617,0,validation
12,he_a87a9b,6.994819641113281,7.4323835372924805,0,validation
12,le_fde5e8,7.865832805633545,7.7718505859375,0,validation
12,le_78fc9a,7.595566272735596,8.290371894836426,0,train
12,le_749d9e,6.095861911773682,5.709928512573242,0,train
12,le_d82184,7.120829105377197,8.572306632995605,0,validation
12,he_81252f,6.687938213348389,7.737074851989746,0,train
12,le_02764e,7.698940277099609,7.819552898406982,0,train
12,he_bda94e,6.82161283493042,6.418152809143066,0,train
12,le_5f185b,8.124579429626465,8.523045539855957,0,train
12,he_a8615f,6.554009914398193,6.016749382019043,0,train
12,he_929466,7.9265851974487305,8.106054306030273,0,train
12,he_883cb8,7.143272876739502,6.873685359954834,0,validation
12,le_f0530f,7.420447826385498,7.77261209487915,0,train
12,he_1d2579,5.884716987609863,5.7928290367126465,0,validation
12,le_9faffe,6.075876712799072,5.7972025871276855,0,validation
12,he_842a1f,6.215309143066406,5.560606002807617,0,train
12,he_bb65e5,7.586294174194336,7.097301483154297,0,validation
12,he_95d87e,6.922666072845459,6.530519008636475,0,train
12,le_c8410f,7.835043430328369,7.605145454406738,0,train
12,le_e7807e,5.598812580108643,4.936762809753418,0,train
12,le_3a63b0,7.948692798614502,7.955632209777832,0,train
12,he_b61f8b,7.95626163482666,8.161092758178711,0,validation
12,he_17f529,6.039089679718018,5.466908931732178,0,train
12,he_34360a,6.415769577026367,5.80938720703125,0,train
12,le_3422e0,7.724275588989258,7.081213474273682,0,validation
12,he_a0069c,8.292911529541016,8.708148956298828,0,train
12,le_ba2a87,5.349420070648193,5.540051460266113,0,train
12,le_66b5ac,8.268789291381836,7.477234363555908,0,validation
12,he_ccbb6e,7.868539810180664,7.915286064147949,0,validation
12,le_4c4592,7.284813404083252,6.572362422943115,0,validation
12,he_2b1023,7.4731831550598145,7.376090049743652,0,validation
12,le_ed8708,5.512324333190918,5.155716896057129,0,train
12,he_4ee83e,6.5846757888793945,7.008063316345215,0,validation
12,le_49a533,6.988630294799805,5.637096405029297,0,train
12,he_9ce40f,5.792037487030029,4.944939136505127,0,train
12,le_592616,6.65926456451416,7.829902172088623,0,validation
12,he_76ab15,7.160494804382324,6.900473594665527,0,validation
12,he_261f83,6.470127582550049,5.890925407409668,0,train
12,le_120b5b,6.607365131378174,6.024165630340576,0,train
12,le_f2acc0,6.913641452789307,6.9896392822265625,0,train
12,he_04551f,7.465012073516846,7.362812042236328,0,validation
12,he_b9a930,6.192238807678223,5.619033336639404,0,train
12,le_80ca99,6.090775966644287,6.324026107788086,0,validation
12,he_334eb2,6.4308600425720215,5.52004861831665,0,validation
12,le_0c2039,6.264963626861572,5.761721134185791,0,validation
12,he_028951,7.020552158355713,6.716560363769531,0,validation
12,le_d45347,6.6135478019714355,6.084600925445557,0,train
12,he_a4529f,6.164165019989014,5.4862141609191895,0,train
12,le_234216,6.66972017288208,5.971059799194336,0,train
12,le_9391b0,8.724522590637207,7.523133754730225,0,train
12,le_454c0b,7.650661945343018,7.080959320068359,0,validation
12,le_49db1c,8.585464477539062,10.313372611999512,0,validation
12,he_67ae44,5.968394756317139,5.201457977294922,0,train
12,le_3c9f84,7.363022327423096,6.928590774536133,0,validation
12,he_15a710,8.237051010131836,8.889993667602539,0,train
12,he_4be430,6.653350353240967,7.567168235778809,0,validation
12,he_4435d3,7.216009140014648,6.555451393127441,0,train
12,he_de4bf9,6.621559143066406,6.06212854385376,0,validation
12,he_e361fe,7.15804386138916,6.896660327911377,0,validation
12,he_2e9fb6,5.931028842926025,5.14710807800293,0,train
12,le_b1f4ec,8.090832710266113,6.569642543792725,0,train
12,he_a3611b,6.88113260269165,6.410076141357422,0,validation
12,le_971e6c,6.260331153869629,5.820183277130127,0,validation
12,he_764bec,7.238997936248779,7.022588729858398,0,train
12,he_2b42db,7.3814520835876465,7.22702693939209,0,train
12,he_a10557,7.404621601104736,7.280228614807129,0,validation
12,he_5ec5e8,6.567869663238525,5.767826080322266,0,validation
12,le_4677fe,6.623685359954834,8.742284774780273,0,validation
12,le_98525a,7.784237384796143,6.329409599304199,0,validation
12,le_d24988,6.328060150146484,7.47799015045166,0,validation
12,he_37c485,7.233482360839844,7.014010429382324,0,validation
12,he_637e1b,6.607345104217529,6.0967512130737305,0,train
12,le_aa9b3d,6.980602264404297,6.701117038726807,0,validation
12,le_092d88,8.739850044250488,8.733933448791504,0,validation
12,le_d8de43,7.37369966506958,7.733148574829102,0,train
12,le_68cc09,5.774102210998535,6.839442729949951,0,train
12,le_814b46,5.9168314933776855,5.264985084533691,0,validation
12,he_9cff74,7.248966693878174,6.934473514556885,0,train
12,le_96c6d5,8.957486152648926,9.341382026672363,0,validation
12,he_c1196d,8.503152847290039,10.127020835876465,0,train
12,he_5a6c32,6.977789402008057,6.616267204284668,0,validation
12,he_5d5f7a,7.460432529449463,7.367043495178223,0,train
12,le_3a623c,6.4514570236206055,6.238536834716797,0,train
12,le_e7dea5,8.175227165222168,6.757876873016357,0,train
12,he_80b814,6.272568225860596,5.594586372375488,0,validation
12,le_09679c,6.711998462677002,8.115486145019531,0,train
12,le_d4dd8f,5.963221073150635,5.045207500457764,0,validation
12,he_4bfcf6,6.669126987457275,6.18942403793335,0,train
12,le_8f8e8a,7.632298946380615,6.740353107452393,0,validation
12,he_eff624,7.4328999519348145,7.310630798339844,0,train
12,le_b194d6,7.0168914794921875,6.199760437011719,0,validation
12,le_b1ae3c,8.932088851928711,7.4904937744140625,0,validation
12,he_5597e5,6.999690055847168,6.650333404541016,0,train
12,he_8a456e,7.869020462036133,8.019325256347656,0,validation
12,he_094848,6.916721820831299,6.521272659301758,0,train
12,le_1c08db,6.029625415802002,5.748591899871826,0,train
12,he_e0689e,6.468461513519287,6.991176605224609,0,validation
12,le_f1d98c,7.166589736938477,6.2430901527404785,0,train
12,le_a818bf,5.642171859741211,5.800406455993652,0,train
12,he_b19ac2,6.6942644119262695,6.227129936218262,0,train
12,he_932e9c,7.397372722625732,7.252897262573242,0,validation
12,he_e1c1ac,7.780452728271484,8.148687362670898,0,validation
12,he_acd142,6.91549825668335,6.519368648529053,0,train
12,le_daf354,7.6763763427734375,8.740056991577148,0,train
12,he_c21f8c,6.135786056518555,5.487584590911865,0,train
12,he_929f9b,6.63458251953125,6.137609004974365,0,validation
12,le_baabbc,6.537473678588867,5.5548858642578125,0,train
12,he_4f27f3,7.763733386993408,7.848234176635742,0,train
12,le_c75cf6,7.046323299407959,7.446975231170654,0,validation
12,he_eaabee,6.810235023498535,6.914450645446777,0,validation
12,he_85fdc1,7.332586765289307,7.168172836303711,0,validation
12,le_d5e0b8,6.1659626960754395,5.8644328117370605,0,train
12,le_b001cf,7.291572093963623,6.2994890213012695,0,validation
12,he_6be05d,7.406654357910156,7.731278419494629,0,train
12,le_870446,6.918887138366699,6.724604606628418,0,train
12,le_0637ba,6.19655704498291,5.495387077331543,0,train
12,he_8a549e,7.917796611785889,9.790449142456055,0,train
12,le_d025d9,7.368638515472412,6.392634868621826,0,validation
12,he_a26cfb,7.993710517883301,9.152074813842773,0,validation
12,he_836543,7.3196563720703125,7.1480584144592285,0,train
12,he_b8a511,6.522076606750488,5.907380104064941,0,train
12,le_0623c9,7.073038578033447,6.714093208312988,0,validation
12,he_9b18bc,7.318365573883057,6.423614501953125,0,validation
12,he_685d08,8.458388328552246,10.0672607421875,0,train
12,le_92914d,9.840789794921875,9.42209529876709,0,train
12,he_35b068,5.841038227081299,5.980675220489502,0,train
12,he_3a40f5,6.218113899230957,5.767454147338867,0,train
12,le_ddbf24,6.9907989501953125,7.536807537078857,0,train
12,le_08e1b5,5.811766147613525,6.948181629180908,0,train
12,le_256cce,6.502858638763428,5.326201438903809,0,train
12,he_0e2b7a,8.076812744140625,8.28079891204834,0,validation
12,he_6cfa07,6.962611198425293,7.557115077972412,0,validation
12,he_85ff02,9.297215461730957,10.489133834838867,0,train
12,le_39b3e3,7.060817241668701,6.6248040199279785,0,train
12,he_351fa1,6.3210272789001465,5.66727352142334,0,validation
12,le_d2662d,6.388416767120361,6.261221408843994,0,train
12,he_6e2164,6.575719356536865,6.049312591552734,0,validation
12,he_321338,7.0693278312683105,6.7586588859558105,0,train
12,he_b9c59b,7.614815711975098,7.60624361038208,0,train
12,he_5ba506,7.700112342834473,7.1236371994018555,0,train
12,he_955633,6.259469985961914,5.574937343597412,0,train
12,he_711362,7.098963260650635,6.804757118225098,0,validation
12,le_380ed6,6.88850212097168,6.896932125091553,0,train
12,he_eb5653,7.123435974121094,6.8428263664245605,0,train
12,le_ef147f,7.909951210021973,6.388484001159668,0,validation
12,le_bd5553,6.2885870933532715,5.665090560913086,0,validation
12,he_e8d0d4,5.860661506652832,5.798896312713623,0,train
12,le_ac58bc,6.636727333068848,6.1185102462768555,0,train
12,le_6e93a8,5.35650110244751,5.182882308959961,0,train
12,le_a672ff,7.825066089630127,8.484877586364746,0,validation
12,he_59f481,8.181536674499512,9.890896797180176,0,train
12,le_32e365,5.9478230476379395,5.700888633728027,0,validation
12,he_253e64,8.610686302185059,9.224533081054688,0,validation
12,he_1589ac,8.150115966796875,10.324564933776855,0,validation
12,he_0352a5,6.418059825897217,5.812823295593262,0,validation
12,he_0fe808,7.206466197967529,6.971985340118408,0,validation
12,he_4dfc9a,6.7330780029296875,6.235604763031006,0,train
12,he_53a37b,6.857302188873291,6.793460845947266,0,validation
12,he_3b1424,7.734527111053467,7.800773620605469,0,train
12,he_af8dbf,7.720500469207764,7.777981758117676,0,validation
12,he_a3e3a4,8.138909339904785,8.457894325256348,0,validation
12,le_622f03,5.9507880210876465,4.949752330780029,0,validation
12,he_f40d7e,7.0947136878967285,6.975137233734131,0,train
12,he_ad2c6f,6.982295513153076,6.623274326324463,0,validation
12,he_557676,6.845821857452393,6.849791526794434,0,validation
12,he_3c577e,6.729000568389893,6.22926139831543,0,train
12,le_661759,7.981432914733887,7.3536882400512695,0,validation
12,he_1aca60,7.075253963470459,7.65244197845459,0,validation
12,he_dab57d,7.3270792961120605,6.001359939575195,0,validation
12,le_7b2851,7.870416641235352,8.29775619506836,0,train
12,le_ef4386,8.190683364868164,7.516137599945068,0,train
12,he_81c663,7.078728675842285,6.803826808929443,0,train
12,le_cde2f8,7.889009952545166,8.560802459716797,0,train
12,he_781a92,6.448057174682617,5.857818603515625,0,train
12,he_a777f6,7.324188232421875,7.155106544494629,0,train
12,he_ee4bcc,6.978310585021973,6.617077827453613,0,train
12,le_bc79cd,6.829787731170654,6.015981197357178,0,validation
12,he_0e1b16,7.930270195007324,8.118857383728027,0,validation
12,he_d16357,7.269338130950928,7.069786548614502,0,train
12,he_28e587,6.764692306518555,5.760904788970947,0,train
12,he_41a754,6.906454086303711,5.711734771728516,0,train
12,le_70d46f,5.964770793914795,6.033320426940918,0,validation
12,le_ffbca1,8.44802474975586,7.749688625335693,0,train
12,he_616252,7.30064058303833,7.1362152099609375,0,train
12,he_a4594f,6.386319160461426,6.063737392425537,0,train
12,le_b8feee,6.161294937133789,7.599246501922607,0,train
12,le_eb9660,7.1925153732299805,6.490290641784668,0,train
12,le_363c70,8.694677352905273,7.346121311187744,0,train
12,le_6bde61,9.292418479919434,7.874937534332275,0,validation
12,le_c04ae8,7.715213775634766,8.921622276306152,0,validation
12,he_4a3727,8.548419952392578,9.48846435546875,0,train
12,le_c880b0,7.958637237548828,8.221930503845215,0,validation
12,le_766228,7.635660648345947,6.724651336669922,0,validation
12,le_9c4270,5.245957374572754,5.258544445037842,0,train
12,he_87d8a7,8.373716354370117,8.905990600585938,0,validation
12,he_8feb2d,7.991931438446045,7.267747402191162,0,validation
12,he_f01b48,7.64762544631958,7.6595587730407715,0,validation
12,le_58079b,5.560791969299316,5.92732048034668,0,train
12,le_5088b4,8.63523006439209,8.02276611328125,0,train
12,he_6528fe,6.07469367980957,5.209209442138672,0,validation
12,le_aa12de,7.429388999938965,6.437809944152832,0,train
12,he_3d059e,7.86668586730957,8.036796569824219,0,train
12,le_feadea,6.063674449920654,5.849587917327881,0,train
12,he_0724b7,8.45478630065918,8.51871109008789,0,validation
12,he_cd16a6,5.521070957183838,4.550805568695068,0,validation
12,le_5b76d0,6.150722026824951,5.956526756286621,0,validation
12,he_dfc951,7.623020648956299,7.619574546813965,0,validation
12,he_ff9f62,5.555642604827881,4.680638313293457,0,validation
12,le_7a26ee,7.444661617279053,8.226323127746582,0,validation
12,le_3fc415,6.752015113830566,7.387969970703125,0,train
12,he_79241f,6.759371280670166,7.134368896484375,0,train
12,he_51d69d,7.637695789337158,8.127738952636719,0,validation
12,he_660f4d,7.474073886871338,7.388264179229736,0,train
12,le_69cfdb,5.486299991607666,5.489774703979492,0,train
12,le_472126,8.309773445129395,7.193634033203125,0,train
12,le_4c7bcc,6.460448741912842,7.4110283851623535,0,train
12,he_7d5015,8.2483491897583,9.103378295898438,0,validation
12,he_da468b,6.746065616607666,6.641430854797363,0,validation
12,le_a1bed9,8.121527671813965,7.3029022216796875,0,train
12,he_b190e2,8.041718482971191,9.967144012451172,0,train
12,le_322936,6.311767101287842,5.772677421569824,0,train
12,le_39ed4e,5.629114627838135,5.768403053283691,0,train
12,he_139129,7.989460468292236,7.985102653503418,0,train
12,he_4615cf,6.659437656402588,7.598800182342529,0,validation
12,he_910819,6.347537517547607,6.066226959228516,0,validation
12,he_03ff44,6.876532077789307,6.5005316734313965,0,validation
12,he_c5228c,7.782966613769531,6.86297082901001,0,train
12,le_510ee4,6.494656562805176,7.9316487312316895,0,validation
12,le_01c1d1,7.290289878845215,8.424678802490234,0,train
12,he_be5e6c,6.946934223175049,6.565476417541504,0,validation
12,he_035cdd,6.777581691741943,6.3048319816589355,0,validation
12,le_83ec82,6.278353214263916,5.620465278625488,0,train
12,le_10bdc8,5.790167808532715,6.02887487411499,0,train
12,he_08841b,5.9407958984375,5.161315441131592,0,validation
12,le_1438c8,6.835504531860352,6.5094804763793945,0,train
12,le_28ff23,6.335132122039795,6.544004440307617,0,validation
12,le_26094c,7.7740092277526855,7.537068843841553,0,validation
12,he_5bb743,7.256904125213623,7.024637222290039,0,train
12,le_400c54,6.459449768066406,5.48838996887207,0,train
12,le_044ad6,6.005399227142334,5.856726169586182,0,validation
12,le_63f66e,5.6035966873168945,4.93321418762207,0,train
12,le_9f1d40,6.098696231842041,5.616662979125977,0,validation
12,le_59dd77,8.068516731262207,7.485127925872803,0,validation
12,he_05a66f,6.964517116546631,6.595621109008789,0,train
12,he_758929,6.328919410705566,6.694863796234131,0,validation
12,le_acce2f,6.277549743652344,5.91713809967041,0,validation
12,he_ab9692,6.731749534606934,6.283358097076416,0,train
12,he_b5456c,6.265707015991211,5.58429479598999,0,validation
12,le_bc7d24,6.490762710571289,7.854299068450928,0,train
12,le_801110,6.309168815612793,5.628706455230713,0,train
12,le_eaae1c,7.022259712219238,6.741613864898682,0,validation
12,he_708f00,7.317979335784912,7.8811492919921875,0,train
12,le_b43f6c,7.4176740646362305,7.454569339752197,0,validation
12,le_590a7e,5.754917621612549,5.389378547668457,0,validation
12,le_130ed1,5.956661701202393,5.689772129058838,0,train
12,he_f65738,8.710586547851562,10.424382209777832,0,train
12,he_a779a4,6.927891254425049,6.538645267486572,0,validation
12,he_13dd33,6.686173915863037,5.743444442749023,0,validation
12,le_9ab3c8,5.857634544372559,5.384087085723877,0,validation
12,he_37695e,4.564116477966309,5.17362642288208,0,validation
12,he_715e4a,6.566648006439209,6.035706520080566,0,validation
12,le_cf14b0,6.186864852905273,6.186864852905273,0,train
12,le_458c04,5.850051403045654,5.204105854034424,0,validation
12,le_321164,6.8225579261779785,7.3097920417785645,0,train
12,he_69af03,6.857192516326904,6.428670406341553,0,train
12,he_3179bb,7.19166374206543,5.7871246337890625,0,train
12,le_1a2bdc,6.768580436706543,7.919338703155518,0,train
12,le_6d4621,5.99388313293457,5.685784816741943,0,validation
12,le_f6fa0e,7.203326225280762,6.192110538482666,0,validation
12,le_8ee86d,6.91205358505249,6.526314735412598,0,validation
12,he_6fcaa9,6.81194543838501,6.358285427093506,0,validation
12,le_c1040c,8.695281028747559,8.29255485534668,0,validation
12,he_4cb4e1,7.040435314178467,6.713714599609375,0,validation
12,le_bc95e6,7.311700820922852,7.378079414367676,0,validation
12,le_a07c3a,7.260152816772461,7.462579250335693,0,validation
12,he_83c6f7,7.902305603027344,8.073413848876953,0,train
12,le_49d277,7.0473952293396,5.985898494720459,0,validation
12,le_87d2fd,6.331147193908691,5.6875762939453125,0,train
12,le_ba271f,7.416014671325684,7.0032572746276855,0,validation
12,le_1a29b0,6.557064533233643,6.310444355010986,0,train
12,he_279227,7.957523345947266,8.753896713256836,0,validation
12,le_05a5f2,6.0861496925354,5.700977325439453,0,validation
12,le_ac3893,6.509607315063477,5.598567008972168,0,validation
12,he_d65115,7.953512668609619,9.524477005004883,0,validation
12,le_fa9cc3,7.73106050491333,8.05395221710205,0,validation
12,le_b0fdf1,6.453191757202148,6.083512783050537,0,validation
12,le_5a52c0,6.918576240539551,8.73068618774414,0,validation
12,he_d1f643,7.004745960235596,5.563181400299072,0,validation
12,le_d20bd3,7.730734825134277,6.883759021759033,0,train
12,he_992e41,6.629388332366943,6.043270111083984,0,train
12,le_cc6043,5.723208904266357,4.9970479011535645,0,validation
12,he_c8b376,6.761874675750732,6.550854682922363,0,train
12,le_d21039,8.041157722473145,7.134288311004639,0,validation
12,le_5b5cf8,6.444056987762451,6.110086441040039,0,train
12,he_56e7b9,7.29625940322876,6.097750186920166,0,train
12,le_4229e2,6.609841346740723,6.823702335357666,0,validation
12,le_1a2492,7.2464728355407715,8.266031265258789,0,validation
12,he_deb7c1,6.514825344085693,7.911504745483398,0,validation
12,le_4f31ff,7.60247802734375,7.844308376312256,0,validation
12,he_221288,7.898538112640381,10.103800773620605,0,validation
12,le_7b2aea,7.879715442657471,8.900164604187012,0,train
12,le_8045b0,7.080533504486084,6.358263969421387,0,train
12,he_537134,7.068793296813965,6.757826805114746,0,validation
12,he_2fe81b,6.482725620269775,5.944581031799316,0,validation
12,he_a962bf,7.466961860656738,7.485710620880127,0,validation
12,le_50582c,7.189750671386719,6.05791711807251,0,validation
12,he_f55329,6.378992557525635,5.754223346710205,0,validation
12,he_43d1e1,7.155838489532471,7.597103595733643,0,validation
12,he_4ec47d,6.821680068969727,6.349334716796875,0,validation
12,le_f28e73,7.2014241218566895,6.547447204589844,0,validation
12,le_37a2d1,7.2417731285095215,7.315404891967773,0,train
12,he_c20788,6.94270658493042,6.56169319152832,0,validation
12,le_764df2,6.946962833404541,6.973738193511963,0,validation
12,he_c6590f,6.193558216094971,5.476071357727051,0,train
12,he_60ed0a,5.777556419372559,4.995015621185303,0,validation
12,he_5df55a,8.97102165222168,11.704638481140137,0,validation
12,he_734cd1,5.958018779754639,5.875133514404297,0,train
12,le_de6e1e,5.867268085479736,6.21926736831665,0,validation
12,le_b4482a,6.493454933166504,5.924386024475098,0,validation
12,he_57a478,7.228279113769531,7.005916118621826,0,validation
12,le_0af460,6.542441368103027,6.393249034881592,0,validation
12,le_f0d06e,9.2491455078125,7.905712127685547,0,train
12,le_1c128f,8.1746826171875,7.795481204986572,0,train
12,le_a85ddb,7.198066234588623,6.525913238525391,0,validation
12,he_85af94,6.850712299346924,6.418590545654297,0,train
12,he_63befa,6.161355972290039,5.482128143310547,0,validation
12,he_652056,8.05389404296875,9.225570678710938,0,validation
12,he_0d36d6,6.919707775115967,6.52591609954834,0,train
12,le_e0fa5c,6.431249618530273,5.56266450881958,0,validation
12,he_48966d,7.621096134185791,7.858583450317383,0,train
12,le_4d537b,5.958909034729004,5.666032791137695,0,validation
12,le_9d8415,6.082100868225098,5.341023921966553,0,validation
12,he_487634,8.705625534057617,9.441082000732422,0,train
12,le_5ca495,7.243125915527344,7.0258965492248535,0,train
12,he_3caee5,7.9497151374816895,9.397022247314453,0,train
12,le_a61898,7.993231773376465,7.7284836769104,0,validation
12,he_6effe8,6.723115921020508,6.3366217613220215,0,validation
12,le_01c9ec,7.050844669342041,6.388637065887451,0,train
12,le_b8397b,6.288877010345459,5.962579727172852,0,train
12,he_94fd55,7.682400226593018,7.716067790985107,0,validation
12,le_01f7f4,8.086524963378906,7.914856433868408,0,validation
12,le_3730f0,7.851779460906982,7.493097305297852,0,train
12,le_d66bd6,7.945602893829346,8.061935424804688,0,train
12,le_4356f8,7.941003322601318,7.277109146118164,0,validation
12,le_0155ee,6.067498207092285,9.09716796875,0,validation
12,he_380d40,7.63215446472168,7.634418964385986,0,train
12,le_1bd9fa,6.477047920227051,6.271018981933594,0,train
12,he_195589,6.999518871307373,6.650066375732422,0,validation
12,le_4f6999,7.854068279266357,7.806849956512451,0,train
12,he_d5d6ab,7.275463581085205,7.054795265197754,0,train
12,he_c90fcd,6.744744777679443,6.635897636413574,0,validation
12,le_3ccf61,7.702600002288818,8.102709770202637,0,validation
12,le_b9c5c4,7.86834716796875,7.582845211029053,0,train
12,le_a6ce35,7.893852710723877,7.840447902679443,0,train
12,le_12c34b,5.9765472412109375,5.2584028244018555,0,validation
12,le_7c71da,5.87212610244751,5.03541898727417,0,validation
12,he_dbbed2,7.489941120147705,7.412946701049805,0,train
12,he_fcf200,6.544465065002441,6.002432346343994,0,validation
12,le_84b6bb,6.626320838928223,6.032392501831055,0,train
12,he_1f22c4,7.089426040649414,7.393350124359131,0,train
12,le_a9f11f,8.311905860900879,7.0185699462890625,0,validation
12,le_1911ce,8.791298866271973,10.000452995300293,0,validation
12,he_0d9235,7.003574848175049,8.330770492553711,0,validation
12,le_83decd,8.710644721984863,10.004912376403809,0,validation
12,he_412004,7.866463661193848,8.015172004699707,0,validation
12,he_9910b5,7.104952812194824,6.814075946807861,0,train
12,he_98349a,6.510780334472656,6.479861259460449,0,validation
12,le_404d16,6.915250778198242,6.234866142272949,0,train
12,le_00eeb2,7.725066661834717,8.817167282104492,0,train
12,le_1ccf16,7.386862754821777,8.207257270812988,0,validation
12,le_7261d3,5.775323867797852,5.112667083740234,0,train
12,le_45d4cb,5.88992166519165,5.448244094848633,0,validation
12,le_694adb,7.01075553894043,6.615570545196533,0,train
12,le_70cf78,9.12814998626709,8.669745445251465,0,validation
12,he_e97c8c,6.96059513092041,6.626626014709473,0,train
12,he_0a5ec7,6.776193141937256,6.3500237464904785,0,train
12,he_40a91b,7.641262531280518,6.908869743347168,0,validation
12,he_cdc607,6.758537769317627,5.985506534576416,0,train
12,he_89ad62,7.1888580322265625,7.904516220092773,0,train
12,le_8deff5,6.684290409088135,6.752719879150391,0,validation
12,he_e1a03a,5.875129222869873,5.42340612411499,0,validation
12,le_52447f,7.471253871917725,6.842546463012695,0,validation
12,he_fb1124,8.609893798828125,11.566117286682129,0,train
12,le_523a81,5.692302227020264,5.389106750488281,0,validation
12,he_5608ba,6.671594619750977,6.222352027893066,0,train
12,le_8198ec,9.360810279846191,7.962375164031982,0,train
12,he_d85c04,7.492535591125488,7.407537460327148,0,validation
12,he_403257,8.13424301147461,8.195093154907227,0,train
12,le_e568c3,6.441103935241699,6.031492233276367,0,train
12,he_86eeae,5.186768054962158,6.002191066741943,0,validation
12,le_dfd822,8.50781536102295,10.308955192565918,0,train
12,le_c50a04,6.018510341644287,7.8177809715271,0,train
12,le_8de934,6.572560787200928,7.347981929779053,0,train
12,he_47238e,6.720187664031982,6.215551853179932,0,validation
12,he_d6039a,6.242873191833496,7.190903663635254,0,validation
12,le_29fc1c,9.17046070098877,8.569014549255371,0,validation
12,he_076917,6.065846920013428,5.307695388793945,0,validation
12,le_91c567,6.151413917541504,5.884214878082275,0,validation
12,le_f58d84,6.87726354598999,6.462774276733398,0,validation
12,he_f0d231,6.447980880737305,5.951580047607422,0,validation
12,le_7427b9,6.312148094177246,6.776103496551514,0,validation
12,le_7716d1,8.314042091369629,9.13686466217041,0,validation
12,he_0db92b,6.510676860809326,5.951749324798584,0,train
12,le_6975d5,7.6025238037109375,7.625947952270508,0,train
12,he_4f7ff0,6.99138879776001,8.317038536071777,0,validation
12,he_e7fbc9,7.980702877044678,7.756275177001953,0,train
12,he_6c7977,7.691822528839111,7.73137903213501,0,validation
12,le_83615b,8.917542457580566,9.167049407958984,0,train
12,le_e50e4d,6.508135795593262,5.692499160766602,0,train
12,he_feda4e,7.554933547973633,8.993000984191895,0,validation
12,he_056a76,9.496818542480469,11.138761520385742,0,train
12,le_a0c615,6.923009872436523,6.814112186431885,0,train
12,he_25e97e,7.9564619064331055,8.161418914794922,0,train
12,he_b85d24,7.942042827606201,8.795144081115723,0,validation
12,le_c470c6,7.715497016906738,8.091175079345703,0,validation
12,he_e554b0,6.753598213195801,6.267523765563965,0,train
12,le_a8ce41,6.1960601806640625,7.9449615478515625,0,train
12,le_56f182,5.8278350830078125,6.575374603271484,0,train
12,le_5ff624,8.287339210510254,8.182315826416016,0,validation
12,le_c3a6f8,7.070437431335449,6.371532917022705,0,validation
12,le_2f43e7,7.9061102867126465,8.376355171203613,0,train
12,le_0bda07,7.006911754608154,7.3018107414245605,0,validation
12,le_f39982,6.031157493591309,5.671585559844971,0,train
12,he_0fab59,6.4133710861206055,5.805790901184082,0,validation
12,le_a1c863,6.610517501831055,6.100787162780762,0,train
12,he_512e0a,8.036712646484375,8.503679275512695,0,train
12,le_2ba026,7.072050094604492,7.13870096206665,0,train
12,he_2044e1,7.35994291305542,6.393985748291016,0,validation
12,he_552813,7.066920757293701,6.922917366027832,0,train
12,he_caef9f,5.943998336791992,5.16597318649292,0,train
12,he_bf08f5,7.517004489898682,8.16722583770752,0,validation
12,he_959231,7.1511712074279785,7.139573574066162,0,validation
12,le_2c1c76,6.044518947601318,5.728971481323242,0,train
12,he_b63add,7.245887756347656,7.033308029174805,0,train
12,he_a2b8a1,7.5178327560424805,7.448646068572998,0,validation
12,le_8578d9,8.532876014709473,8.014228820800781,0,train
12,le_b41a4d,6.535531997680664,6.520856857299805,0,validation
12,le_80446d,7.063630104064941,5.815759658813477,0,train
12,le_e8dc06,6.211846351623535,5.937381744384766,0,train
12,le_226bc8,6.8920722007751465,6.694528579711914,0,train
12,le_fa7d2c,5.886171817779541,5.415339946746826,0,validation
12,he_063fc0,7.2774882316589355,6.02360200881958,0,train
12,he_affe4b,7.057259559631348,6.73988676071167,0,validation
12,le_55232c,8.111176490783691,7.557339668273926,0,validation
12,he_01cfbe,7.832071781158447,7.959283828735352,0,validation
12,le_6cbd20,8.994190216064453,9.922917366027832,0,validation
12,he_4fd2c6,6.5421319007873535,5.998931884765625,0,validation
12,le_d07324,7.303462505340576,6.151535511016846,0,validation
12,he_149c5b,7.141854286193848,6.871478080749512,0,train
12,he_7b0696,6.850493431091309,6.418249607086182,0,train
12,le_5ff0f8,6.510138034820557,7.286518096923828,0,validation
12,he_bfbfe0,6.296730995178223,5.63083028793335,0,validation
12,le_2c1fd3,5.716688632965088,6.425785064697266,0,train
12,he_113880,7.238528728485107,7.121121406555176,0,train
12,he_43444c,6.298158168792725,5.632972240447998,0,train
12,he_63e860,8.799126625061035,13.542794227600098,0,train
12,he_30ba2d,6.674154281616211,6.19696569442749,0,validation
12,he_b516c8,6.8004469871521,6.340399742126465,0,validation
12,he_061e2c,7.653855800628662,7.671945095062256,0,train
12,le_430535,7.131735324859619,7.687000274658203,0,validation
12,le_2ce311,7.371771812438965,7.228170871734619,0,validation
12,le_9a7a59,6.880970478057861,6.745261192321777,0,train
12,le_54d379,6.777847766876221,5.861684322357178,0,train
12,le_52b809,7.774166584014893,8.760191917419434,0,train
12,le_f66fec,6.1211934089660645,5.734965801239014,0,train
12,he_d9b3a0,6.561662197113037,6.028226852416992,0,validation
12,le_2e65e7,6.123082160949707,7.155641555786133,0,validation
12,le_eb89a4,7.545607089996338,7.45961332321167,0,validation
12,he_a7bf3c,6.972325801849365,6.562197685241699,0,validation
12,le_275fa9,8.085477828979492,8.679688453674316,0,train
12,he_16c2e2,6.668661594390869,6.188724994659424,0,train
12,le_763996,7.807903289794922,6.219396591186523,0,validation
12,le_c9ff75,8.101340293884277,7.68069314956665,0,validation
12,le_eb4323,7.101804256439209,6.168929576873779,0,validation
12,he_0935e0,6.8371429443359375,6.171701431274414,0,validation
12,le_28d5fc,7.682533264160156,6.249999046325684,0,train
12,le_f85aef,7.127774238586426,6.607197284698486,0,train
12,he_8743aa,7.570192813873291,7.533730506896973,0,validation
12,he_77325b,7.089603424072266,6.790199279785156,0,train
12,le_194430,7.0529069900512695,6.402213096618652,0,train
12,he_0d978a,7.2731757164001465,7.075756549835205,0,validation
12,he_d5d228,7.184600353240967,7.641045570373535,0,train
12,he_703227,6.690408229827881,5.9457197189331055,0,validation
12,he_01e8ed,6.321378231048584,5.667801856994629,0,train
12,he_5785c0,6.685378074645996,6.213800430297852,0,validation
12,le_e7ceaf,7.520759105682373,7.151791572570801,0,validation
12,he_11ed24,6.2989654541015625,5.634181499481201,0,validation
12,he_f65f6e,6.613589763641357,5.833160400390625,0,validation
12,he_726d3f,6.834855556488037,6.43801736831665,0,validation
12,le_dd8888,6.290371417999268,5.453953742980957,0,train
12,le_d042c2,6.972661972045898,6.519161224365234,0,train
12,le_39c6ce,6.845988750457764,6.603679656982422,0,validation
12,he_ab7281,6.821075439453125,6.372488021850586,0,train
12,he_019042,6.6526103019714355,5.7618255615234375,0,validation
12,le_d52c87,6.768352508544922,6.552952289581299,0,validation
12,he_112f6d,6.6634626388549805,6.180928707122803,0,validation
12,le_4528f1,8.489867210388184,6.8785834312438965,0,train
12,he_711892,6.437991142272949,7.534665107727051,0,validation
12,le_34558e,5.7540788650512695,4.921995639801025,0,train
12,he_8066c3,7.570742607116699,7.53462553024292,0,train
12,he_fe4ada,7.466920852661133,8.607218742370605,0,validation
12,le_58b819,9.084320068359375,8.628291130065918,0,train
12,he_eae292,7.493526935577393,7.41852331161499,0,validation
12,he_14019f,6.354581832885742,6.587231636047363,0,validation
12,he_673c7e,6.985398769378662,6.6638336181640625,0,train
12,he_d5db57,7.088747978210449,6.601421356201172,0,validation
12,le_7badf8,6.849760055541992,6.048449516296387,0,validation
12,le_912a2a,7.5210981369018555,7.819985866546631,0,train
12,he_95ee8c,7.331043243408203,7.165770530700684,0,validation
12,le_8761f6,7.134624481201172,6.271459579467773,0,validation
12,le_5d7507,7.220760822296143,7.7098002433776855,0,train
12,le_5863fc,6.939151287078857,6.851955413818359,0,validation
12,he_853422,7.226799488067627,7.00361442565918,0,validation
12,he_4e43b9,7.7565388679504395,7.0790300369262695,0,train
12,he_a39ebf,7.0179123878479,8.657760620117188,0,validation
12,le_80e3b0,5.966410160064697,5.95643949508667,0,train
12,le_e11ea9,6.566378593444824,5.990076541900635,0,validation
12,he_e69885,6.526750087738037,5.975859642028809,0,train
12,le_5d62d2,6.231984615325928,5.636116981506348,0,train
12,le_a8ce3a,7.7462615966796875,7.484561920166016,0,validation
12,he_477534,6.993129730224609,7.300320625305176,0,train
12,he_4528d8,7.343865871429443,6.42371129989624,0,validation
12,le_315c9d,6.2429022789001465,5.97659158706665,0,train
12,he_9c907a,7.990836143493652,9.356914520263672,0,train
12,he_bc8ef0,6.3258514404296875,5.6745100021362305,0,validation
12,le_ff4463,7.30794620513916,7.228915691375732,0,train
12,he_b63a86,6.971010208129883,8.117192268371582,0,validation
12,le_6fe94c,5.852314472198486,5.971362590789795,0,train
12,le_b554e0,6.391171455383301,5.599366188049316,0,validation
12,he_905478,6.318282604217529,5.50767707824707,0,validation
12,le_ae27bc,6.503757476806641,6.322655200958252,0,validation
12,le_86dde0,6.765342712402344,6.642409801483154,0,validation
12,le_3235a7,6.0628790855407715,5.8446125984191895,0,train
12,le_560bc5,7.606131076812744,8.093354225158691,0,validation
12,le_b2d8a4,7.050652980804443,7.060345649719238,0,train
12,he_57b66a,7.301626205444336,8.705669403076172,0,train
12,he_8b6e8a,6.676117420196533,6.146998882293701,0,train
12,he_0ad37b,7.617920398712158,7.612024307250977,0,validation
12,he_1f1796,7.3471150398254395,7.19077205657959,0,validation
12,he_c788c4,6.679022789001465,10.676910400390625,0,train
12,le_3e0c8b,6.201165676116943,5.708842754364014,0,validation
12,le_ad29d4,8.41026782989502,8.873275756835938,0,validation
12,he_9ead18,6.746190071105957,7.124594688415527,0,train
12,le_a9c8e7,6.740370273590088,8.599011421203613,0,train
12,he_fa775e,8.484131813049316,11.25310230255127,0,train
12,he_6eb3b7,5.684787273406982,5.9940690994262695,0,train
12,le_b68792,7.492464065551758,7.459559917449951,0,train
12,le_7491ba,6.473717212677002,5.962246894836426,0,train
12,le_155906,8.086997032165527,8.578392028808594,0,validation
12,le_71250d,8.854766845703125,6.874495983123779,0,train
12,he_945b84,6.035656929016113,5.2992939949035645,0,validation
12,le_767019,8.283736228942871,8.09602165222168,0,validation
12,le_bea3b5,6.371988773345947,6.187932968139648,0,validation
12,le_1a7ab7,5.3847503662109375,6.461429595947266,0,train
12,he_0445e3,6.811882972717285,6.720204830169678,0,validation
12,he_ebb18a,6.409217357635498,5.482315540313721,0,train
12,he_04607e,6.408546447753906,5.798553943634033,0,train
12,le_8dffb2,6.402209281921387,5.805869102478027,0,validation
12,he_bf7958,6.8853325843811035,5.898020267486572,0,validation
12,he_865b01,6.917564868927002,6.522582054138184,0,validation
12,he_5422d6,6.7636332511901855,6.2831339836120605,0,validation
12,le_1b77f0,6.006997585296631,6.475630760192871,0,validation
12,he_061f19,6.550192356109619,6.067089080810547,0,train
12,le_ab66f0,6.034250259399414,5.655924320220947,0,train
12,le_33de79,7.758172512054443,8.92853832244873,0,validation
12,he_4d16d8,7.963842868804932,8.589408874511719,0,train
12,he_7141aa,5.9362382888793945,5.453486442565918,0,validation
12,le_b7b78e,6.096738338470459,5.991458415985107,0,train
12,le_341408,6.112701892852783,7.63124942779541,0,validation
12,he_e7f057,5.802192211151123,5.0299153327941895,0,validation
12,le_c975ec,6.477000713348389,6.0317487716674805,0,train
12,he_b9dc56,6.351619243621826,5.713162899017334,0,validation
12,he_b9ba5e,7.552412986755371,8.396774291992188,0,train
12,le_3ef247,8.734373092651367,9.342606544494629,0,validation
12,le_945414,6.363584995269775,7.012871742248535,0,train
12,le_73a0f6,5.939895153045654,5.200200080871582,0,validation
12,le_f790ca,6.435271739959717,5.7201385498046875,0,train
12,le_3c1dbd,9.162528038024902,8.39733600616455,0,train
12,he_ac375a,7.697210788726807,8.765542030334473,0,validation
12,he_d0547e,7.703433513641357,7.5600738525390625,0,train
12,le_0e80d9,6.101556301116943,6.083589553833008,0,train
12,he_9a731c,6.578485012054443,6.5864691734313965,0,validation
12,he_442910,6.383820056915283,6.695313453674316,0,validation
12,le_ae71bb,6.749648094177246,6.238039016723633,0,validation
12,he_0c8461,8.381876945495605,10.64772891998291,0,validation
12,le_36906d,7.75067138671875,7.39730978012085,0,validation
12,he_c72991,7.541635990142822,7.4933600425720215,0,train
12,le_698ed0,7.344981670379639,5.8002824783325195,0,train
12,le_2f8b4e,6.398656368255615,6.4634623527526855,0,validation
12,le_096a5a,6.452145099639893,5.445486068725586,0,train
12,he_b62509,6.496718406677246,5.86793327331543,0,validation
12,le_ad984a,8.712197303771973,7.350534439086914,0,train
12,he_2aef37,6.522094249725342,6.716579437255859,0,validation
12,le_4e404a,5.833293914794922,5.428228855133057,0,train
12,he_8f57fb,7.316906452178955,7.1437811851501465,0,train
12,he_10c218,6.596209526062012,7.0299177169799805,0,train
12,he_a7eb16,7.282413005828857,7.09012508392334,0,train
12,le_157346,6.700428009033203,6.634045600891113,0,train
12,he_4c56d3,7.584506034851074,7.556991100311279,0,validation
12,le_875512,6.098930835723877,5.654124736785889,0,validation
12,le_f593c2,6.017221927642822,6.008671283721924,0,train
12,le_43f436,7.546275615692139,8.184974670410156,0,train
12,he_fa6948,6.7765793800354,7.692834854125977,0,validation
12,he_cc58af,6.522989749908447,6.648203372955322,0,train
12,le_9aabb9,6.868472099304199,6.810174942016602,0,train
12,he_256c48,7.076011657714844,6.7690558433532715,0,validation
12,he_301a3e,7.986507892608643,8.21024227142334,0,train
12,he_bda96d,6.772239685058594,6.7358078956604,0,validation
12,le_d031d2,6.464541912078857,6.626115798950195,0,train
12,he_935b9f,7.9474897384643555,7.585794925689697,0,train
12,he_f51b67,5.924781799316406,5.138021945953369,0,train
12,le_1223ad,5.746453285217285,5.26740837097168,0,validation
12,le_59e8c6,7.625448703765869,7.349609851837158,0,train
12,he_fd9c4c,8.062209129333496,8.333256721496582,0,train
12,he_4e95fa,8.139161109924316,9.363137245178223,0,train
12,he_5863f3,6.989526748657227,7.061934471130371,0,train
12,le_327267,6.22388219833374,5.758774757385254,0,validation
12,le_d61b54,8.716448783874512,7.947103023529053,0,validation
12,he_69475d,7.0921173095703125,6.756859302520752,0,validation
12,he_f152e5,6.726016521453857,6.2747602462768555,0,train
12,le_5704eb,8.170004844665527,7.0082855224609375,0,validation
12,le_c5b6c0,7.548131942749023,7.260561943054199,0,validation
12,he_90123f,8.039358139038086,8.318334579467773,0,train
12,he_0bee72,7.290712833404541,7.103034973144531,0,validation
12,he_68742b,7.412506580352783,7.2924933433532715,0,validation
12,he_b7e84d,6.627308368682861,6.126696586608887,0,validation
12,he_765035,7.097488880157471,7.068450927734375,0,train
12,le_e7dcfd,6.308313846588135,6.249919891357422,0,validation
12,he_a9942d,7.344182968139648,7.58999490737915,0,validation
12,he_d1ef4d,6.861093521118164,6.4244890213012695,0,validation
12,le_f9fcdf,6.556431770324707,6.483589172363281,0,validation
12,he_b2fbe6,7.993577003479004,8.221729278564453,0,train
12,le_338fc2,6.536994934082031,5.977869987487793,0,validation
12,he_51a0c7,6.461650848388672,5.993941307067871,0,validation
12,le_77f475,7.510245323181152,8.593148231506348,0,validation
12,le_0e684b,8.44035816192627,8.603596687316895,0,validation
12,he_19058d,5.604618072509766,4.7500200271606445,0,train
12,he_b5f00f,5.481090545654297,4.575022220611572,0,train
12,he_1ef995,7.66679573059082,7.208850860595703,0,train
12,he_844d39,6.471872806549072,5.829284191131592,0,train
12,he_ae8e9c,6.967309951782227,5.952718257904053,0,train
12,le_6035f7,5.985141277313232,5.641746997833252,0,train
12,he_0a3039,6.04550313949585,7.578194618225098,0,train
12,le_550d25,6.490660190582275,6.908466339111328,0,validation
12,le_ec27a1,6.829135894775391,6.1890549659729,0,validation
12,he_f77454,7.247272968292236,6.7147417068481445,0,validation
12,le_d7795e,6.514945030212402,6.661689758300781,0,train
12,le_1c7c91,6.43631649017334,6.287313461303711,0,validation
12,he_8a99f7,8.0130033493042,8.8071870803833,0,train
12,le_d1964b,7.29720401763916,8.306266784667969,0,validation
12,he_2dc55e,6.8898420333862305,7.414389133453369,0,train
12,le_8cccbf,7.3408002853393555,7.890078067779541,0,validation
12,le_25d7bf,6.750931739807129,6.534114837646484,0,train
12,le_d83883,7.62968111038208,8.013728141784668,0,validation
12,he_5893a2,7.110192775726318,8.00623893737793,0,train
12,he_5b4ec1,7.759165287017822,7.852475166320801,0,train
12,le_adb773,7.405349254608154,7.025044918060303,0,validation
12,he_d66410,7.2175445556640625,7.681408405303955,0,validation
12,he_d91d52,8.272807121276855,10.414875030517578,0,train
12,le_497c69,6.766189098358154,7.4799418449401855,0,validation
12,he_b70236,6.6712117195129395,6.192551612854004,0,train
12,le_ecfb48,6.84385871887207,6.807868003845215,0,train
12,he_4caf0f,6.967702865600586,8.168830871582031,0,train
12,he_f7f5b8,7.331661224365234,7.166733741760254,0,train
12,he_8b8e73,6.383039951324463,5.760293483734131,0,validation
12,he_df76e7,5.958856582641602,5.187585830688477,0,train
12,le_384eec,6.50340461730957,5.476653099060059,0,train
12,he_6a3ff1,6.17410135269165,5.500668048858643,0,train
12,le_af2269,7.1297478675842285,7.121935844421387,0,validation
12,he_91e872,6.248373031616211,5.558293342590332,0,train
12,he_92a1d4,5.954047679901123,5.180588245391846,0,train
12,le_58503c,6.484969139099121,5.588531494140625,0,validation
12,le_9827be,6.437867641448975,6.5396809577941895,0,validation
12,he_0a2e7a,6.019865989685059,5.215531826019287,0,train
12,le_536ce6,5.943980693817139,5.630894184112549,0,validation
12,le_c47bf3,6.38665771484375,6.254142761230469,0,train
12,le_23d7e6,5.993294715881348,5.151711940765381,0,train
12,he_aea985,6.86016845703125,8.048944473266602,0,train
12,he_610a6b,6.542182445526123,5.999007225036621,0,train
12,le_0b5c71,7.537611484527588,6.807709217071533,0,train
12,le_8e17a1,6.568794250488281,6.338464736938477,0,train
12,he_e97a85,6.470047473907471,5.939573287963867,0,train
12,he_baf440,7.450010776519775,6.482508659362793,0,validation
12,he_41f4cd,5.9384636878967285,5.157921314239502,0,validation
12,he_5cb9a5,7.107259273529053,6.73171854019165,0,train
12,le_59e850,6.245227813720703,5.90968656539917,0,train
12,le_130466,7.4475202560424805,7.477580547332764,0,train
12,le_ae10ae,6.839052677154541,6.1127800941467285,0,train
12,le_b57fb4,5.773921489715576,4.9978742599487305,0,validation
12,he_122fc1,7.477381229400635,7.38291072845459,0,validation
12,he_def558,7.353822708129883,7.579154014587402,0,train
12,he_88eef7,7.152139186859131,9.171829223632812,0,train
12,le_56db27,7.572841644287109,6.8599934577941895,0,train
12,le_b72c01,7.148228645324707,7.52655553817749,0,train
12,he_e7e54d,8.158289909362793,9.16446304321289,0,train
12,he_666efe,8.256331443786621,8.64870548248291,0,train
12,le_5f218d,6.200226306915283,5.761940002441406,0,validation
12,le_31327c,7.263210773468018,7.498671054840088,0,validation
12,le_cae6e7,6.854149341583252,6.238624572753906,0,validation
12,he_fdfcef,7.927882194519043,8.11497688293457,0,train
12,le_53b2fd,6.1973724365234375,5.974875450134277,0,train
12,le_72261f,7.938678741455078,5.735263824462891,0,train
12,le_fc3d57,7.445228576660156,7.949199199676514,0,train
12,le_230abf,7.856420040130615,7.3664679527282715,0,validation
12,le_41a3a0,6.66744327545166,6.518754005432129,0,validation
12,he_7a5e63,6.979173183441162,6.618417739868164,0,train
12,le_dfd3b4,8.018080711364746,8.27325439453125,0,validation
12,le_a2fcff,6.961642265319824,6.318843364715576,0,validation
12,le_109683,7.744411468505859,7.382206916809082,0,validation
12,he_7057f3,6.991266250610352,5.690479278564453,0,validation
12,he_558615,7.016230583190918,7.835588455200195,0,train
12,le_e7fc9f,6.762442111968994,6.57847785949707,0,train
12,le_ac7cf7,6.370716571807861,6.125650405883789,0,validation
12,he_9eff37,7.4950175285339355,7.420843124389648,0,validation
12,le_d44ccb,6.412111282348633,5.122775077819824,0,validation
12,le_d60087,5.419554233551025,5.439957141876221,0,train
12,le_9c6ba0,6.058525085449219,7.262912750244141,0,validation
12,he_97db03,8.909735679626465,9.730253219604492,0,train
12,le_ff1ebb,7.474105358123779,7.474105358123779,0,validation
12,le_e9f735,7.485686302185059,8.129942893981934,0,train
12,he_e6d7a6,8.04974365234375,8.313000679016113,0,validation
12,he_97c074,7.827129364013672,8.953961372375488,0,validation
12,le_d969e0,6.52150297164917,6.361639022827148,0,train
12,he_bbc8b7,8.743440628051758,9.875057220458984,0,validation
12,le_1aa1fb,6.057908058166504,5.13257360458374,0,validation
12,le_1c3df3,7.185271739959717,7.432735443115234,0,validation
12,le_b7d8a6,7.206901550292969,6.75596284866333,0,validation
12,he_9b050e,6.5581159591674805,6.022907733917236,0,validation
12,le_d52c28,6.350592136383057,5.298642635345459,0,validation
12,he_3f7fe7,7.244089603424072,7.022648811340332,0,validation
12,he_b3e123,6.734751224517822,6.2382049560546875,0,validation
12,le_1674c0,5.851896286010742,5.276832580566406,0,train
12,le_78f0ed,5.577931880950928,5.450944423675537,0,train
12,he_533155,7.401766300201416,7.275784015655518,0,validation
12,he_d80706,7.903295516967773,10.002492904663086,0,train
12,le_ff18cf,6.531958103179932,5.812429904937744,0,validation
12,le_8a6f35,7.245405673980713,7.572652339935303,0,validation
12,he_2edc16,6.533829212188721,5.925661087036133,0,validation
12,he_4ff1c4,6.719357013702393,8.25776481628418,0,validation
12,he_4f9390,7.721906661987305,8.102075576782227,0,validation
12,le_185d39,8.745798110961914,7.326540470123291,0,train
12,le_9b9745,7.674379348754883,7.304719924926758,0,validation
12,le_91f758,6.309407711029053,5.32359504699707,0,train
12,le_a8ed34,7.639742851257324,7.626410484313965,0,train
12,he_661ccf,7.366706848144531,7.064274787902832,0,train
12,he_37489d,6.806342601776123,8.103363990783691,0,train
12,he_7c68af,8.268449783325195,9.505247116088867,0,train
12,le_838987,5.731573581695557,5.671578884124756,0,train
12,le_f50d64,6.557626724243164,7.649930477142334,0,validation
12,le_417bec,8.068445205688477,8.014352798461914,0,validation
12,le_a6260b,6.217311382293701,5.479329586029053,0,train
12,he_51332a,7.187385559082031,6.7470383644104,0,validation
12,he_1ef686,7.036155700683594,7.006720542907715,0,train
12,le_4b0989,6.1879377365112305,5.639150619506836,0,train
12,le_19c9ac,5.752625465393066,7.165674209594727,0,train
12,he_d79548,6.386467456817627,5.765435218811035,0,validation
12,le_6d15c9,8.190781593322754,7.3032355308532715,0,validation
12,le_5b740a,6.519618511199951,5.796996593475342,0,train
12,le_edf950,6.3460893630981445,5.615344047546387,0,train
12,he_847dab,6.7488813400268555,7.825647830963135,0,train
12,he_a64661,6.865273475646973,6.441241264343262,0,train
12,he_cdf3a4,7.63185453414917,7.608937740325928,0,train
12,he_cabb3d,6.640268802642822,6.14613676071167,0,validation
12,he_e07220,6.114537239074707,5.357540607452393,0,validation
12,le_57ec9b,8.40407943725586,7.757429599761963,0,train
12,he_7556fc,6.876855373382568,6.501017093658447,0,train
12,le_9468b1,9.372954368591309,9.727913856506348,0,validation
12,le_2af127,6.720076084136963,6.66060209274292,0,validation
12,he_9c8a78,5.747271537780762,4.879824638366699,0,train
12,he_2519ee,7.583348274230957,8.71841812133789,0,train
12,he_f84b71,7.000821113586426,6.652093410491943,0,train
12,le_98b680,6.548583984375,5.722879886627197,0,train
12,le_4afc4d,9.135672569274902,8.280884742736816,0,train
12,le_d96176,7.683408260345459,8.626620292663574,0,validation
12,he_859e26,6.500913143157959,6.907937049865723,0,train
12,he_bddd26,6.405579090118408,5.794103145599365,0,train
12,he_f07086,6.585992813110352,7.212306976318359,0,train
12,he_ffbc40,6.0145792961120605,5.2686357498168945,0,train
12,le_a80334,7.260017395019531,6.6800055503845215,0,train
12,le_1b5d46,7.612661838531494,7.290515422821045,0,validation
12,le_f7b80b,5.8563313484191895,5.109460353851318,0,validation
12,le_ceeb48,6.651149272918701,5.534389972686768,0,train
12,he_e187a0,6.213074684143066,4.980020999908447,0,train
12,le_5f97fa,7.695912837982178,7.2212042808532715,0,train
13,le_d069d3,6.8005523681640625,6.903412818908691,0,validation
13,he_47c12f,7.33138370513916,7.10120964050293,0,validation
13,le_64d75a,5.597103595733643,5.618965148925781,0,train
13,le_259d3e,7.701207637786865,8.125500679016113,0,validation
13,he_31fd02,7.4454145431518555,6.720847129821777,0,train
13,he_cb7e90,7.851181983947754,10.38173770904541,0,train
13,he_79e9b7,7.678577899932861,9.299012184143066,0,validation
13,he_eb9923,6.402068138122559,6.620497703552246,0,validation
13,he_fb3ae1,6.434012413024902,5.778168678283691,0,validation
13,he_e12d52,8.08361530303955,8.963966369628906,0,validation
13,le_bf9a36,8.563873291015625,8.233403205871582,0,train
13,he_4a04a2,7.489577293395996,8.219523429870605,0,validation
13,le_b2752d,7.736695766448975,6.823208332061768,0,train
13,le_7aa426,6.970076560974121,8.009222030639648,0,train
13,le_98d6b3,6.8167595863342285,6.957247734069824,0,validation
13,he_0d4150,8.092217445373535,9.973440170288086,0,validation
13,he_a87a9b,7.0408806800842285,7.400613307952881,0,validation
13,le_fde5e8,7.888589382171631,7.772367477416992,0,validation
13,le_78fc9a,7.609102725982666,8.328644752502441,0,train
13,le_749d9e,6.250370025634766,5.853475570678711,0,train
13,le_d82184,7.256814002990723,8.626128196716309,0,validation
13,he_81252f,6.677919387817383,7.732466220855713,0,train
13,le_02764e,7.76563024520874,7.825681686401367,0,train
13,he_bda94e,6.715041160583496,6.199713230133057,0,train
13,le_5f185b,8.148717880249023,8.659619331359863,0,train
13,he_a8615f,6.616171360015869,6.051407814025879,0,train
13,he_929466,7.9435296058654785,8.052995681762695,0,train
13,he_883cb8,7.122605800628662,6.776443004608154,0,validation
13,le_f0530f,7.486064434051514,7.783965587615967,0,train
13,he_1d2579,5.902154445648193,5.766997814178467,0,validation
13,le_9faffe,6.0480828285217285,5.725645065307617,0,validation
13,he_842a1f,6.173062801361084,5.462493419647217,0,train
13,he_bb65e5,7.578342914581299,7.22439432144165,0,validation
13,he_95d87e,7.02064847946167,6.617844581604004,0,train
13,le_c8410f,7.825194358825684,7.572827339172363,0,train
13,le_e7807e,5.720409870147705,5.096851825714111,0,train
13,le_3a63b0,7.963116645812988,7.952815055847168,0,train
13,he_b61f8b,8.082966804504395,8.293758392333984,0,validation
13,he_17f529,6.087463855743408,5.425055980682373,0,train
13,he_34360a,6.476241111755371,5.841513156890869,0,train
13,le_3422e0,7.904435157775879,7.184093475341797,0,validation
13,he_a0069c,8.359369277954102,8.742914199829102,0,train
13,le_ba2a87,5.435271263122559,5.615950584411621,0,train
13,le_66b5ac,8.19512939453125,7.500906467437744,0,validation
13,he_ccbb6e,7.874963760375977,7.946422576904297,0,validation
13,le_4c4592,7.312471866607666,6.592221260070801,0,validation
13,he_2b1023,7.514495372772217,7.369994163513184,0,validation
13,le_ed8708,5.555386543273926,5.175782203674316,0,train
13,he_4ee83e,6.475900650024414,6.8795485496521,0,validation
13,le_49a533,6.964000701904297,5.580631256103516,0,train
13,he_9ce40f,5.727756500244141,4.814776420593262,0,train
13,le_592616,6.5793633460998535,7.750619411468506,0,validation
13,he_76ab15,7.1767449378967285,6.860661029815674,0,validation
13,he_261f83,6.468760967254639,5.830293655395508,0,train
13,le_120b5b,6.561621189117432,5.962297439575195,0,train
13,le_f2acc0,6.8770060539245605,6.854191780090332,0,train
13,he_04551f,7.41637659072876,7.2105512619018555,0,validation
13,he_b9a930,6.294969081878662,5.749147891998291,0,train
13,le_80ca99,6.158721923828125,6.354461669921875,0,validation
13,he_334eb2,6.601873397827148,5.697021007537842,0,validation
13,le_0c2039,6.296542167663574,5.784260272979736,0,validation
13,he_028951,7.0186262130737305,6.655089378356934,0,validation
13,le_d45347,6.51899528503418,5.988948345184326,0,train
13,he_a4529f,6.279715061187744,5.6176228523254395,0,train
13,le_234216,6.699887752532959,5.96368408203125,0,train
13,le_9391b0,8.659982681274414,7.41241979598999,0,train
13,le_454c0b,7.6572957038879395,6.976925849914551,0,validation
13,le_49db1c,8.649500846862793,10.447311401367188,0,validation
13,he_67ae44,6.081458568572998,5.329250335693359,0,train
13,le_3c9f84,7.407157897949219,6.971645832061768,0,validation
13,he_15a710,8.27897834777832,9.002985954284668,0,train
13,he_4be430,6.6987199783325195,7.717745780944824,0,validation
13,he_4435d3,7.369846820831299,6.805659294128418,0,train
13,he_de4bf9,6.662384510040283,6.060544967651367,0,validation
13,he_e361fe,7.281827449798584,7.024122714996338,0,validation
13,he_2e9fb6,6.000729084014893,5.211825370788574,0,train
13,le_b1f4ec,8.12900161743164,6.620551109313965,0,train
13,he_a3611b,6.879766941070557,6.445943355560303,0,validation
13,le_971e6c,6.291966915130615,5.81165885925293,0,validation
13,he_764bec,7.279537677764893,7.020560264587402,0,train
13,he_2b42db,7.327181816101074,7.065610408782959,0,train
13,he_a10557,7.395916938781738,7.201595783233643,0,validation
13,he_5ec5e8,6.661612033843994,5.707736015319824,0,validation
13,le_4677fe,6.736038684844971,8.882527351379395,0,validation
13,le_98525a,7.799007892608643,6.315600395202637,0,validation
13,le_d24988,6.403425216674805,7.478442668914795,0,validation
13,he_37c485,7.413008689880371,7.228181838989258,0,validation
13,he_637e1b,6.604799747467041,6.034351825714111,0,train
13,le_aa9b3d,6.9566802978515625,6.658538818359375,0,validation
13,le_092d88,8.822556495666504,8.885970115661621,0,validation
13,le_d8de43,7.3821306228637695,7.774946212768555,0,train
13,le_68cc09,5.846864223480225,6.921331882476807,0,train
13,le_814b46,6.012657165527344,5.450217247009277,0,validation
13,he_9cff74,7.240713596343994,6.797929286956787,0,train
13,le_96c6d5,8.904553413391113,9.233818054199219,0,validation
13,he_c1196d,8.365684509277344,9.887933731079102,0,train
13,he_5a6c32,6.9810590744018555,6.556258678436279,0,validation
13,he_5d5f7a,7.450879096984863,7.287092208862305,0,train
13,le_3a623c,6.428735256195068,6.155727386474609,0,train
13,le_e7dea5,8.136487007141113,6.6987624168396,0,train
13,he_80b814,6.391718864440918,5.714729309082031,0,validation
13,le_09679c,6.755182266235352,8.273823738098145,0,train
13,le_d4dd8f,5.982126712799072,5.062682151794434,0,validation
13,he_4bfcf6,6.7048869132995605,6.184481620788574,0,train
13,le_8f8e8a,7.545648574829102,6.572908878326416,0,validation
13,he_eff624,7.425745964050293,7.225776672363281,0,train
13,le_b194d6,7.111054420471191,6.295675754547119,0,validation
13,le_b1ae3c,8.940018653869629,7.408719539642334,0,validation
13,he_5597e5,6.9473371505737305,6.50380277633667,0,train
13,he_8a456e,7.87620210647583,7.957766532897949,0,validation
13,he_094848,6.932468891143799,6.48067569732666,0,train
13,le_1c08db,5.987269878387451,5.72613525390625,0,train
13,he_e0689e,6.4560747146606445,6.820133209228516,0,validation
13,le_f1d98c,7.227142333984375,6.307981491088867,0,train
13,le_a818bf,5.718242168426514,5.851412773132324,0,train
13,he_b19ac2,6.8083720207214355,6.339710235595703,0,train
13,he_932e9c,7.454831123352051,7.2730393409729,0,validation
13,he_e1c1ac,7.967391490936279,8.401728630065918,0,validation
13,he_acd142,6.956326484680176,6.517787456512451,0,train
13,le_daf354,7.663302421569824,8.588939666748047,0,train
13,he_c21f8c,6.174255847930908,5.585421085357666,0,train
13,he_929f9b,6.7241291999816895,6.213344573974609,0,validation
13,le_baabbc,6.475767612457275,5.492458820343018,0,train
13,he_4f27f3,7.8848137855529785,7.971761226654053,0,train
13,le_c75cf6,7.078553676605225,7.469110488891602,0,validation
13,he_eaabee,6.828372955322266,7.018791198730469,0,validation
13,he_85fdc1,7.357781887054443,7.142271995544434,0,validation
13,le_d5e0b8,6.208762168884277,5.876886367797852,0,train
13,le_b001cf,7.177679538726807,6.175199508666992,0,validation
13,he_6be05d,7.476495265960693,7.837926864624023,0,train
13,le_870446,6.9292378425598145,6.695361614227295,0,train
13,le_0637ba,6.232186317443848,5.512000560760498,0,train
13,he_8a549e,8.016701698303223,10.00775146484375,0,train
13,le_d025d9,7.467942714691162,6.526027679443359,0,validation
13,he_a26cfb,8.009340286254883,9.274154663085938,0,validation
13,he_836543,7.416418552398682,7.233485698699951,0,train
13,he_b8a511,6.667714595794678,6.068835735321045,0,train
13,le_0623c9,7.020104885101318,6.661970138549805,0,validation
13,he_9b18bc,7.369736194610596,6.447714805603027,0,validation
13,he_685d08,8.484275817871094,10.000109672546387,0,train
13,le_92914d,9.864029884338379,9.410354614257812,0,train
13,he_35b068,5.9056267738342285,6.232933521270752,0,train
13,he_3a40f5,6.255104064941406,5.818052768707275,0,train
13,le_ddbf24,7.038001537322998,7.464122772216797,0,train
13,le_08e1b5,5.94999361038208,7.170619964599609,0,train
13,le_256cce,6.519570827484131,5.319370746612549,0,train
13,he_0e2b7a,8.113853454589844,8.35775375366211,0,validation
13,he_6cfa07,6.849473476409912,7.307240962982178,0,validation
13,he_85ff02,9.408514022827148,10.596240043640137,0,train
13,le_39b3e3,7.129322052001953,6.724430084228516,0,train
13,he_351fa1,6.256913185119629,5.512521266937256,0,validation
13,le_d2662d,6.527488708496094,6.4535231590271,0,train
13,he_6e2164,6.6214070320129395,6.059262275695801,0,validation
13,he_321338,7.12703800201416,6.783337593078613,0,train
13,he_b9c59b,7.598060607910156,7.505787372589111,0,train
13,he_5ba506,7.629144191741943,7.0396928787231445,0,train
13,he_955633,6.472991466522217,5.836638450622559,0,train
13,he_711362,7.0935516357421875,6.73124885559082,0,validation
13,le_380ed6,6.942747592926025,6.926709175109863,0,train
13,he_eb5653,7.030308246612549,6.632869720458984,0,train
13,le_ef147f,7.999863624572754,6.4013848304748535,0,validation
13,le_bd5553,6.414863586425781,5.734236717224121,0,validation
13,he_e8d0d4,5.799580097198486,5.824939727783203,0,train
13,le_ac58bc,6.511507987976074,5.855780601501465,0,train
13,le_6e93a8,5.433701515197754,5.198805332183838,0,train
13,le_a672ff,7.765689849853516,8.202301025390625,0,validation
13,he_59f481,8.216533660888672,10.127521514892578,0,train
13,le_32e365,5.947276592254639,5.6049017906188965,0,validation
13,he_253e64,8.682552337646484,9.268087387084961,0,validation
13,he_1589ac,8.150322914123535,10.132542610168457,0,validation
13,he_0352a5,6.5482177734375,5.949479103088379,0,validation
13,he_0fe808,7.173026084899902,6.854875087738037,0,validation
13,he_4dfc9a,6.756438732147217,6.206851482391357,0,train
13,he_53a37b,6.881862640380859,6.911277770996094,0,validation
13,he_3b1424,7.77495813369751,7.793246269226074,0,train
13,he_af8dbf,7.735811233520508,7.72963285446167,0,validation
13,he_a3e3a4,8.190901756286621,8.46915340423584,0,validation
13,le_622f03,5.8833465576171875,4.874397277832031,0,validation
13,he_f40d7e,7.121213912963867,6.940850734710693,0,train
13,he_ad2c6f,6.955764293670654,6.516913414001465,0,validation
13,he_557676,6.888422012329102,6.768338680267334,0,validation
13,he_3c577e,6.799778461456299,6.274267196655273,0,train
13,le_661759,8.062049865722656,7.412917137145996,0,validation
13,he_1aca60,6.964931011199951,7.38464879989624,0,validation
13,he_dab57d,7.177117824554443,5.82617712020874,0,validation
13,le_7b2851,7.850957870483398,8.235518455505371,0,train
13,le_ef4386,8.175668716430664,7.517375946044922,0,train
13,he_81c663,7.049774646759033,6.701813697814941,0,train
13,le_cde2f8,7.667656421661377,8.196646690368652,0,train
13,he_781a92,6.502251148223877,5.880527496337891,0,train
13,he_a777f6,7.353465557098389,7.135558128356934,0,train
13,he_ee4bcc,7.038008689880371,6.644848346710205,0,train
13,le_bc79cd,6.727646350860596,5.846031188964844,0,validation
13,he_0e1b16,8.053390502929688,8.245699882507324,0,validation
13,he_d16357,7.310910224914551,7.069362163543701,0,train
13,he_28e587,6.78336763381958,5.76917839050293,0,train
13,he_41a754,6.82365608215332,5.464458465576172,0,train
13,le_70d46f,5.722350597381592,5.727243900299072,0,validation
13,le_ffbca1,8.309466361999512,7.534081935882568,0,train
13,he_616252,7.390077590942383,7.2818732261657715,0,train
13,he_a4594f,6.417421340942383,6.044170379638672,0,train
13,le_b8feee,6.003553867340088,7.5057902336120605,0,train
13,le_eb9660,7.077928066253662,6.324222087860107,0,train
13,le_363c70,8.717316627502441,7.320523738861084,0,train
13,le_6bde61,9.422743797302246,8.064712524414062,0,validation
13,le_c04ae8,7.72760009765625,8.84595012664795,0,validation
13,he_4a3727,8.58772087097168,9.57248306274414,0,train
13,le_c880b0,7.8625922203063965,7.970658779144287,0,validation
13,le_766228,7.6019134521484375,6.689577102661133,0,validation
13,le_9c4270,5.211484909057617,5.157541751861572,0,train
13,he_87d8a7,8.475680351257324,8.997098922729492,0,validation
13,he_8feb2d,7.94023323059082,7.384060859680176,0,validation
13,he_f01b48,7.689107894897461,7.653739929199219,0,validation
13,le_58079b,5.648666858673096,6.063072204589844,0,train
13,le_5088b4,8.765551567077637,8.153909683227539,0,train
13,he_6528fe,6.2021260261535645,5.507568359375,0,validation
13,le_aa12de,7.548825263977051,6.545650482177734,0,train
13,he_3d059e,7.93790864944458,8.075201988220215,0,train
13,le_feadea,6.1027116775512695,5.87022066116333,0,train
13,he_0724b7,8.47208309173584,8.3946533203125,0,validation
13,he_cd16a6,5.525201797485352,4.520150184631348,0,validation
13,le_5b76d0,6.164961814880371,5.918992042541504,0,validation
13,he_dfc951,7.684067726135254,7.6455488204956055,0,validation
13,he_ff9f62,5.587533950805664,4.692208290100098,0,validation
13,le_7a26ee,7.486675262451172,8.2424955368042,0,validation
13,le_3fc415,6.798245429992676,7.394801616668701,0,train
13,he_79241f,6.861395359039307,7.152407646179199,0,train
13,he_51d69d,7.701152324676514,8.093286514282227,0,validation
13,he_660f4d,7.569526672363281,7.471653461456299,0,train
13,le_69cfdb,5.53122091293335,5.498195171356201,0,train
13,le_472126,8.383605003356934,7.192996978759766,0,train
13,le_4c7bcc,6.547991752624512,7.614850997924805,0,train
13,he_7d5015,8.230440139770508,8.977652549743652,0,validation
13,he_da468b,6.801684856414795,6.69113302230835,0,validation
13,le_a1bed9,8.074044227600098,7.080261707305908,0,train
13,he_b190e2,8.173330307006836,10.406932830810547,0,train
13,le_322936,6.3672871589660645,5.833275318145752,0,train
13,le_39ed4e,5.619121074676514,5.680488109588623,0,train
13,he_139129,8.072494506835938,8.030820846557617,0,train
13,he_4615cf,6.719198226928711,7.839592933654785,0,validation
13,he_910819,6.40877103805542,6.1423139572143555,0,validation
13,he_03ff44,6.918134689331055,6.504354000091553,0,validation
13,he_c5228c,7.867239952087402,7.103855133056641,0,train
13,le_510ee4,6.454690456390381,7.602989196777344,0,validation
13,le_01c1d1,7.270500183105469,8.348172187805176,0,train
13,he_be5e6c,7.0633416175842285,6.7678937911987305,0,validation
13,he_035cdd,6.738714694976807,6.179279804229736,0,validation
13,le_83ec82,6.207254409790039,5.53570556640625,0,train
13,le_10bdc8,5.896010398864746,6.105126857757568,0,train
13,he_08841b,5.8897294998168945,5.050372123718262,0,validation
13,le_1438c8,6.784889221191406,6.372713565826416,0,train
13,le_28ff23,6.368583679199219,6.624212265014648,0,validation
13,le_26094c,7.821689605712891,7.60439920425415,0,validation
13,he_5bb743,7.390929698944092,7.1691999435424805,0,train
13,le_400c54,6.330606937408447,5.314714431762695,0,train
13,le_044ad6,6.066594123840332,5.848378658294678,0,validation
13,le_63f66e,5.602790355682373,4.924285411834717,0,train
13,le_9f1d40,6.0897040367126465,5.5728559494018555,0,validation
13,le_59dd77,8.027932167053223,7.463504314422607,0,validation
13,he_05a66f,7.036020755767822,6.641756057739258,0,train
13,he_758929,6.482428550720215,6.892893314361572,0,validation
13,le_acce2f,6.264584064483643,5.845232009887695,0,validation
13,he_ab9692,6.733240604400635,6.227011203765869,0,train
13,he_b5456c,6.286775588989258,5.557314872741699,0,validation
13,le_bc7d24,6.4931721687316895,7.757457733154297,0,train
13,le_801110,6.286365032196045,5.568634033203125,0,train
13,le_eaae1c,6.9446516036987305,6.658082485198975,0,validation
13,he_708f00,7.300848007202148,7.826216697692871,0,train
13,le_b43f6c,7.410909652709961,7.430112361907959,0,validation
13,le_590a7e,5.762994766235352,5.419775485992432,0,validation
13,le_130ed1,5.933679580688477,5.662509918212891,0,train
13,he_f65738,8.751623153686523,10.590682029724121,0,train
13,he_a779a4,6.979725360870361,6.5541863441467285,0,validation
13,he_13dd33,6.6214399337768555,5.681858062744141,0,validation
13,le_9ab3c8,5.869781494140625,5.378599166870117,0,validation
13,he_37695e,4.582742214202881,5.193559646606445,0,validation
13,he_715e4a,6.559824466705322,5.966887474060059,0,validation
13,le_cf14b0,6.177041053771973,6.177041053771973,0,train
13,le_458c04,5.940737247467041,5.264654636383057,0,validation
13,le_321164,6.862928867340088,7.368810176849365,0,train
13,he_69af03,6.890791416168213,6.415842533111572,0,train
13,he_3179bb,7.13397216796875,5.836812973022461,0,train
13,le_1a2bdc,6.814365386962891,7.902570724487305,0,train
13,le_6d4621,6.090010166168213,5.825288772583008,0,validation
13,le_f6fa0e,7.276027202606201,6.310945510864258,0,validation
13,le_8ee86d,7.015035152435303,6.596776485443115,0,validation
13,he_6fcaa9,6.888420104980469,6.412154674530029,0,validation
13,le_c1040c,8.63170051574707,8.153780937194824,0,validation
13,he_4cb4e1,7.125381946563721,6.780762672424316,0,validation
13,le_bc95e6,7.295487403869629,7.330090522766113,0,validation
13,le_a07c3a,7.209743022918701,7.354095458984375,0,validation
13,he_83c6f7,7.928294658660889,8.042420387268066,0,train
13,le_49d277,7.157854080200195,6.080862998962402,0,validation
13,le_87d2fd,6.380959510803223,5.752569675445557,0,train
13,le_ba271f,7.333630561828613,6.9067230224609375,0,validation
13,le_1a29b0,6.510313987731934,6.251143932342529,0,train
13,he_279227,7.990344047546387,8.710613250732422,0,validation
13,le_05a5f2,6.03641939163208,5.6061906814575195,0,validation
13,le_ac3893,6.532247543334961,5.591562747955322,0,validation
13,he_d65115,8.0554838180542,9.552462577819824,0,validation
13,le_fa9cc3,7.761333465576172,8.11408805847168,0,validation
13,le_b0fdf1,6.474259853363037,6.076653957366943,0,validation
13,le_5a52c0,6.965770244598389,8.71172046661377,0,validation
13,he_d1f643,6.969536304473877,5.562122821807861,0,validation
13,le_d20bd3,7.670262336730957,6.755524635314941,0,train
13,he_992e41,6.655105113983154,6.056302070617676,0,train
13,le_cc6043,5.841992378234863,5.136117458343506,0,validation
13,he_c8b376,6.755420684814453,6.536951541900635,0,train
13,le_d21039,8.011127471923828,6.966440200805664,0,validation
13,le_5b5cf8,6.419144153594971,6.0119476318359375,0,train
13,he_56e7b9,7.212982177734375,5.940879821777344,0,train
13,le_4229e2,6.580147743225098,6.704616546630859,0,validation
13,le_1a2492,7.356447696685791,8.310237884521484,0,validation
13,he_deb7c1,6.658845901489258,8.064692497253418,0,validation
13,le_4f31ff,7.786255359649658,8.031595230102539,0,validation
13,he_221288,7.984576225280762,10.102752685546875,0,validation
13,le_7b2aea,8.023521423339844,9.076559066772461,0,train
13,le_8045b0,6.986873626708984,6.218190670013428,0,train
13,he_537134,7.194425106048584,6.888161659240723,0,validation
13,he_2fe81b,6.503820896148682,5.972441673278809,0,validation
13,he_a962bf,7.618382930755615,7.718287467956543,0,validation
13,le_50582c,7.06072998046875,5.755034923553467,0,validation
13,he_f55329,6.38253927230835,5.700960636138916,0,validation
13,he_43d1e1,7.188570022583008,7.687310218811035,0,validation
13,he_4ec47d,6.873483180999756,6.2879719734191895,0,validation
13,le_f28e73,7.229955673217773,6.511653423309326,0,validation
13,le_37a2d1,7.230367660522461,7.277836322784424,0,train
13,he_c20788,6.868112087249756,6.380565643310547,0,validation
13,le_764df2,6.953830242156982,6.959635257720947,0,validation
13,he_c6590f,6.32830810546875,5.619614124298096,0,train
13,he_60ed0a,5.75633430480957,4.931341171264648,0,validation
13,he_5df55a,8.99032211303711,11.62963581085205,0,validation
13,he_734cd1,5.8700432777404785,5.673810958862305,0,train
13,le_de6e1e,5.59701681137085,5.979633331298828,0,validation
13,le_b4482a,6.562207221984863,5.964654922485352,0,validation
13,he_57a478,7.257081031799316,6.985628128051758,0,validation
13,le_0af460,6.46638822555542,6.269469261169434,0,validation
13,le_f0d06e,9.31999397277832,7.89910888671875,0,train
13,le_1c128f,8.060826301574707,7.647045612335205,0,train
13,le_a85ddb,7.26174259185791,6.600916385650635,0,validation
13,he_85af94,6.8683247566223145,6.380895614624023,0,train
13,he_63befa,6.117167949676514,5.381192207336426,0,validation
13,he_652056,7.992161273956299,9.079475402832031,0,validation
13,he_0d36d6,6.876705646514893,6.393932819366455,0,train
13,le_e0fa5c,6.5532002449035645,5.793089866638184,0,validation
13,he_48966d,7.644259452819824,8.06797981262207,0,train
13,le_4d537b,5.839000701904297,5.486234188079834,0,validation
13,le_9d8415,6.19651985168457,5.453681945800781,0,validation
13,he_487634,8.783395767211914,9.584182739257812,0,train
13,le_5ca495,7.301906585693359,7.01205587387085,0,train
13,he_3caee5,7.995473861694336,9.447441101074219,0,train
13,le_a61898,7.994662284851074,7.644451141357422,0,validation
13,he_6effe8,6.700284481048584,6.2690229415893555,0,validation
13,le_01c9ec,7.046172142028809,6.362921237945557,0,train
13,le_b8397b,6.3370466232299805,6.034024238586426,0,train
13,he_94fd55,7.7439961433410645,7.742932319641113,0,validation
13,le_01f7f4,8.050092697143555,7.72643518447876,0,validation
13,le_3730f0,7.943630218505859,7.612704277038574,0,train
13,le_d66bd6,7.983754634857178,8.114087104797363,0,train
13,le_4356f8,7.898114204406738,7.161221981048584,0,validation
13,le_0155ee,6.082959175109863,9.103462219238281,0,validation
13,he_380d40,7.729439735412598,7.719278812408447,0,train
13,le_1bd9fa,6.5079026222229,6.2742018699646,0,train
13,he_195589,6.995485782623291,6.578702449798584,0,validation
13,le_4f6999,8.020310401916504,8.056154251098633,0,train
13,he_d5d6ab,7.409427165985107,7.199259281158447,0,train
13,he_c90fcd,6.719179153442383,6.530712127685547,0,validation
13,le_3ccf61,7.7493767738342285,8.170727729797363,0,validation
13,le_b9c5c4,7.840610504150391,7.39411735534668,0,train
13,le_a6ce35,7.935787200927734,7.989778995513916,0,train
13,le_12c34b,5.974034786224365,5.1926116943359375,0,validation
13,le_7c71da,5.900049686431885,5.119056224822998,0,validation
13,he_dbbed2,7.539834499359131,7.425466060638428,0,train
13,he_fcf200,6.597546577453613,6.023470878601074,0,validation
13,le_84b6bb,6.7620849609375,6.192256450653076,0,train
13,he_1f22c4,7.157265663146973,7.562625885009766,0,train
13,le_a9f11f,8.284258842468262,6.937346935272217,0,validation
13,le_1911ce,8.892657279968262,10.12399673461914,0,validation
13,he_0d9235,7.0789971351623535,8.455304145812988,0,validation
13,le_83decd,8.648869514465332,9.779979705810547,0,validation
13,he_412004,7.997130393981934,8.154274940490723,0,validation
13,he_9910b5,7.235037326812744,6.9513373374938965,0,train
13,he_98349a,6.470940113067627,6.345625400543213,0,validation
13,le_404d16,6.934600353240967,6.279834747314453,0,train
13,le_00eeb2,7.735981464385986,8.980627059936523,0,train
13,le_1ccf16,7.38746976852417,8.124716758728027,0,validation
13,le_7261d3,5.693700790405273,5.020020961761475,0,train
13,le_45d4cb,5.896068572998047,5.492313385009766,0,validation
13,le_694adb,7.104740142822266,6.702660083770752,0,train
13,le_70cf78,9.089241981506348,8.611658096313477,0,validation
13,he_e97c8c,6.958759784698486,6.5652899742126465,0,train
13,he_0a5ec7,6.742733478546143,6.241250514984131,0,train
13,he_40a91b,7.585135459899902,6.805677890777588,0,validation
13,he_cdc607,6.731642723083496,5.965310096740723,0,train
13,he_89ad62,7.219888210296631,7.949887752532959,0,train
13,le_8deff5,6.70672082901001,6.768518447875977,0,validation
13,he_e1a03a,5.864448070526123,5.379865646362305,0,validation
13,le_52447f,7.540165424346924,6.870664119720459,0,validation
13,he_fb1124,8.696053504943848,11.789799690246582,0,train
13,le_523a81,5.646055698394775,5.25528621673584,0,validation
13,he_5608ba,6.759131908416748,6.346315383911133,0,train
13,le_8198ec,9.404227256774902,7.900908946990967,0,train
13,he_d85c04,7.559455871582031,7.443055152893066,0,validation
13,he_403257,8.148845672607422,8.13242244720459,0,train
13,le_e568c3,6.342780113220215,5.927168369293213,0,train
13,he_86eeae,5.222349166870117,6.001519203186035,0,validation
13,le_dfd822,8.546799659729004,10.394143104553223,0,train
13,le_c50a04,6.151616096496582,7.916645050048828,0,train
13,le_8de934,6.453144550323486,7.136293888092041,0,train
13,he_47238e,6.84795618057251,6.349210262298584,0,validation
13,he_d6039a,6.215579509735107,7.1739301681518555,0,validation
13,le_29fc1c,9.190367698669434,8.582898139953613,0,validation
13,he_076917,6.044098377227783,5.169634819030762,0,validation
13,le_91c567,6.1120686531066895,5.778316497802734,0,validation
13,le_f58d84,6.856589317321777,6.661796569824219,0,validation
13,he_f0d231,6.392276287078857,5.946924686431885,0,validation
13,le_7427b9,6.294243812561035,6.756638526916504,0,validation
13,le_7716d1,8.47085189819336,9.440451622009277,0,validation
13,he_0db92b,6.60809326171875,6.039290428161621,0,train
13,le_6975d5,7.482577800750732,7.372678756713867,0,train
13,he_4f7ff0,7.039148807525635,8.39664077758789,0,validation
13,he_e7fbc9,8.13772964477539,7.990269660949707,0,train
13,he_6c7977,7.816574573516846,7.860873699188232,0,validation
13,le_83615b,9.104905128479004,9.366632461547852,0,train
13,le_e50e4d,6.546625137329102,5.700784206390381,0,train
13,he_feda4e,7.618255138397217,9.151286125183105,0,validation
13,he_056a76,9.575738906860352,11.321955680847168,0,train
13,le_a0c615,7.057474613189697,6.9252777099609375,0,train
13,he_25e97e,8.034955978393555,8.215742111206055,0,train
13,he_b85d24,8.041950225830078,9.072437286376953,0,validation
13,le_c470c6,7.698451042175293,8.01006031036377,0,validation
13,he_e554b0,6.89395809173584,6.420769691467285,0,train
13,le_a8ce41,6.183811187744141,7.84707498550415,0,train
13,le_56f182,5.931950569152832,6.696760654449463,0,train
13,le_5ff624,8.471962928771973,8.418702125549316,0,validation
13,le_c3a6f8,7.089239597320557,6.357878684997559,0,validation
13,le_2f43e7,8.037200927734375,8.514033317565918,0,train
13,le_0bda07,7.009921073913574,7.170790195465088,0,validation
13,le_f39982,5.973958492279053,5.564130783081055,0,train
13,he_0fab59,6.396461009979248,5.721843242645264,0,validation
13,le_a1c863,6.526655673980713,6.014415264129639,0,train
13,he_512e0a,8.136107444763184,8.57397747039795,0,train
13,le_2ba026,7.044383525848389,7.09028434753418,0,train
13,he_2044e1,7.329904079437256,6.387114524841309,0,validation
13,he_552813,7.10073184967041,6.761390686035156,0,train
13,he_caef9f,5.980318069458008,5.182138442993164,0,train
13,he_bf08f5,7.513291835784912,8.057601928710938,0,validation
13,he_959231,7.120212554931641,6.992221832275391,0,validation
13,le_2c1c76,6.08936071395874,5.7864179611206055,0,train
13,he_b63add,7.268470764160156,7.00334358215332,0,train
13,he_a2b8a1,7.571590900421143,7.462774276733398,0,validation
13,le_8578d9,8.56980037689209,8.025193214416504,0,train
13,le_b41a4d,6.620367050170898,6.768428325653076,0,validation
13,le_80446d,7.120213508605957,5.913616180419922,0,train
13,le_e8dc06,6.078995704650879,5.7633466720581055,0,train
13,le_226bc8,6.850691318511963,6.658769607543945,0,train
13,le_fa7d2c,5.917047500610352,5.378350734710693,0,validation
13,he_063fc0,7.242385387420654,5.956886291503906,0,train
13,he_affe4b,7.01016902923584,6.6015424728393555,0,validation
13,le_55232c,7.972519397735596,7.345606803894043,0,validation
13,he_01cfbe,7.970832347869873,8.111541748046875,0,validation
13,le_6cbd20,9.168684005737305,10.120674133300781,0,validation
13,he_4fd2c6,6.552347183227539,5.955671787261963,0,validation
13,le_d07324,7.306019306182861,6.16106653213501,0,validation
13,he_149c5b,7.2197747230529785,6.9275946617126465,0,train
13,he_7b0696,6.840523719787598,6.337650775909424,0,train
13,le_5ff0f8,6.448821544647217,7.027992248535156,0,validation
13,he_bfbfe0,6.317076683044434,5.602766513824463,0,validation
13,le_2c1fd3,5.653831958770752,6.293808937072754,0,train
13,he_113880,7.331380844116211,7.302454948425293,0,train
13,he_43444c,6.316669940948486,5.6021552085876465,0,train
13,he_63e860,8.71934986114502,13.191882133483887,0,train
13,he_30ba2d,6.695593357086182,6.170543193817139,0,validation
13,he_b516c8,6.90295934677124,6.43477201461792,0,validation
13,he_061e2c,7.658532619476318,7.5962724685668945,0,train
13,le_430535,7.195114612579346,7.562530994415283,0,validation
13,le_2ce311,7.320991516113281,6.982489109039307,0,validation
13,le_9a7a59,6.88727331161499,6.748414039611816,0,train
13,le_54d379,6.721621036529541,5.744961738586426,0,train
13,le_52b809,7.939647197723389,8.917475700378418,0,train
13,le_f66fec,6.166029930114746,5.768953323364258,0,train
13,he_d9b3a0,6.600136756896973,6.0273566246032715,0,validation
13,le_2e65e7,6.145784854888916,7.1619110107421875,0,validation
13,le_eb89a4,7.517820358276367,7.360525608062744,0,validation
13,he_a7bf3c,7.104949474334717,6.7044830322265625,0,validation
13,le_275fa9,8.243912696838379,8.792274475097656,0,train
13,he_16c2e2,6.701445579528809,6.179318904876709,0,train
13,le_763996,7.849020481109619,6.1801252365112305,0,validation
13,le_c9ff75,8.190159797668457,7.770225524902344,0,validation
13,le_eb4323,7.171549320220947,6.264065265655518,0,validation
13,he_0935e0,6.934823989868164,6.279385566711426,0,validation
13,le_28d5fc,7.632182598114014,6.0506591796875,0,train
13,le_f85aef,7.133044719696045,6.5706963539123535,0,train
13,he_8743aa,7.650706768035889,7.591338157653809,0,validation
13,he_77325b,7.198596000671387,6.894651412963867,0,train
13,le_194430,7.095651626586914,6.407355308532715,0,train
13,he_0d978a,7.418694019317627,7.237024307250977,0,validation
13,he_d5d228,7.137484550476074,7.6294450759887695,0,train
13,he_703227,6.6853532791137695,5.913600444793701,0,validation
13,he_01e8ed,6.366819381713867,5.677380561828613,0,train
13,he_5785c0,6.767889022827148,6.278984069824219,0,validation
13,le_e7ceaf,7.5677876472473145,7.154604911804199,0,validation
13,he_11ed24,6.338460445404053,5.6348419189453125,0,validation
13,he_f65f6e,6.657032489776611,5.949270248413086,0,validation
13,he_726d3f,6.836151599884033,6.381378650665283,0,validation
13,le_dd8888,6.264444351196289,5.401050090789795,0,train
13,le_d042c2,7.001806259155273,6.5127458572387695,0,train
13,le_39c6ce,6.98260498046875,6.776988506317139,0,validation
13,he_ab7281,6.999320983886719,6.584668159484863,0,train
13,he_019042,6.748971462249756,5.824839115142822,0,validation
13,le_d52c87,6.9975128173828125,6.774031162261963,0,validation
13,he_112f6d,6.7197041511535645,6.206707954406738,0,validation
13,le_4528f1,8.414558410644531,6.643996715545654,0,train
13,he_711892,6.573631286621094,7.648996829986572,0,validation
13,le_34558e,5.816130638122559,4.973811626434326,0,train
13,he_8066c3,7.592461109161377,7.496688365936279,0,train
13,he_fe4ada,7.493135452270508,8.499948501586914,0,validation
13,le_58b819,9.225235939025879,8.812485694885254,0,train
13,he_eae292,7.560879707336426,7.458200931549072,0,validation
13,he_14019f,6.418367385864258,6.818284034729004,0,validation
13,he_673c7e,7.030752658843994,6.673279762268066,0,train
13,he_d5db57,7.168090343475342,6.592051029205322,0,validation
13,le_7badf8,6.9930033683776855,6.15307092666626,0,validation
13,le_912a2a,7.641582012176514,7.852275848388672,0,train
13,he_95ee8c,7.365428924560547,7.154169082641602,0,validation
13,le_8761f6,7.174299240112305,6.310685634613037,0,validation
13,le_5d7507,7.256299018859863,7.672002792358398,0,train
13,le_5863fc,6.924488544464111,6.841476917266846,0,validation
13,he_853422,7.231196403503418,6.945361614227295,0,validation
13,he_4e43b9,7.717592239379883,7.082552909851074,0,train
13,he_a39ebf,6.865633010864258,8.588417053222656,0,validation
13,le_80e3b0,5.835710525512695,5.781043529510498,0,train
13,le_e11ea9,6.5789899826049805,5.999121189117432,0,validation
13,he_e69885,6.482995986938477,5.8516459465026855,0,train
13,le_5d62d2,6.2384843826293945,5.597558975219727,0,train
13,le_a8ce3a,7.679051399230957,7.436832904815674,0,validation
13,he_477534,7.0387043952941895,7.411501884460449,0,train
13,he_4528d8,7.6016621589660645,6.889934539794922,0,validation
13,le_315c9d,6.25739049911499,6.037841796875,0,train
13,he_9c907a,7.9606218338012695,9.222450256347656,0,train
13,he_bc8ef0,6.369990348815918,5.682137489318848,0,validation
13,le_ff4463,7.371682167053223,7.284332275390625,0,train
13,he_b63a86,6.947449207305908,8.094242095947266,0,validation
13,le_6fe94c,5.888410568237305,6.014332294464111,0,train
13,le_b554e0,6.471897602081299,5.676651954650879,0,validation
13,he_905478,6.363040924072266,5.609401702880859,0,validation
13,le_ae27bc,6.384149074554443,5.996593475341797,0,validation
13,le_86dde0,6.904641628265381,6.7170186042785645,0,validation
13,le_3235a7,6.186771869659424,5.976746559143066,0,train
13,le_560bc5,7.585171222686768,7.9508442878723145,0,validation
13,le_b2d8a4,7.151992321014404,7.2001752853393555,0,train
13,he_57b66a,7.296053886413574,8.663652420043945,0,train
13,he_8b6e8a,6.731521129608154,6.168088912963867,0,train
13,he_0ad37b,7.667428016662598,7.62394380569458,0,validation
13,he_1f1796,7.366762638092041,7.156243324279785,0,validation
13,he_c788c4,6.641689300537109,10.51531982421875,0,train
13,le_3e0c8b,6.253957748413086,5.763677597045898,0,validation
13,le_ad29d4,8.298785209655762,8.54910945892334,0,validation
13,he_9ead18,6.6534953117370605,7.17250919342041,0,train
13,le_a9c8e7,6.733494281768799,8.582110404968262,0,train
13,he_fa775e,8.334104537963867,11.136792182922363,0,train
13,he_6eb3b7,5.63361120223999,5.920162677764893,0,train
13,le_b68792,7.499905109405518,7.422163009643555,0,train
13,le_7491ba,6.5262627601623535,5.968427658081055,0,train
13,le_155906,8.143953323364258,8.620888710021973,0,validation
13,le_71250d,8.980774879455566,7.1161112785339355,0,train
13,he_945b84,6.0352253913879395,5.262003421783447,0,validation
13,le_767019,8.351146697998047,8.165763854980469,0,validation
13,le_bea3b5,6.5052618980407715,6.343602180480957,0,validation
13,le_1a7ab7,5.320777416229248,6.37687873840332,0,train
13,he_0445e3,6.768709659576416,6.740157127380371,0,validation
13,he_ebb18a,6.472232818603516,5.510679244995117,0,train
13,he_04607e,6.417072772979736,5.7527594566345215,0,train
13,le_8dffb2,6.4388017654418945,5.787785530090332,0,validation
13,he_bf7958,6.958606243133545,6.033385276794434,0,validation
13,he_865b01,6.9549713134765625,6.51568078994751,0,validation
13,he_5422d6,6.82529878616333,6.313966274261475,0,validation
13,le_1b77f0,5.824516773223877,6.239935874938965,0,validation
13,he_061f19,6.504859447479248,5.833503723144531,0,train
13,le_ab66f0,6.085979461669922,5.672510623931885,0,train
13,le_33de79,7.725819110870361,8.86226749420166,0,validation
13,he_4d16d8,7.992725372314453,8.61453914642334,0,train
13,he_7141aa,5.915201663970947,5.396937847137451,0,validation
13,le_b7b78e,6.0722575187683105,5.901450157165527,0,train
13,le_341408,6.05021858215332,7.497461318969727,0,validation
13,he_e7f057,5.783304214477539,4.969549179077148,0,validation
13,le_c975ec,6.553426265716553,6.073599338531494,0,train
13,he_b9dc56,6.440101146697998,5.7873029708862305,0,validation
13,he_b9ba5e,7.635387420654297,8.442639350891113,0,train
13,le_3ef247,8.837653160095215,9.523838996887207,0,validation
13,le_945414,6.3798651695251465,7.025969982147217,0,train
13,le_73a0f6,5.947620391845703,5.193289756774902,0,validation
13,le_f790ca,6.393239498138428,5.648900985717773,0,train
13,le_3c1dbd,9.0880708694458,8.336104393005371,0,train
13,he_ac375a,7.766181945800781,8.692340850830078,0,validation
13,he_d0547e,7.869746208190918,7.68011999130249,0,train
13,le_0e80d9,6.033175945281982,5.994518756866455,0,train
13,he_9a731c,6.613513946533203,6.724351406097412,0,validation
13,he_442910,6.296983242034912,6.6878662109375,0,validation
13,le_ae71bb,6.827258110046387,6.300777435302734,0,validation
13,he_0c8461,8.3490571975708,10.604903221130371,0,validation
13,le_36906d,7.888628959655762,7.536516189575195,0,validation
13,he_c72991,7.58998441696167,7.503477096557617,0,train
13,le_698ed0,7.413486957550049,5.8657965660095215,0,train
13,le_2f8b4e,6.497655391693115,6.561234474182129,0,validation
13,le_096a5a,6.379739761352539,5.380067348480225,0,train
13,he_b62509,6.565685749053955,5.910123825073242,0,validation
13,le_ad984a,8.597487449645996,7.194591045379639,0,train
13,he_2aef37,6.671350479125977,6.846870422363281,0,validation
13,le_4e404a,5.843932151794434,5.424940586090088,0,train
13,he_8f57fb,7.36620569229126,7.15537691116333,0,train
13,he_10c218,6.736827850341797,7.106268882751465,0,train
13,he_a7eb16,7.3397016525268555,7.114147663116455,0,train
13,le_157346,6.575569152832031,6.417915344238281,0,train
13,he_4c56d3,7.525873184204102,7.388482570648193,0,validation
13,le_875512,6.16889762878418,5.696250915527344,0,validation
13,le_f593c2,6.004170894622803,6.027360439300537,0,train
13,le_43f436,7.654270648956299,8.192564964294434,0,train
13,he_fa6948,6.850810527801514,7.789261817932129,0,validation
13,he_cc58af,6.5596208572387695,6.6521782875061035,0,train
13,le_9aabb9,6.950378894805908,6.822770595550537,0,train
13,he_256c48,7.135194301605225,6.796026706695557,0,validation
13,he_301a3e,8.018778800964355,8.18945598602295,0,train
13,he_bda96d,6.969165325164795,6.852407932281494,0,validation
13,le_d031d2,6.476506233215332,6.587363243103027,0,train
13,he_935b9f,8.041986465454102,7.664262294769287,0,train
13,he_f51b67,5.987885475158691,5.193144798278809,0,train
13,le_1223ad,5.721432209014893,5.234635353088379,0,validation
13,le_59e8c6,7.704911708831787,7.425357818603516,0,train
13,he_fd9c4c,8.123173713684082,8.35909652709961,0,train
13,he_4e95fa,8.267333030700684,9.599555015563965,0,train
13,he_5863f3,6.9787278175354,7.0836920738220215,0,train
13,le_327267,6.33120059967041,5.880825519561768,0,validation
13,le_d61b54,8.740851402282715,7.828489780426025,0,validation
13,he_69475d,7.2529191970825195,6.944931983947754,0,validation
13,he_f152e5,6.799455165863037,6.3263349533081055,0,train
13,le_5704eb,8.219559669494629,7.128632068634033,0,validation
13,le_c5b6c0,7.5720720291137695,7.258084774017334,0,validation
13,he_90123f,8.148111343383789,8.53997802734375,0,train
13,he_0bee72,7.360651969909668,7.146738052368164,0,validation
13,he_68742b,7.491293430328369,7.3499579429626465,0,validation
13,he_b7e84d,6.6410746574401855,6.08876371383667,0,validation
13,he_765035,7.015045166015625,6.876105308532715,0,train
13,le_e7dcfd,6.317893981933594,6.337243556976318,0,validation
13,he_a9942d,7.392331600189209,7.6796135902404785,0,validation
13,he_d1ef4d,6.850203990936279,6.3411383628845215,0,validation
13,le_f9fcdf,6.517973899841309,6.402645587921143,0,validation
13,he_b2fbe6,8.097532272338867,8.317429542541504,0,train
13,le_338fc2,6.418543338775635,5.8015336990356445,0,validation
13,he_51a0c7,6.455974102020264,5.948197841644287,0,validation
13,le_77f475,7.629104137420654,8.659714698791504,0,validation
13,le_0e684b,8.396315574645996,8.517955780029297,0,validation
13,he_19058d,5.689311981201172,4.8363938331604,0,train
13,he_b5f00f,5.486656188964844,4.54929780960083,0,train
13,he_1ef995,7.774320602416992,7.434116363525391,0,train
13,he_844d39,6.528059482574463,5.8515944480896,0,train
13,he_ae8e9c,6.854214191436768,5.901434898376465,0,train
13,le_6035f7,6.001312732696533,5.62780237197876,0,train
13,he_0a3039,6.073763847351074,7.450152397155762,0,train
13,le_550d25,6.500594615936279,6.917910099029541,0,validation
13,le_ec27a1,6.88599967956543,6.254675388336182,0,validation
13,he_f77454,7.248187065124512,6.6787261962890625,0,validation
13,le_d7795e,6.361301898956299,6.492378234863281,0,train
13,le_1c7c91,6.364650726318359,6.163092136383057,0,validation
13,he_8a99f7,8.048469543457031,8.755982398986816,0,train
13,le_d1964b,7.338718891143799,8.22553539276123,0,validation
13,he_2dc55e,6.8648481369018555,7.251905918121338,0,train
13,le_8cccbf,7.307852268218994,7.951357364654541,0,validation
13,le_25d7bf,6.792517185211182,6.771507740020752,0,train
13,le_d83883,7.671797275543213,8.027498245239258,0,validation
13,he_5893a2,7.234304904937744,7.941791534423828,0,train
13,he_5b4ec1,7.764354228973389,7.77768087387085,0,train
13,le_adb773,7.3984785079956055,6.839578151702881,0,validation
13,he_d66410,7.247671127319336,7.747393608093262,0,validation
13,he_d91d52,8.305615425109863,10.314801216125488,0,train
13,le_497c69,6.582726001739502,7.198223114013672,0,validation
13,he_b70236,6.768696308135986,6.2801947593688965,0,train
13,le_ecfb48,6.815046310424805,6.613242149353027,0,train
13,he_4caf0f,7.069277286529541,8.354068756103516,0,train
13,he_f7f5b8,7.313115119934082,7.072790145874023,0,train
13,he_8b8e73,6.449734687805176,5.801753044128418,0,validation
13,he_df76e7,5.986044406890869,5.190466403961182,0,train
13,le_384eec,6.428254127502441,5.334467887878418,0,train
13,he_6a3ff1,6.179782390594482,5.472266674041748,0,train
13,le_af2269,7.1002960205078125,7.040672302246094,0,validation
13,he_91e872,6.277653694152832,5.543631076812744,0,train
13,he_92a1d4,5.946265697479248,5.1326069831848145,0,train
13,le_58503c,6.4629645347595215,5.553454875946045,0,validation
13,le_9827be,6.53680419921875,6.676157474517822,0,validation
13,he_0a2e7a,6.027321815490723,5.168133735656738,0,train
13,le_536ce6,6.0025482177734375,5.639256477355957,0,validation
13,le_c47bf3,6.390442371368408,6.237089157104492,0,train
13,le_23d7e6,6.012129306793213,5.217488765716553,0,train
13,he_aea985,6.814527988433838,7.9625091552734375,0,train
13,he_610a6b,6.61464786529541,6.049124240875244,0,train
13,le_0b5c71,7.626776218414307,6.880685329437256,0,train
13,le_8e17a1,6.4258623123168945,6.2688822746276855,0,train
13,he_e97a85,6.516308307647705,5.952016353607178,0,train
13,he_baf440,7.482195854187012,6.441427707672119,0,validation
13,he_41f4cd,6.0059404373168945,5.2194061279296875,0,validation
13,he_5cb9a5,7.074559211730957,6.850953578948975,0,train
13,le_59e850,6.278043746948242,5.892892360687256,0,train
13,le_130466,7.468203544616699,7.480367660522461,0,train
13,le_ae10ae,6.789132595062256,6.048677921295166,0,train
13,le_b57fb4,5.822533130645752,5.068955898284912,0,validation
13,he_122fc1,7.480731010437012,7.315125942230225,0,validation
13,he_def558,7.557567119598389,7.8018479347229,0,train
13,he_88eef7,7.168563365936279,9.343644142150879,0,train
13,le_56db27,7.4679179191589355,6.725058555603027,0,train
13,le_b72c01,7.131874084472656,7.497520446777344,0,train
13,he_e7e54d,8.175558090209961,9.185794830322266,0,train
13,he_666efe,8.35444450378418,8.734910011291504,0,train
13,le_5f218d,6.212200164794922,5.812918663024902,0,validation
13,le_31327c,7.206465721130371,7.458362579345703,0,validation
13,le_cae6e7,6.847984313964844,6.14609432220459,0,validation
13,he_fdfcef,7.985911846160889,8.136046409606934,0,train
13,le_53b2fd,6.242955207824707,6.002507209777832,0,train
13,le_72261f,7.949001312255859,5.700169563293457,0,train
13,le_fc3d57,7.492302894592285,7.81464147567749,0,train
13,le_230abf,7.997113227844238,7.549044132232666,0,validation
13,le_41a3a0,6.714084148406982,6.5875396728515625,0,validation
13,he_7a5e63,7.040802955627441,6.649194717407227,0,train
13,le_dfd3b4,8.0671968460083,8.291940689086914,0,validation
13,le_a2fcff,7.051789283752441,6.449815273284912,0,validation
13,le_109683,7.722804546356201,7.348728656768799,0,validation
13,he_7057f3,6.892791748046875,5.551833629608154,0,validation
13,he_558615,7.069023609161377,7.8532609939575195,0,train
13,le_e7fc9f,6.808060169219971,6.604918003082275,0,train
13,le_ac7cf7,6.435796737670898,6.154836177825928,0,validation
13,he_9eff37,7.609934329986572,7.534512042999268,0,validation
13,le_d44ccb,6.481816291809082,5.192128658294678,0,validation
13,le_d60087,5.387996196746826,5.353194236755371,0,train
13,le_9c6ba0,6.070693016052246,7.12529993057251,0,validation
13,he_97db03,8.798162460327148,9.570412635803223,0,train
13,le_ff1ebb,7.642816543579102,7.642816543579102,0,validation
13,le_e9f735,7.599822044372559,8.15749454498291,0,train
13,he_e6d7a6,8.136761665344238,8.38117504119873,0,validation
13,he_97c074,7.914375305175781,8.956925392150879,0,validation
13,le_d969e0,6.508917808532715,6.332314968109131,0,train
13,he_bbc8b7,8.802225112915039,10.001388549804688,0,validation
13,le_1aa1fb,6.0662455558776855,5.105920314788818,0,validation
13,le_1c3df3,7.343143939971924,7.642932891845703,0,validation
13,le_b7d8a6,7.211055278778076,6.729695796966553,0,validation
13,he_9b050e,6.572618007659912,5.986079216003418,0,validation
13,le_d52c28,6.424107074737549,5.405126571655273,0,validation
13,he_3f7fe7,7.088987350463867,6.805691719055176,0,validation
13,he_b3e123,6.852240085601807,6.355874061584473,0,validation
13,le_1674c0,5.898287773132324,5.312942981719971,0,train
13,le_78f0ed,5.565077781677246,5.445141792297363,0,train
13,he_533155,7.435723304748535,7.263515949249268,0,validation
13,he_d80706,7.913969039916992,9.934175491333008,0,train
13,le_ff18cf,6.608116626739502,5.844247817993164,0,validation
13,le_8a6f35,7.327112197875977,7.601163864135742,0,validation
13,he_2edc16,6.678672790527344,6.08588171005249,0,validation
13,he_4ff1c4,6.738805294036865,8.310357093811035,0,validation
13,he_4f9390,7.710891246795654,8.16193962097168,0,validation
13,le_185d39,8.669920921325684,7.196019649505615,0,train
13,le_9b9745,7.728889465332031,7.313487529754639,0,validation
13,le_91f758,6.337771415710449,5.345790386199951,0,train
13,le_a8ed34,7.591314315795898,7.352612495422363,0,train
13,he_661ccf,7.332694053649902,6.922795295715332,0,train
13,he_37489d,6.77435827255249,8.160011291503906,0,train
13,he_7c68af,8.354429244995117,9.509697914123535,0,train
13,le_838987,5.692763805389404,5.7244873046875,0,train
13,le_f50d64,6.651104927062988,7.682961940765381,0,validation
13,le_417bec,8.031068801879883,7.958750247955322,0,validation
13,le_a6260b,6.183806896209717,5.415510654449463,0,train
13,he_51332a,7.1267313957214355,6.594246864318848,0,validation
13,he_1ef686,6.921139240264893,6.719784736633301,0,train
13,le_4b0989,6.169207572937012,5.572739601135254,0,train
13,le_19c9ac,5.64892578125,7.124615669250488,0,train
13,he_d79548,6.3807854652404785,5.698330402374268,0,validation
13,le_6d15c9,8.306551933288574,7.407524108886719,0,validation
13,le_5b740a,6.647141933441162,5.916438579559326,0,train
13,le_edf950,6.421248435974121,5.696388244628906,0,train
13,he_847dab,6.872264862060547,7.930612087249756,0,train
13,he_a64661,6.860745429992676,6.369106769561768,0,train
13,he_cdf3a4,7.722832202911377,7.843531131744385,0,train
13,he_cabb3d,6.72676420211792,6.217297554016113,0,validation
13,he_e07220,6.144805431365967,5.3443603515625,0,validation
13,le_57ec9b,8.491975784301758,7.925797939300537,0,train
13,he_7556fc,6.824507236480713,6.363912582397461,0,train
13,le_9468b1,9.31934642791748,9.703023910522461,0,validation
13,le_2af127,6.723630905151367,6.648418426513672,0,validation
13,he_9c8a78,5.822490215301514,4.952569961547852,0,train
13,he_2519ee,7.7434282302856445,8.819809913635254,0,train
13,he_f84b71,7.098450660705566,6.738870620727539,0,train
13,le_98b680,6.502577304840088,5.666195392608643,0,train
13,le_4afc4d,9.167991638183594,8.310603141784668,0,train
13,le_d96176,7.787403583526611,8.709968566894531,0,validation
13,he_859e26,6.677609443664551,7.131844997406006,0,train
13,he_bddd26,6.525516033172607,5.915425777435303,0,train
13,he_f07086,6.609053134918213,7.187070369720459,0,train
13,he_ffbc40,6.001733779907227,5.213287353515625,0,train
13,le_a80334,7.205501556396484,6.458974361419678,0,train
13,le_1b5d46,7.60832405090332,7.280272483825684,0,validation
13,le_f7b80b,5.780395030975342,4.978155612945557,0,validation
13,le_ceeb48,6.591760635375977,5.427892684936523,0,train
13,he_e187a0,6.177787780761719,4.908191680908203,0,train
13,le_5f97fa,7.79710054397583,7.340482234954834,0,train
14,le_d069d3,6.748440265655518,6.874744892120361,0,validation
14,he_47c12f,7.331204891204834,7.086977005004883,0,validation
14,le_64d75a,5.624447345733643,5.636600017547607,0,train
14,le_259d3e,7.649081230163574,8.061501502990723,0,validation
14,he_31fd02,7.367255687713623,6.7869086265563965,0,train
14,he_cb7e90,7.914287567138672,10.5858793258667,0,train
14,he_79e9b7,7.75238037109375,9.468038558959961,0,validation
14,he_eb9923,6.318287372589111,6.591621398925781,0,validation
14,he_fb3ae1,6.483644008636475,5.840059280395508,0,validation
14,he_e12d52,8.281963348388672,9.1509428024292,0,validation
14,le_bf9a36,8.473367691040039,8.192834854125977,0,train
14,he_4a04a2,7.469169616699219,8.17309856414795,0,validation
14,le_b2752d,7.790370941162109,6.97489070892334,0,train
14,le_7aa426,6.942536354064941,8.035017967224121,0,train
14,le_98d6b3,6.794602870941162,6.962216854095459,0,validation
14,he_0d4150,8.11543083190918,10.021860122680664,0,validation
14,he_a87a9b,7.047841548919678,7.432961463928223,0,validation
14,le_fde5e8,7.959236145019531,7.928062438964844,0,validation
14,le_78fc9a,7.54138708114624,8.193329811096191,0,train
14,le_749d9e,6.231074810028076,5.873253345489502,0,train
14,le_d82184,7.19347620010376,8.632756233215332,0,validation
14,he_81252f,6.684468746185303,7.574793338775635,0,train
14,le_02764e,7.610017776489258,7.622037410736084,0,train
14,he_bda94e,6.766654968261719,6.264575481414795,0,train
14,le_5f185b,8.203974723815918,8.678385734558105,0,train
14,he_a8615f,6.527422904968262,5.905727386474609,0,train
14,he_929466,8.01101016998291,8.025269508361816,0,train
14,he_883cb8,7.153650760650635,6.810781478881836,0,validation
14,le_f0530f,7.528323650360107,7.846079349517822,0,train
14,he_1d2579,5.904341697692871,5.675897121429443,0,validation
14,le_9faffe,6.127914905548096,5.795437335968018,0,validation
14,he_842a1f,6.248298645019531,5.560518264770508,0,train
14,he_bb65e5,7.531432628631592,6.9110589027404785,0,validation
14,he_95d87e,7.0469651222229,6.644826889038086,0,train
14,le_c8410f,7.8593878746032715,7.611288070678711,0,train
14,le_e7807e,5.675704002380371,5.045774936676025,0,train
14,le_3a63b0,7.92821741104126,7.9114089012146,0,train
14,he_b61f8b,8.054731369018555,8.232179641723633,0,validation
14,he_17f529,6.093052387237549,5.486087799072266,0,train
14,he_34360a,6.495456218719482,5.8577775955200195,0,train
14,le_3422e0,7.901235580444336,7.166322708129883,0,validation
14,he_a0069c,8.375810623168945,8.753931999206543,0,train
14,le_ba2a87,5.5990071296691895,6.003091812133789,0,train
14,le_66b5ac,8.279135704040527,7.584778308868408,0,validation
14,he_ccbb6e,7.9605793952941895,8.118255615234375,0,validation
14,le_4c4592,7.302889347076416,6.577252388000488,0,validation
14,he_2b1023,7.557927131652832,7.424871921539307,0,validation
14,le_ed8708,5.5035223960876465,5.138643741607666,0,train
14,he_4ee83e,6.483304023742676,6.891427040100098,0,validation
14,le_49a533,6.954126358032227,5.615625858306885,0,train
14,he_9ce40f,5.726099967956543,4.8009562492370605,0,train
14,le_592616,6.859569549560547,8.020099639892578,0,validation
14,he_76ab15,7.259400844573975,6.975282669067383,0,validation
14,he_261f83,6.49482536315918,5.85683012008667,0,train
14,le_120b5b,6.603848457336426,5.975812911987305,0,train
14,le_f2acc0,6.838634967803955,6.848574638366699,0,train
14,he_04551f,7.446509838104248,7.243817329406738,0,validation
14,he_b9a930,6.2273383140563965,5.655165195465088,0,train
14,le_80ca99,6.181721210479736,6.441624164581299,0,validation
14,he_334eb2,6.489945411682129,5.619709014892578,0,validation
14,le_0c2039,6.323434829711914,5.835955619812012,0,validation
14,he_028951,7.0331525802612305,6.664322853088379,0,validation
14,le_d45347,6.504910945892334,5.984041690826416,0,train
14,he_a4529f,6.168557167053223,5.444530010223389,0,train
14,le_234216,6.743857383728027,6.020111083984375,0,train
14,le_9391b0,8.76210880279541,7.588137149810791,0,train
14,le_454c0b,7.659665107727051,6.879669189453125,0,validation
14,le_49db1c,8.662593841552734,10.350545883178711,0,validation
14,he_67ae44,5.9722795486450195,5.159035682678223,0,train
14,le_3c9f84,7.34157133102417,6.9373908042907715,0,validation
14,he_15a710,8.355741500854492,9.169212341308594,0,train
14,he_4be430,6.690941333770752,7.666129112243652,0,validation
14,he_4435d3,7.346447944641113,6.7773637771606445,0,train
14,he_de4bf9,6.638298511505127,6.009122848510742,0,validation
14,he_e361fe,7.298675060272217,7.036375045776367,0,validation
14,he_2e9fb6,5.993744850158691,5.1902570724487305,0,train
14,le_b1f4ec,8.130678176879883,6.606720924377441,0,train
14,he_a3611b,6.8445963859558105,6.381463050842285,0,validation
14,le_971e6c,6.186330795288086,5.669826507568359,0,validation
14,he_764bec,7.260746002197266,6.97737455368042,0,train
14,he_2b42db,7.441892623901367,7.2363176345825195,0,train
14,he_a10557,7.42673921585083,7.235586166381836,0,validation
14,he_5ec5e8,6.627990245819092,5.85375452041626,0,validation
14,le_4677fe,6.76088809967041,8.985831260681152,0,validation
14,le_98525a,7.905226230621338,6.452054977416992,0,validation
14,le_d24988,6.405338764190674,7.358864784240723,0,validation
14,he_37c485,7.303882122039795,7.044476509094238,0,validation
14,he_637e1b,6.615775108337402,6.038255214691162,0,train
14,le_aa9b3d,7.032395839691162,6.7591094970703125,0,validation
14,le_092d88,8.742431640625,8.74488353729248,0,validation
14,le_d8de43,7.575558662414551,7.915923595428467,0,train
14,le_68cc09,5.780631065368652,6.775488376617432,0,train
14,le_814b46,6.04813814163208,5.391219139099121,0,validation
14,he_9cff74,7.207658767700195,6.808401584625244,0,train
14,le_96c6d5,8.980060577392578,9.334107398986816,0,validation
14,he_c1196d,8.335980415344238,9.989532470703125,0,train
14,he_5a6c32,7.0232157707214355,6.607882976531982,0,validation
14,he_5d5f7a,7.493250846862793,7.33905029296875,0,train
14,le_3a623c,6.319882392883301,6.080345153808594,0,train
14,le_e7dea5,8.249344825744629,6.895944595336914,0,train
14,he_80b814,6.448681354522705,5.787613868713379,0,validation
14,le_09679c,6.80019474029541,8.44533634185791,0,train
14,le_d4dd8f,5.95565938949585,5.040689468383789,0,validation
14,he_4bfcf6,6.787836074829102,6.296347618103027,0,train
14,le_8f8e8a,7.673076629638672,6.8053765296936035,0,validation
14,he_eff624,7.497542858123779,7.326748847961426,0,train
14,le_b194d6,7.198557376861572,6.348803997039795,0,validation
14,le_b1ae3c,8.951952934265137,7.475717544555664,0,validation
14,he_5597e5,7.00789737701416,6.584054946899414,0,train
14,he_8a456e,7.856522560119629,7.910091400146484,0,validation
14,he_094848,7.099514484405518,6.726570129394531,0,train
14,le_1c08db,6.015570163726807,5.772077560424805,0,train
14,he_e0689e,6.478517055511475,6.863966464996338,0,validation
14,le_f1d98c,7.3108296394348145,6.376838684082031,0,train
14,le_a818bf,5.672292232513428,5.797313690185547,0,train
14,he_b19ac2,6.720147132873535,6.194814205169678,0,train
14,he_932e9c,7.507896423339844,7.343571186065674,0,validation
14,he_e1c1ac,7.899339199066162,8.312356948852539,0,validation
14,he_acd142,7.0454936027526855,6.642538070678711,0,train
14,le_daf354,7.701426029205322,8.6329927444458,0,train
14,he_c21f8c,6.109445095062256,5.386752605438232,0,train
14,he_929f9b,6.78898286819458,6.29806661605835,0,validation
14,le_baabbc,6.593784809112549,5.616489887237549,0,train
14,he_4f27f3,7.768256187438965,7.766656875610352,0,train
14,le_c75cf6,7.027639389038086,7.516298294067383,0,validation
14,he_eaabee,6.847548007965088,7.035311222076416,0,validation
14,he_85fdc1,7.414871692657471,7.217126846313477,0,validation
14,le_d5e0b8,6.155871391296387,5.836528301239014,0,train
14,le_b001cf,7.273562908172607,6.248119831085205,0,validation
14,he_6be05d,7.492029666900635,7.891287326812744,0,train
14,le_870446,6.980282783508301,6.772665023803711,0,train
14,le_0637ba,6.258152484893799,5.512791156768799,0,train
14,he_8a549e,7.960531711578369,9.699102401733398,0,train
14,le_d025d9,7.36846923828125,6.381188869476318,0,validation
14,he_a26cfb,8.080821990966797,9.19399642944336,0,validation
14,he_836543,7.440011024475098,7.25623083114624,0,train
14,he_b8a511,6.611611366271973,5.967609882354736,0,train
14,le_0623c9,6.98615026473999,6.595760345458984,0,validation
14,he_9b18bc,7.371981620788574,6.383770942687988,0,validation
14,he_685d08,8.416521072387695,9.925508499145508,0,train
14,le_92914d,9.873575210571289,9.423806190490723,0,train
14,he_35b068,5.849817752838135,6.0594482421875,0,train
14,he_3a40f5,6.1643877029418945,5.6448493003845215,0,train
14,le_ddbf24,6.931843280792236,7.2909698486328125,0,train
14,le_08e1b5,5.908102989196777,7.147721767425537,0,train
14,le_256cce,6.631762504577637,5.435430526733398,0,train
14,he_0e2b7a,8.128392219543457,8.332839012145996,0,validation
14,he_6cfa07,6.873138427734375,7.6362810134887695,0,validation
14,he_85ff02,9.429946899414062,10.615042686462402,0,train
14,le_39b3e3,7.0777106285095215,6.715747833251953,0,train
14,he_351fa1,6.307535648345947,5.5758957862854,0,validation
14,le_d2662d,6.438173770904541,6.367785453796387,0,train
14,he_6e2164,6.653727054595947,6.095183372497559,0,validation
14,he_321338,7.186646461486816,6.8621087074279785,0,train
14,he_b9c59b,7.617218017578125,7.521220684051514,0,train
14,he_5ba506,7.774694919586182,7.238324165344238,0,train
14,he_955633,6.482265949249268,5.837991714477539,0,train
14,he_711362,7.093029499053955,6.716482162475586,0,validation
14,le_380ed6,6.962538242340088,6.993717670440674,0,train
14,he_eb5653,7.142017841339111,6.792686462402344,0,train
14,le_ef147f,7.879469394683838,6.302258491516113,0,validation
14,le_bd5553,6.321491241455078,5.674097061157227,0,validation
14,he_e8d0d4,5.849118232727051,5.881387233734131,0,train
14,le_ac58bc,6.69799280166626,6.088540077209473,0,train
14,le_6e93a8,5.364688396453857,5.211806297302246,0,train
14,le_a672ff,7.771473407745361,8.352265357971191,0,validation
14,he_59f481,8.18441104888916,10.121192932128906,0,train
14,le_32e365,5.983470439910889,5.6681389808654785,0,validation
14,he_253e64,8.769064903259277,9.392971992492676,0,validation
14,he_1589ac,8.103513717651367,10.064286231994629,0,validation
14,he_0352a5,6.528164386749268,5.906838893890381,0,validation
14,he_0fe808,7.254526615142822,6.96769905090332,0,validation
14,he_4dfc9a,6.788430690765381,6.24266242980957,0,train
14,he_53a37b,6.817363739013672,6.7905097007751465,0,validation
14,he_3b1424,7.8644633293151855,7.9229936599731445,0,train
14,he_af8dbf,7.758222579956055,7.75035285949707,0,validation
14,he_a3e3a4,8.191507339477539,8.454440116882324,0,validation
14,le_622f03,5.840393543243408,4.845584392547607,0,validation
14,he_f40d7e,7.063130855560303,6.956956386566162,0,train
14,he_ad2c6f,6.9634199142456055,6.514867305755615,0,validation
14,he_557676,6.83477783203125,6.658532619476318,0,validation
14,he_3c577e,6.846818447113037,6.333487510681152,0,train
14,le_661759,8.029831886291504,7.349270820617676,0,validation
14,he_1aca60,7.052815914154053,7.5935468673706055,0,validation
14,he_dab57d,7.259277820587158,5.912139415740967,0,validation
14,le_7b2851,7.973241329193115,8.296154975891113,0,train
14,le_ef4386,8.38148307800293,7.748939514160156,0,train
14,he_81c663,7.145284652709961,6.83251953125,0,train
14,le_cde2f8,7.775200843811035,8.293651580810547,0,train
14,he_781a92,6.562124729156494,5.9577789306640625,0,train
14,he_a777f6,7.348160743713379,7.113353252410889,0,train
14,he_ee4bcc,7.038856506347656,6.632213115692139,0,train
14,le_bc79cd,6.916357517242432,6.074618816375732,0,validation
14,he_0e1b16,8.036368370056152,8.202341079711914,0,validation
14,he_d16357,7.370031833648682,7.147374629974365,0,train
14,he_28e587,6.700806140899658,5.653491497039795,0,train
14,he_41a754,6.888162612915039,5.616474151611328,0,train
14,le_70d46f,6.036014080047607,6.176115989685059,0,validation
14,le_ffbca1,8.513160705566406,7.844280242919922,0,train
14,he_616252,7.43637228012085,7.350942134857178,0,train
14,he_a4594f,6.4480485916137695,6.134816646575928,0,train
14,le_b8feee,6.133604049682617,7.500630855560303,0,train
14,le_eb9660,6.9784393310546875,6.226010322570801,0,train
14,le_363c70,8.684805870056152,7.2333149909973145,0,train
14,le_6bde61,9.35414981842041,7.905338764190674,0,validation
14,le_c04ae8,7.831275939941406,9.113116264343262,0,validation
14,he_4a3727,8.609012603759766,9.577768325805664,0,train
14,le_c880b0,7.872405052185059,8.000248908996582,0,validation
14,le_766228,7.595475673675537,6.609376907348633,0,validation
14,le_9c4270,5.2896833419799805,5.210787773132324,0,train
14,he_87d8a7,8.456839561462402,8.946860313415527,0,validation
14,he_8feb2d,8.008230209350586,7.443560600280762,0,validation
14,he_f01b48,7.735528945922852,7.713475227355957,0,validation
14,le_58079b,5.593137264251709,6.039970397949219,0,train
14,le_5088b4,8.711272239685059,8.086679458618164,0,train
14,he_6528fe,6.030059814453125,5.247496128082275,0,validation
14,le_aa12de,7.555808067321777,6.6792707443237305,0,train
14,he_3d059e,7.949906826019287,8.07783031463623,0,train
14,le_feadea,6.216470241546631,5.984571933746338,0,train
14,he_0724b7,8.539563179016113,8.697795867919922,0,validation
14,he_cd16a6,5.499505043029785,4.471363067626953,0,validation
14,le_5b76d0,6.133681297302246,5.909494876861572,0,validation
14,he_dfc951,7.799221515655518,7.816976547241211,0,validation
14,he_ff9f62,5.6234517097473145,4.732632160186768,0,validation
14,le_7a26ee,7.432934284210205,8.255836486816406,0,validation
14,le_3fc415,6.832133769989014,7.447044372558594,0,train
14,he_79241f,6.880393028259277,7.182679653167725,0,train
14,he_51d69d,7.766226291656494,8.25802993774414,0,validation
14,he_660f4d,7.597322940826416,7.500938415527344,0,train
14,le_69cfdb,5.574461460113525,5.576259136199951,0,train
14,le_472126,8.262777328491211,7.089475154876709,0,train
14,le_4c7bcc,6.506752967834473,7.464138031005859,0,train
14,he_7d5015,8.394407272338867,9.29606819152832,0,validation
14,he_da468b,6.7260613441467285,6.568997383117676,0,validation
14,le_a1bed9,8.17846393585205,7.2778496742248535,0,train
14,he_b190e2,8.176408767700195,10.22054386138916,0,train
14,le_322936,6.2932820320129395,5.75189208984375,0,train
14,le_39ed4e,5.636890411376953,5.71436882019043,0,train
14,he_139129,7.969342231750488,8.004257202148438,0,train
14,he_4615cf,6.730865001678467,7.899618148803711,0,validation
14,he_910819,6.370850086212158,6.19026517868042,0,validation
14,he_03ff44,6.8762922286987305,6.4290313720703125,0,validation
14,he_c5228c,7.895540714263916,7.057239532470703,0,train
14,le_510ee4,6.446627616882324,7.601720333099365,0,validation
14,le_01c1d1,7.336188793182373,8.389875411987305,0,train
14,he_be5e6c,6.969963073730469,6.642945766448975,0,validation
14,he_035cdd,6.766041278839111,6.207833766937256,0,validation
14,le_83ec82,6.231867790222168,5.641020774841309,0,train
14,le_10bdc8,5.7142839431762695,5.9275689125061035,0,train
14,he_08841b,6.042559623718262,5.261260509490967,0,validation
14,le_1438c8,6.765532493591309,6.348210334777832,0,train
14,le_28ff23,6.35717248916626,6.692557334899902,0,validation
14,le_26094c,7.789597988128662,7.536111354827881,0,validation
14,he_5bb743,7.320060729980469,7.038339614868164,0,train
14,le_400c54,6.354255676269531,5.377034664154053,0,train
14,le_044ad6,6.145525932312012,6.008392810821533,0,validation
14,le_63f66e,5.593991756439209,4.9830522537231445,0,train
14,le_9f1d40,6.145557880401611,5.641206741333008,0,validation
14,le_59dd77,8.102215766906738,7.512092113494873,0,validation
14,he_05a66f,7.092746257781982,6.716042995452881,0,train
14,he_758929,6.410102367401123,6.830874443054199,0,validation
14,le_acce2f,6.259675979614258,5.828248977661133,0,validation
14,he_ab9692,6.8352742195129395,6.367505073547363,0,train
14,he_b5456c,6.2985453605651855,5.5624098777771,0,validation
14,le_bc7d24,6.440896511077881,7.717893123626709,0,train
14,le_801110,6.3125810623168945,5.571577072143555,0,train
14,le_eaae1c,6.946285247802734,6.6405110359191895,0,validation
14,he_708f00,7.37212610244751,7.902126312255859,0,train
14,le_b43f6c,7.48472261428833,7.55079460144043,0,validation
14,le_590a7e,5.725268840789795,5.334447860717773,0,validation
14,le_130ed1,5.915464878082275,5.60900354385376,0,train
14,he_f65738,8.708772659301758,10.512083053588867,0,train
14,he_a779a4,6.938570976257324,6.4762115478515625,0,validation
14,he_13dd33,6.700705051422119,5.658834934234619,0,validation
14,le_9ab3c8,5.783624649047852,5.294212818145752,0,validation
14,he_37695e,4.558425426483154,5.189757347106934,0,validation
14,he_715e4a,6.604247093200684,6.020962715148926,0,validation
14,le_cf14b0,6.267096519470215,6.267096519470215,0,train
14,le_458c04,5.9367780685424805,5.258896350860596,0,validation
14,le_321164,6.852502346038818,7.449039459228516,0,train
14,he_69af03,6.907718658447266,6.428220748901367,0,train
14,he_3179bb,7.260002136230469,5.93364143371582,0,train
14,le_1a2bdc,6.875306606292725,7.964237689971924,0,train
14,le_6d4621,6.029407024383545,5.795516490936279,0,validation
14,le_f6fa0e,7.290655612945557,6.276920318603516,0,validation
14,le_8ee86d,6.842432022094727,6.400245666503906,0,validation
14,he_6fcaa9,6.877044677734375,6.380504131317139,0,validation
14,le_c1040c,8.628915786743164,8.136563301086426,0,validation
14,he_4cb4e1,7.113642692565918,6.74854850769043,0,validation
14,le_bc95e6,7.391226291656494,7.483668804168701,0,validation
14,le_a07c3a,7.293015956878662,7.487712383270264,0,validation
14,he_83c6f7,7.927365779876709,8.025211334228516,0,train
14,le_49d277,7.065049648284912,5.997274875640869,0,validation
14,le_87d2fd,6.3343186378479,5.687103271484375,0,train
14,le_ba271f,7.405654430389404,6.984177589416504,0,validation
14,le_1a29b0,6.609999179840088,6.353327751159668,0,train
14,he_279227,7.733974933624268,8.452982902526855,0,validation
14,le_05a5f2,6.055504322052002,5.633126258850098,0,validation
14,le_ac3893,6.528985023498535,5.563798427581787,0,validation
14,he_d65115,7.975522518157959,9.577226638793945,0,validation
14,le_fa9cc3,7.810883045196533,8.114627838134766,0,validation
14,le_b0fdf1,6.4275970458984375,6.0289998054504395,0,validation
14,le_5a52c0,6.926516532897949,8.528743743896484,0,validation
14,he_d1f643,7.0504889488220215,5.707223892211914,0,validation
14,le_d20bd3,7.683666229248047,6.793158054351807,0,train
14,he_992e41,6.729275226593018,6.303326606750488,0,train
14,le_cc6043,5.737494468688965,5.02933931350708,0,validation
14,he_c8b376,6.806554317474365,6.630026340484619,0,train
14,le_d21039,7.971702575683594,6.934629440307617,0,validation
14,le_5b5cf8,6.463062286376953,6.072271347045898,0,train
14,he_56e7b9,7.250068664550781,6.042438983917236,0,train
14,le_4229e2,6.554261207580566,6.755612373352051,0,validation
14,le_1a2492,7.284212589263916,8.151471138000488,0,validation
14,he_deb7c1,6.566259384155273,7.981937408447266,0,validation
14,le_4f31ff,7.6681976318359375,7.954905033111572,0,validation
14,he_221288,7.9357686042785645,9.995644569396973,0,validation
14,le_7b2aea,7.9777021408081055,9.116987228393555,0,train
14,le_8045b0,7.087162017822266,6.3660054206848145,0,train
14,he_537134,7.164642810821533,6.827880859375,0,validation
14,he_2fe81b,6.476190090179443,5.961480617523193,0,validation
14,he_a962bf,7.573258399963379,7.58502197265625,0,validation
14,le_50582c,7.036022663116455,5.6601881980896,0,validation
14,he_f55329,6.395131587982178,5.7072906494140625,0,validation
14,he_43d1e1,7.237542629241943,7.944528579711914,0,validation
14,he_4ec47d,6.78965425491333,6.241068363189697,0,validation
14,le_f28e73,7.177002429962158,6.519227027893066,0,validation
14,le_37a2d1,7.196802139282227,7.275745391845703,0,train
14,he_c20788,6.923823833465576,6.453272819519043,0,validation
14,le_764df2,6.915794849395752,6.950244903564453,0,validation
14,he_c6590f,6.305529594421387,5.572888374328613,0,train
14,he_60ed0a,5.822266578674316,5.014286518096924,0,validation
14,he_5df55a,8.955286026000977,11.528678894042969,0,validation
14,he_734cd1,5.942333698272705,5.870950222015381,0,train
14,le_de6e1e,5.778095245361328,6.176303386688232,0,validation
14,le_b4482a,6.463291168212891,5.86982536315918,0,validation
14,he_57a478,7.1998820304870605,6.882698059082031,0,validation
14,le_0af460,6.5855255126953125,6.389068126678467,0,validation
14,le_f0d06e,9.242636680603027,7.882527828216553,0,train
14,le_1c128f,8.038763999938965,7.577095031738281,0,train
14,le_a85ddb,7.156073570251465,6.508169651031494,0,validation
14,he_85af94,6.934290885925293,6.469555377960205,0,train
14,he_63befa,6.215924263000488,5.513427734375,0,validation
14,he_652056,7.97938871383667,9.0787992477417,0,validation
14,he_0d36d6,6.946228504180908,6.488124370574951,0,train
14,le_e0fa5c,6.468916893005371,5.651251316070557,0,validation
14,he_48966d,7.5763092041015625,7.828605651855469,0,train
14,le_4d537b,5.849823951721191,5.546300411224365,0,validation
14,le_9d8415,6.164514064788818,5.3940749168396,0,validation
14,he_487634,8.725781440734863,9.645088195800781,0,train
14,le_5ca495,7.353415489196777,7.2041473388671875,0,train
14,he_3caee5,7.825016975402832,9.164190292358398,0,train
14,le_a61898,7.9608049392700195,7.678657054901123,0,validation
14,he_6effe8,6.610959053039551,6.171597957611084,0,validation
14,le_01c9ec,7.101522922515869,6.467351913452148,0,train
14,le_b8397b,6.270029544830322,5.968932628631592,0,train
14,he_94fd55,7.7631001472473145,7.758279800415039,0,validation
14,le_01f7f4,8.001965522766113,7.7144598960876465,0,validation
14,le_3730f0,7.937614917755127,7.653080940246582,0,train
14,le_d66bd6,7.951221466064453,8.091893196105957,0,train
14,le_4356f8,7.8809614181518555,7.181653022766113,0,validation
14,le_0155ee,6.120957851409912,9.219850540161133,0,validation
14,he_380d40,7.752509593963623,7.741068363189697,0,train
14,le_1bd9fa,6.623922348022461,6.372413635253906,0,train
14,he_195589,7.072116851806641,6.683951377868652,0,validation
14,le_4f6999,8.051356315612793,8.084986686706543,0,train
14,he_d5d6ab,7.383049964904785,7.140697479248047,0,train
14,he_c90fcd,6.80142068862915,6.5791425704956055,0,validation
14,le_3ccf61,7.629567623138428,7.897725582122803,0,validation
14,le_b9c5c4,7.905397891998291,7.48760986328125,0,train
14,le_a6ce35,7.993494033813477,7.933291912078857,0,train
14,le_12c34b,5.99043083190918,5.2602858543396,0,validation
14,le_7c71da,5.904465198516846,5.123780727386475,0,validation
14,he_dbbed2,7.566887855529785,7.453596115112305,0,train
14,he_fcf200,6.6356425285339355,6.068057060241699,0,validation
14,le_84b6bb,6.68873929977417,6.12449312210083,0,train
14,he_1f22c4,7.180898666381836,7.5048065185546875,0,train
14,le_a9f11f,8.437305450439453,7.225527286529541,0,validation
14,le_1911ce,8.891156196594238,10.066901206970215,0,validation
14,he_0d9235,7.016902446746826,8.358943939208984,0,validation
14,le_83decd,8.529255867004395,9.6152925491333,0,validation
14,he_412004,8.005515098571777,8.152202606201172,0,validation
14,he_9910b5,7.245338439941406,6.9534077644348145,0,train
14,he_98349a,6.448544979095459,6.301424503326416,0,validation
14,le_404d16,6.973242282867432,6.308835029602051,0,train
14,le_00eeb2,7.717711448669434,8.895220756530762,0,train
14,le_1ccf16,7.411965370178223,8.084614753723145,0,validation
14,le_7261d3,5.842677593231201,5.201880931854248,0,train
14,le_45d4cb,5.8710246086120605,5.439619541168213,0,validation
14,le_694adb,6.9988837242126465,6.586315155029297,0,train
14,le_70cf78,9.105511665344238,8.649687767028809,0,validation
14,he_e97c8c,7.064699649810791,6.711643218994141,0,train
14,he_0a5ec7,6.74806022644043,6.236682891845703,0,train
14,he_40a91b,7.5616912841796875,6.807962894439697,0,validation
14,he_cdc607,6.731992721557617,5.862455368041992,0,train
14,he_89ad62,7.161312580108643,7.805879592895508,0,train
14,le_8deff5,6.549501895904541,6.608565330505371,0,validation
14,he_e1a03a,5.918907165527344,5.443569660186768,0,validation
14,le_52447f,7.451787948608398,6.804074287414551,0,validation
14,he_fb1124,8.665678977966309,11.649327278137207,0,train
14,le_523a81,5.594400882720947,5.238420486450195,0,validation
14,he_5608ba,6.805970668792725,6.446359157562256,0,train
14,le_8198ec,9.388871192932129,8.008331298828125,0,train
14,he_d85c04,7.553349018096924,7.41743278503418,0,validation
14,he_403257,8.132880210876465,8.130122184753418,0,train
14,le_e568c3,6.481969833374023,6.141747951507568,0,train
14,he_86eeae,5.206260681152344,6.003149032592773,0,validation
14,le_dfd822,8.619951248168945,10.408604621887207,0,train
14,le_c50a04,6.078822135925293,7.8483123779296875,0,train
14,le_8de934,6.568776607513428,7.199860095977783,0,train
14,he_47238e,6.829265117645264,6.30618143081665,0,validation
14,he_d6039a,6.243533611297607,7.336765289306641,0,validation
14,le_29fc1c,9.090493202209473,8.531903266906738,0,validation
14,he_076917,6.080638408660889,5.222766399383545,0,validation
14,le_91c567,6.200302600860596,5.929815292358398,0,validation
14,le_f58d84,6.912911415100098,6.555267810821533,0,validation
14,he_f0d231,6.415002346038818,5.9437150955200195,0,validation
14,le_7427b9,6.31778621673584,6.787229537963867,0,validation
14,le_7716d1,8.460710525512695,9.346221923828125,0,validation
14,he_0db92b,6.559566974639893,5.953943729400635,0,train
14,le_6975d5,7.505843639373779,7.271707057952881,0,train
14,he_4f7ff0,7.005482196807861,8.328224182128906,0,validation
14,he_e7fbc9,8.312445640563965,8.222918510437012,0,train
14,he_6c7977,7.684119701385498,7.629934310913086,0,validation
14,le_83615b,9.077611923217773,9.382502555847168,0,train
14,le_e50e4d,6.467565059661865,5.625461101531982,0,train
14,he_feda4e,7.55032205581665,8.952205657958984,0,validation
14,he_056a76,9.669081687927246,11.472484588623047,0,train
14,le_a0c615,6.895914554595947,6.743990421295166,0,train
14,he_25e97e,8.07926082611084,8.272040367126465,0,train
14,he_b85d24,8.038237571716309,8.932793617248535,0,validation
14,le_c470c6,7.761155605316162,8.115172386169434,0,validation
14,he_e554b0,6.81386661529541,6.282229423522949,0,train
14,le_a8ce41,6.003855228424072,7.543298244476318,0,train
14,le_56f182,5.948657989501953,6.740911960601807,0,train
14,le_5ff624,8.453753471374512,8.523506164550781,0,validation
14,le_c3a6f8,7.036644458770752,6.303708076477051,0,validation
14,le_2f43e7,7.981009006500244,8.51955509185791,0,train
14,le_0bda07,7.1790008544921875,7.461763858795166,0,validation
14,le_f39982,6.102912902832031,5.689950466156006,0,train
14,he_0fab59,6.5218353271484375,5.897346019744873,0,validation
14,le_a1c863,6.651302337646484,6.13967752456665,0,train
14,he_512e0a,8.022547721862793,8.392162322998047,0,train
14,le_2ba026,6.997526168823242,7.051591396331787,0,train
14,he_2044e1,7.294451713562012,6.38123893737793,0,validation
14,he_552813,7.198299407958984,6.928587436676025,0,train
14,he_caef9f,6.049773216247559,5.271753311157227,0,train
14,he_bf08f5,7.555517673492432,8.303811073303223,0,validation
14,he_959231,7.113740921020508,7.017393589019775,0,validation
14,le_2c1c76,5.974677085876465,5.622898578643799,0,train
14,he_b63add,7.3269195556640625,7.0803117752075195,0,train
14,he_a2b8a1,7.640964031219482,7.559808731079102,0,validation
14,le_8578d9,8.621719360351562,8.10793685913086,0,train
14,le_b41a4d,6.555989742279053,6.638390064239502,0,validation
14,le_80446d,7.221139430999756,5.9565582275390625,0,train
14,le_e8dc06,6.193558692932129,5.946554183959961,0,train
14,le_226bc8,6.983561038970947,6.773181915283203,0,train
14,le_fa7d2c,5.843569755554199,5.3165507316589355,0,validation
14,he_063fc0,7.2402729988098145,5.943420886993408,0,train
14,he_affe4b,7.0568928718566895,6.660268783569336,0,validation
14,le_55232c,8.055282592773438,7.351566791534424,0,validation
14,he_01cfbe,7.925198554992676,8.021688461303711,0,validation
14,le_6cbd20,9.1227388381958,10.138030052185059,0,validation
14,he_4fd2c6,6.650474548339844,6.090303421020508,0,validation
14,le_d07324,7.323833465576172,6.175307273864746,0,validation
14,he_149c5b,7.229077339172363,6.928112506866455,0,train
14,he_7b0696,6.8686957359313965,6.367518901824951,0,train
14,le_5ff0f8,6.417548656463623,7.061559200286865,0,validation
14,he_bfbfe0,6.378713607788086,5.682662010192871,0,validation
14,le_2c1fd3,5.668400287628174,6.312885284423828,0,train
14,he_113880,7.310743808746338,7.251008033752441,0,train
14,he_43444c,6.301391124725342,5.566679954528809,0,train
14,he_63e860,8.773280143737793,13.552477836608887,0,train
14,he_30ba2d,6.777485370635986,6.280819416046143,0,validation
14,he_b516c8,6.772363185882568,6.217668533325195,0,validation
14,he_061e2c,7.624086380004883,7.519278526306152,0,train
14,le_430535,7.277958393096924,7.747543811798096,0,validation
14,le_2ce311,7.290888786315918,6.884836673736572,0,validation
14,le_9a7a59,6.782264232635498,6.6477766036987305,0,train
14,le_54d379,6.813454627990723,5.886446475982666,0,train
14,le_52b809,7.787843227386475,8.77748966217041,0,train
14,le_f66fec,6.060000896453857,5.640085220336914,0,train
14,he_d9b3a0,6.637495994567871,6.070837497711182,0,validation
14,le_2e65e7,6.128783702850342,7.177576065063477,0,validation
14,le_eb89a4,7.581230163574219,7.470339298248291,0,validation
14,he_a7bf3c,7.145121097564697,6.754063606262207,0,validation
14,le_275fa9,8.314595222473145,8.886244773864746,0,train
14,he_16c2e2,6.790855884552002,6.300877571105957,0,train
14,le_763996,7.717219829559326,6.053073883056641,0,validation
14,le_c9ff75,8.099652290344238,7.692619800567627,0,validation
14,le_eb4323,7.163491249084473,6.238803386688232,0,validation
14,he_0935e0,6.936553955078125,6.27273416519165,0,validation
14,le_28d5fc,7.600773811340332,6.099294662475586,0,train
14,le_f85aef,7.035722255706787,6.470066070556641,0,train
14,he_8743aa,7.648255348205566,7.571657180786133,0,validation
14,he_77325b,7.123910427093506,6.764519691467285,0,train
14,le_194430,7.047500133514404,6.302493095397949,0,train
14,he_0d978a,7.398784160614014,7.192099571228027,0,validation
14,he_d5d228,7.262618541717529,7.646198272705078,0,train
14,he_703227,6.647289752960205,5.916831970214844,0,validation
14,he_01e8ed,6.3769636154174805,5.6800384521484375,0,train
14,he_5785c0,6.7746052742004395,6.276500701904297,0,validation
14,le_e7ceaf,7.541316032409668,7.153845310211182,0,validation
14,he_11ed24,6.3802595138549805,5.6849822998046875,0,validation
14,he_f65f6e,6.566823959350586,5.844371795654297,0,validation
14,he_726d3f,6.868385314941406,6.41717004776001,0,validation
14,le_dd8888,6.172670841217041,5.297407627105713,0,train
14,le_d042c2,7.006710529327393,6.508744716644287,0,train
14,le_39c6ce,6.9081130027771,6.646612167358398,0,validation
14,he_ab7281,6.972531795501709,6.529040336608887,0,train
14,he_019042,6.726830959320068,5.927350997924805,0,validation
14,le_d52c87,6.845837593078613,6.576908588409424,0,validation
14,he_112f6d,6.686591148376465,6.144479274749756,0,validation
14,le_4528f1,8.545178413391113,6.740464687347412,0,train
14,he_711892,6.468687534332275,7.377017021179199,0,validation
14,le_34558e,5.795382022857666,4.938122272491455,0,train
14,he_8066c3,7.540755748748779,7.396969795227051,0,train
14,he_fe4ada,7.492827892303467,8.559304237365723,0,validation
14,le_58b819,9.2364501953125,8.878045082092285,0,train
14,he_eae292,7.587066173553467,7.484983444213867,0,validation
14,he_14019f,6.378322601318359,6.668328285217285,0,validation
14,he_673c7e,6.997974872589111,6.611554145812988,0,train
14,he_d5db57,7.176952838897705,6.763791084289551,0,validation
14,le_7badf8,6.954433441162109,6.097135543823242,0,validation
14,le_912a2a,7.559654235839844,7.839513301849365,0,train
14,he_95ee8c,7.451508045196533,7.27411413192749,0,validation
14,le_8761f6,7.236104965209961,6.363824844360352,0,validation
14,le_5d7507,7.394442558288574,7.94442892074585,0,train
14,le_5863fc,6.928678512573242,6.839486598968506,0,validation
14,he_853422,7.287933826446533,7.01966667175293,0,validation
14,he_4e43b9,7.769782543182373,7.165457725524902,0,train
14,he_a39ebf,7.004533767700195,8.804903030395508,0,validation
14,le_80e3b0,5.8347272872924805,5.8318963050842285,0,train
14,le_e11ea9,6.548222064971924,5.974656105041504,0,validation
14,he_e69885,6.602924823760986,6.018979072570801,0,train
14,le_5d62d2,6.162496566772461,5.534257888793945,0,train
14,le_a8ce3a,7.58425760269165,7.306493282318115,0,validation
14,he_477534,7.016260623931885,7.362183570861816,0,train
14,he_4528d8,7.575817584991455,6.770664215087891,0,validation
14,le_315c9d,6.222964763641357,6.0164899826049805,0,train
14,he_9c907a,7.9434494972229,9.22606086730957,0,train
14,he_bc8ef0,6.456209659576416,5.798907279968262,0,validation
14,le_ff4463,7.391427516937256,7.334378719329834,0,train
14,he_b63a86,6.946903705596924,8.132091522216797,0,validation
14,le_6fe94c,5.902666091918945,6.057933330535889,0,train
14,le_b554e0,6.433978080749512,5.661640644073486,0,validation
14,he_905478,6.434256076812744,5.583095550537109,0,validation
14,le_ae27bc,6.365504264831543,6.059055328369141,0,validation
14,le_86dde0,6.845093250274658,6.733067512512207,0,validation
14,le_3235a7,6.009851455688477,5.773122787475586,0,train
14,le_560bc5,7.633975982666016,7.984035968780518,0,validation
14,le_b2d8a4,7.052814483642578,7.094155311584473,0,train
14,he_57b66a,7.4417500495910645,8.823328018188477,0,train
14,he_8b6e8a,6.6847100257873535,6.081318378448486,0,train
14,he_0ad37b,7.639199256896973,7.566079139709473,0,validation
14,he_1f1796,7.3156657218933105,7.062804698944092,0,validation
14,he_c788c4,6.728125095367432,10.583498001098633,0,train
14,le_3e0c8b,6.220566272735596,5.73077392578125,0,validation
14,le_ad29d4,8.403244972229004,8.752792358398438,0,validation
14,he_9ead18,6.634527683258057,7.119500160217285,0,train
14,le_a9c8e7,6.638634204864502,8.473794937133789,0,train
14,he_fa775e,8.486472129821777,11.249610900878906,0,train
14,he_6eb3b7,5.685750484466553,6.019003868103027,0,train
14,le_b68792,7.451128005981445,7.3876495361328125,0,train
14,le_7491ba,6.47251558303833,5.905038833618164,0,train
14,le_155906,8.055943489074707,8.578644752502441,0,validation
14,le_71250d,9.091267585754395,7.275232791900635,0,train
14,he_945b84,6.130908012390137,5.389768123626709,0,validation
14,le_767019,8.400389671325684,8.235308647155762,0,validation
14,le_bea3b5,6.483034133911133,6.359371662139893,0,validation
14,le_1a7ab7,5.412059307098389,6.548315048217773,0,train
14,he_0445e3,6.865309715270996,6.796370029449463,0,validation
14,he_ebb18a,6.384384632110596,5.396651744842529,0,train
14,he_04607e,6.477325916290283,5.830580711364746,0,train
14,le_8dffb2,6.600627899169922,6.016373634338379,0,validation
14,he_bf7958,6.9088134765625,5.961495399475098,0,validation
14,he_865b01,6.970829486846924,6.526391983032227,0,validation
14,he_5422d6,6.769434928894043,6.213113307952881,0,validation
14,le_1b77f0,5.834147930145264,6.303937911987305,0,validation
14,he_061f19,6.4639410972595215,5.821720123291016,0,train
14,le_ab66f0,6.238523483276367,5.877246379852295,0,train
14,le_33de79,7.68314790725708,8.836063385009766,0,validation
14,he_4d16d8,7.957516670227051,8.567075729370117,0,train
14,he_7141aa,5.809568405151367,5.224780559539795,0,validation
14,le_b7b78e,6.115601062774658,5.989610195159912,0,train
14,le_341408,6.165793418884277,7.680365562438965,0,validation
14,he_e7f057,5.843694686889648,5.044644832611084,0,validation
14,le_c975ec,6.527960300445557,6.0841898918151855,0,train
14,he_b9dc56,6.4046311378479,5.721538066864014,0,validation
14,he_b9ba5e,7.622439384460449,8.429316520690918,0,train
14,le_3ef247,8.542177200317383,9.058744430541992,0,validation
14,le_945414,6.442626476287842,7.119070053100586,0,train
14,le_73a0f6,5.935234546661377,5.23261833190918,0,validation
14,le_f790ca,6.334409713745117,5.58455753326416,0,train
14,le_3c1dbd,9.008576393127441,8.187003135681152,0,train
14,he_ac375a,7.76527214050293,8.720206260681152,0,validation
14,he_d0547e,7.905798435211182,7.7505598068237305,0,train
14,le_0e80d9,6.097850322723389,6.0859456062316895,0,train
14,he_9a731c,6.643369674682617,6.669887542724609,0,validation
14,he_442910,6.335514545440674,6.638432502746582,0,validation
14,le_ae71bb,6.833364963531494,6.2980241775512695,0,validation
14,he_0c8461,8.345315933227539,10.525358200073242,0,validation
14,le_36906d,7.869854927062988,7.4847869873046875,0,validation
14,he_c72991,7.649529457092285,7.582149982452393,0,train
14,le_698ed0,7.393929481506348,5.910231113433838,0,train
14,le_2f8b4e,6.51272439956665,6.530237197875977,0,validation
14,le_096a5a,6.40164041519165,5.389212608337402,0,train
14,he_b62509,6.542531490325928,5.860151767730713,0,validation
14,le_ad984a,8.714612007141113,7.263246059417725,0,train
14,he_2aef37,6.626440048217773,6.643442630767822,0,validation
14,le_4e404a,5.868012428283691,5.504663467407227,0,train
14,he_8f57fb,7.347270488739014,7.111968040466309,0,train
14,he_10c218,6.657342433929443,7.123270511627197,0,train
14,he_a7eb16,7.389012336730957,7.176900863647461,0,train
14,le_157346,6.6170830726623535,6.521539211273193,0,train
14,he_4c56d3,7.637028217315674,7.553412437438965,0,validation
14,le_875512,6.057739734649658,5.61543607711792,0,validation
14,le_f593c2,5.956082344055176,5.925507545471191,0,train
14,le_43f436,7.611942768096924,8.291793823242188,0,train
14,he_fa6948,6.760355472564697,7.838932037353516,0,validation
14,he_cc58af,6.639455795288086,6.709233283996582,0,train
14,le_9aabb9,6.8278093338012695,6.72805643081665,0,train
14,he_256c48,7.136673927307129,6.784374713897705,0,validation
14,he_301a3e,8.14339542388916,8.376258850097656,0,train
14,he_bda96d,6.889720439910889,7.021988868713379,0,validation
14,le_d031d2,6.484227180480957,6.620502471923828,0,train
14,he_935b9f,8.052251815795898,7.716981410980225,0,train
14,he_f51b67,5.872913360595703,5.014503002166748,0,train
14,le_1223ad,5.74702787399292,5.274740219116211,0,validation
14,le_59e8c6,7.701969146728516,7.386213779449463,0,train
14,he_fd9c4c,8.134536743164062,8.361861228942871,0,train
14,he_4e95fa,8.297446250915527,9.802406311035156,0,train
14,he_5863f3,6.960610866546631,7.1140241622924805,0,train
14,le_327267,6.412209510803223,5.998950481414795,0,validation
14,le_d61b54,8.729403495788574,7.9150543212890625,0,validation
14,he_69475d,7.2786736488342285,6.971086025238037,0,validation
14,he_f152e5,6.82079553604126,6.3457865715026855,0,train
14,le_5704eb,8.2424955368042,7.2481770515441895,0,validation
14,le_c5b6c0,7.60331392288208,7.302918910980225,0,validation
14,he_90123f,8.126298904418945,8.460199356079102,0,train
14,he_0bee72,7.446186542510986,7.265837669372559,0,validation
14,he_68742b,7.549731731414795,7.426908016204834,0,validation
14,he_b7e84d,6.717552185058594,6.190920829772949,0,validation
14,he_765035,7.122171401977539,6.980964660644531,0,train
14,le_e7dcfd,6.26143217086792,6.369823455810547,0,validation
14,he_a9942d,7.322137832641602,7.562966823577881,0,validation
14,he_d1ef4d,6.876558303833008,6.450257778167725,0,validation
14,le_f9fcdf,6.468358039855957,6.430691242218018,0,validation
14,he_b2fbe6,8.13868522644043,8.36860466003418,0,train
14,le_338fc2,6.505817413330078,5.945631504058838,0,validation
14,he_51a0c7,6.444285869598389,6.027414321899414,0,validation
14,le_77f475,7.5188469886779785,8.590964317321777,0,validation
14,le_0e684b,8.38500690460205,8.408854484558105,0,validation
14,he_19058d,5.590801239013672,4.686378002166748,0,train
14,he_b5f00f,5.537353038787842,4.610659599304199,0,train
14,he_1ef995,7.6499409675598145,7.226910591125488,0,train
14,he_844d39,6.548424243927002,5.869318008422852,0,train
14,he_ae8e9c,6.93670129776001,6.129703998565674,0,train
14,le_6035f7,6.054894924163818,5.662048816680908,0,train
14,he_0a3039,6.046532154083252,7.404172420501709,0,train
14,le_550d25,6.520328998565674,6.892166614532471,0,validation
14,le_ec27a1,6.788872241973877,6.138648986816406,0,validation
14,he_f77454,7.320381164550781,6.74361515045166,0,validation
14,le_d7795e,6.369900226593018,6.590328216552734,0,train
14,le_1c7c91,6.431570529937744,6.230920314788818,0,validation
14,he_8a99f7,7.992287635803223,8.76208209991455,0,train
14,le_d1964b,7.343573570251465,8.45488452911377,0,validation
14,he_2dc55e,6.86240816116333,7.3465118408203125,0,train
14,le_8cccbf,7.29937219619751,7.9384379386901855,0,validation
14,le_25d7bf,6.799251556396484,6.604515552520752,0,train
14,le_d83883,7.65330171585083,8.033407211303711,0,validation
14,he_5893a2,7.138505458831787,7.865150451660156,0,train
14,he_5b4ec1,7.81489372253418,7.846379280090332,0,train
14,le_adb773,7.36085844039917,6.809047222137451,0,validation
14,he_d66410,7.258388042449951,7.6749467849731445,0,validation
14,he_d91d52,8.244196891784668,10.25027847290039,0,train
14,le_497c69,6.7056989669799805,7.387667179107666,0,validation
14,he_b70236,6.734585285186768,6.216469764709473,0,train
14,le_ecfb48,6.82949161529541,6.787092208862305,0,train
14,he_4caf0f,6.957823276519775,8.205599784851074,0,train
14,he_f7f5b8,7.440384864807129,7.25681209564209,0,train
14,he_8b8e73,6.4206085205078125,5.745505332946777,0,validation
14,he_df76e7,5.997155666351318,5.195219039916992,0,train
14,le_384eec,6.475024700164795,5.436707973480225,0,train
14,he_6a3ff1,6.197566986083984,5.486726760864258,0,train
14,le_af2269,7.074136734008789,7.002683639526367,0,validation
14,he_91e872,6.269870281219482,5.519400119781494,0,train
14,he_92a1d4,5.954120635986328,5.1326212882995605,0,train
14,le_58503c,6.403479099273682,5.4728593826293945,0,validation
14,le_9827be,6.4409027099609375,6.569766998291016,0,validation
14,he_0a2e7a,6.107348918914795,5.275616645812988,0,train
14,le_536ce6,5.924824237823486,5.561776638031006,0,validation
14,le_c47bf3,6.340033531188965,6.177231788635254,0,train
14,le_23d7e6,5.979794502258301,5.181562423706055,0,train
14,he_aea985,6.815927982330322,7.937381744384766,0,train
14,he_610a6b,6.680668354034424,6.135594367980957,0,train
14,le_0b5c71,7.66255521774292,6.8339667320251465,0,train
14,le_8e17a1,6.513321399688721,6.4225921630859375,0,train
14,he_e97a85,6.5027618408203125,5.967650413513184,0,train
14,he_baf440,7.4605021476745605,6.288496494293213,0,validation
14,he_41f4cd,6.060809135437012,5.287805557250977,0,validation
14,he_5cb9a5,7.065959453582764,6.81032657623291,0,train
14,le_59e850,6.281459808349609,5.95083475112915,0,train
14,le_130466,7.449507236480713,7.434807777404785,0,train
14,le_ae10ae,6.815952301025391,6.057143688201904,0,train
14,le_b57fb4,5.786463260650635,4.993218898773193,0,validation
14,he_122fc1,7.4873738288879395,7.310222625732422,0,validation
14,he_def558,7.496201038360596,7.7615647315979,0,train
14,he_88eef7,7.301967144012451,9.404230117797852,0,train
14,le_56db27,7.565138339996338,6.838256359100342,0,train
14,le_b72c01,7.123683452606201,7.493301868438721,0,train
14,he_e7e54d,8.099045753479004,9.175156593322754,0,train
14,he_666efe,8.341315269470215,8.697877883911133,0,train
14,le_5f218d,6.2578887939453125,5.906355857849121,0,validation
14,le_31327c,7.224880218505859,7.521612644195557,0,validation
14,le_cae6e7,6.839670658111572,6.1445817947387695,0,validation
14,he_fdfcef,8.015528678894043,8.168474197387695,0,train
14,le_53b2fd,6.394218921661377,6.200806617736816,0,train
14,le_72261f,7.873531818389893,5.676459312438965,0,train
14,le_fc3d57,7.329996585845947,7.6339192390441895,0,train
14,le_230abf,7.888949394226074,7.473527431488037,0,validation
14,le_41a3a0,6.720428466796875,6.626196384429932,0,validation
14,he_7a5e63,7.035621643066406,6.627181053161621,0,train
14,le_dfd3b4,7.995301246643066,8.238798141479492,0,validation
14,le_a2fcff,6.9830403327941895,6.335049152374268,0,validation
14,le_109683,7.793330192565918,7.476946830749512,0,validation
14,he_7057f3,6.951735973358154,5.664485931396484,0,validation
14,he_558615,6.90760612487793,7.4890828132629395,0,train
14,le_e7fc9f,6.75862979888916,6.547184467315674,0,train
14,le_ac7cf7,6.520419120788574,6.225085258483887,0,validation
14,he_9eff37,7.587181568145752,7.48516321182251,0,validation
14,le_d44ccb,6.504092693328857,5.214431285858154,0,validation
14,le_d60087,5.438632011413574,5.412023067474365,0,train
14,le_9c6ba0,6.120468616485596,7.269550323486328,0,validation
14,he_97db03,8.788108825683594,9.628013610839844,0,train
14,le_ff1ebb,7.425858020782471,7.425858020782471,0,validation
14,le_e9f735,7.546131134033203,8.13042163848877,0,train
14,he_e6d7a6,8.220308303833008,8.501242637634277,0,validation
14,he_97c074,7.9407830238342285,8.885619163513184,0,validation
14,le_d969e0,6.572559356689453,6.394168853759766,0,train
14,he_bbc8b7,8.721736907958984,9.901602745056152,0,validation
14,le_1aa1fb,6.066610813140869,5.099244117736816,0,validation
14,le_1c3df3,7.225410461425781,7.514455795288086,0,validation
14,le_b7d8a6,7.162780284881592,6.625789642333984,0,validation
14,he_9b050e,6.584688663482666,5.991625785827637,0,validation
14,le_d52c28,6.399679660797119,5.323142051696777,0,validation
14,he_3f7fe7,7.200889587402344,7.154079437255859,0,validation
14,he_b3e123,6.853455543518066,6.343811511993408,0,validation
14,le_1674c0,5.794686794281006,5.187385559082031,0,train
14,le_78f0ed,5.493783950805664,5.378392219543457,0,train
14,he_533155,7.400551795959473,7.194850444793701,0,validation
14,he_d80706,7.845083713531494,9.776329040527344,0,train
14,le_ff18cf,6.524107933044434,5.770439147949219,0,validation
14,le_8a6f35,7.380251407623291,7.702645778656006,0,validation
14,he_2edc16,6.635008335113525,6.004003524780273,0,validation
14,he_4ff1c4,6.761260509490967,8.321407318115234,0,validation
14,he_4f9390,7.761799335479736,8.058987617492676,0,validation
14,le_185d39,8.543025970458984,7.015906810760498,0,train
14,le_9b9745,7.742568492889404,7.378317832946777,0,validation
14,le_91f758,6.317986488342285,5.342227458953857,0,train
14,le_a8ed34,7.660204887390137,7.496199131011963,0,train
14,he_661ccf,7.276735305786133,6.7801713943481445,0,train
14,he_37489d,6.775493621826172,8.064760208129883,0,train
14,he_7c68af,8.293340682983398,9.466140747070312,0,train
14,le_838987,5.683192729949951,5.662233352661133,0,train
14,le_f50d64,6.707849502563477,7.74585485458374,0,validation
14,le_417bec,7.998600959777832,7.926026821136475,0,validation
14,le_a6260b,6.147830009460449,5.3727335929870605,0,train
14,he_51332a,7.134180068969727,6.723294258117676,0,validation
14,he_1ef686,7.0415120124816895,6.910439968109131,0,train
14,le_4b0989,6.256793022155762,5.6850786209106445,0,train
14,le_19c9ac,5.6977620124816895,7.216466903686523,0,train
14,he_d79548,6.375251293182373,5.6774702072143555,0,validation
14,le_6d15c9,8.12197494506836,7.312618732452393,0,validation
14,le_5b740a,6.5330729484558105,5.7723612785339355,0,train
14,le_edf950,6.346627235412598,5.5807271003723145,0,train
14,he_847dab,6.817878723144531,7.9382123947143555,0,train
14,he_a64661,6.815552234649658,6.28485107421875,0,train
14,he_cdf3a4,7.794399738311768,7.813809394836426,0,train
14,he_cabb3d,6.664835453033447,6.111845970153809,0,validation
14,he_e07220,6.1727447509765625,5.373708724975586,0,validation
14,le_57ec9b,8.51524543762207,7.960277557373047,0,train
14,he_7556fc,6.897722244262695,6.461177825927734,0,train
14,le_9468b1,9.43105411529541,9.98346996307373,0,validation
14,le_2af127,6.738480091094971,6.658121585845947,0,validation
14,he_9c8a78,5.757328033447266,4.846377849578857,0,train
14,he_2519ee,7.620245456695557,8.734825134277344,0,train
14,he_f84b71,7.086388111114502,6.706151008605957,0,train
14,le_98b680,6.562734603881836,5.733553409576416,0,train
14,le_4afc4d,9.17605209350586,8.2088041305542,0,train
14,le_d96176,7.820708751678467,8.752044677734375,0,validation
14,he_859e26,6.616001605987549,7.14849328994751,0,train
14,he_bddd26,6.516633033752441,5.8895416259765625,0,train
14,he_f07086,6.674005031585693,7.300449371337891,0,train
14,he_ffbc40,6.058345317840576,5.28422212600708,0,train
14,le_a80334,7.32156229019165,6.705162525177002,0,train
14,le_1b5d46,7.561790943145752,7.224617004394531,0,validation
14,le_f7b80b,5.780080795288086,4.950115203857422,0,validation
14,le_ceeb48,6.579329967498779,5.424671173095703,0,train
14,he_e187a0,6.1416521072387695,4.9316086769104,0,train
14,le_5f97fa,7.772251129150391,7.296712398529053,0,train
15,le_d069d3,6.7219390869140625,6.816977024078369,0,validation
15,he_47c12f,7.464522838592529,7.212724685668945,0,validation
15,le_64d75a,5.7095136642456055,5.77215051651001,0,train
15,le_259d3e,7.611569881439209,8.014437675476074,0,validation
15,he_31fd02,7.4241485595703125,6.820040225982666,0,train
15,he_cb7e90,7.953335762023926,10.616172790527344,0,train
15,he_79e9b7,7.701321601867676,9.323454856872559,0,validation
15,he_eb9923,6.295825481414795,6.506199836730957,0,validation
15,he_fb3ae1,6.553330421447754,5.871115684509277,0,validation
15,he_e12d52,8.333186149597168,9.335012435913086,0,validation
15,le_bf9a36,8.525320053100586,8.250048637390137,0,train
15,he_4a04a2,7.5951828956604,8.261893272399902,0,validation
15,le_b2752d,7.79791259765625,6.959755897521973,0,train
15,le_7aa426,6.855568885803223,7.919328212738037,0,train
15,le_98d6b3,6.7699785232543945,6.926866054534912,0,validation
15,he_0d4150,8.103496551513672,10.028422355651855,0,validation
15,he_a87a9b,7.142527103424072,7.693865776062012,0,validation
15,le_fde5e8,7.850605010986328,7.753725528717041,0,validation
15,le_78fc9a,7.509692192077637,8.157631874084473,0,train
15,le_749d9e,6.238419532775879,5.880963325500488,0,train
15,le_d82184,7.18247127532959,8.634325981140137,0,validation
15,he_81252f,6.715770721435547,7.6835222244262695,0,train
15,le_02764e,7.771734714508057,7.783670902252197,0,train
15,he_bda94e,6.851917743682861,6.318996906280518,0,train
15,le_5f185b,8.22335147857666,8.634745597839355,0,train
15,he_a8615f,6.683320999145508,6.066102027893066,0,train
15,he_929466,7.948141574859619,8.116546630859375,0,train
15,he_883cb8,7.198243141174316,6.798511981964111,0,validation
15,le_f0530f,7.3865180015563965,7.739875316619873,0,train
15,he_1d2579,5.955857276916504,5.893024444580078,0,validation
15,le_9faffe,6.191118240356445,5.8509697914123535,0,validation
15,he_842a1f,6.226207733154297,5.460732460021973,0,train
15,he_bb65e5,7.5673065185546875,7.133411407470703,0,validation
15,he_95d87e,7.034999370574951,6.544577121734619,0,train
15,le_c8410f,7.831385135650635,7.5787858963012695,0,train
15,le_e7807e,5.754509925842285,5.134259223937988,0,train
15,le_3a63b0,8.031147956848145,8.047120094299316,0,train
15,he_b61f8b,8.13437557220459,8.269761085510254,0,validation
15,he_17f529,6.044047832489014,5.490977764129639,0,train
15,he_34360a,6.589746475219727,5.925739288330078,0,train
15,le_3422e0,7.729336261749268,7.017360687255859,0,validation
15,he_a0069c,8.424072265625,8.740518569946289,0,train
15,le_ba2a87,5.382782936096191,5.599688529968262,0,train
15,le_66b5ac,8.159798622131348,7.405717372894287,0,validation
15,he_ccbb6e,7.928877353668213,8.068320274353027,0,validation
15,le_4c4592,7.303711414337158,6.572740077972412,0,validation
15,he_2b1023,7.6317901611328125,7.453057765960693,0,validation
15,le_ed8708,5.558203220367432,5.199596405029297,0,train
15,he_4ee83e,6.581727981567383,7.0981879234313965,0,validation
15,le_49a533,7.046170711517334,5.727055072784424,0,train
15,he_9ce40f,5.8496198654174805,4.912967205047607,0,train
15,le_592616,6.807619571685791,7.9083733558654785,0,validation
15,he_76ab15,7.299461841583252,6.9559645652771,0,validation
15,he_261f83,6.551086902618408,5.867751121520996,0,train
15,le_120b5b,6.682056427001953,6.070451259613037,0,train
15,le_f2acc0,6.933462619781494,6.964079856872559,0,train
15,he_04551f,7.521331310272217,7.273563861846924,0,validation
15,he_b9a930,6.239119052886963,5.703361511230469,0,train
15,le_80ca99,6.157431125640869,6.411908149719238,0,validation
15,he_334eb2,6.4634857177734375,5.647837162017822,0,validation
15,le_0c2039,6.2636189460754395,5.760055065155029,0,validation
15,he_028951,7.101772785186768,6.693779945373535,0,validation
15,le_d45347,6.569338321685791,6.09738302230835,0,train
15,he_a4529f,6.330104351043701,5.6118550300598145,0,train
15,le_234216,6.749248027801514,5.9972310066223145,0,train
15,le_9391b0,8.766900062561035,7.586399078369141,0,train
15,le_454c0b,7.615378379821777,6.924291610717773,0,validation
15,le_49db1c,8.548670768737793,10.2347993850708,0,validation
15,he_67ae44,6.008893966674805,5.144639015197754,0,train
15,le_3c9f84,7.327415466308594,6.9073967933654785,0,validation
15,he_15a710,8.227927207946777,8.909143447875977,0,train
15,he_4be430,6.673998832702637,7.634134769439697,0,validation
15,he_4435d3,7.375123500823975,6.800328731536865,0,train
15,he_de4bf9,6.729179382324219,6.068857192993164,0,validation
15,he_e361fe,7.264232158660889,6.901163101196289,0,validation
15,he_2e9fb6,6.087808132171631,5.259423732757568,0,train
15,le_b1f4ec,8.129252433776855,6.677393913269043,0,train
15,he_a3611b,6.915128231048584,6.405871391296387,0,validation
15,le_971e6c,6.231165885925293,5.745981216430664,0,validation
15,he_764bec,7.367281436920166,7.061459541320801,0,train
15,he_2b42db,7.424402236938477,7.116054534912109,0,train
15,he_a10557,7.530537128448486,7.315413475036621,0,validation
15,he_5ec5e8,6.568859577178955,5.648717403411865,0,validation
15,le_4677fe,6.727065086364746,8.920472145080566,0,validation
15,le_98525a,7.8130950927734375,6.367556571960449,0,validation
15,le_d24988,6.253898620605469,7.276240825653076,0,validation
15,he_37c485,7.431511878967285,7.161375045776367,0,validation
15,he_637e1b,6.669623851776123,6.045557498931885,0,train
15,le_aa9b3d,6.996435165405273,6.704230308532715,0,validation
15,le_092d88,8.819966316223145,8.881991386413574,0,validation
15,le_d8de43,7.4672698974609375,7.866523742675781,0,train
15,le_68cc09,5.719493865966797,6.667352199554443,0,train
15,le_814b46,5.929236888885498,5.295935153961182,0,validation
15,he_9cff74,7.180619716644287,6.775029182434082,0,train
15,le_96c6d5,8.938253402709961,9.310219764709473,0,validation
15,he_c1196d,8.245290756225586,9.809428215026855,0,train
15,he_5a6c32,7.06982946395874,6.598756790161133,0,validation
15,he_5d5f7a,7.557777404785156,7.357786178588867,0,train
15,le_3a623c,6.333222389221191,6.085317611694336,0,train
15,le_e7dea5,8.203435897827148,6.792805194854736,0,train
15,he_80b814,6.381364345550537,5.613167762756348,0,validation
15,le_09679c,6.728647232055664,8.260481834411621,0,train
15,le_d4dd8f,6.018970966339111,5.0898213386535645,0,validation
15,he_4bfcf6,6.955773830413818,6.474781036376953,0,train
15,le_8f8e8a,7.553090572357178,6.578793048858643,0,validation
15,he_eff624,7.5270256996154785,7.282817363739014,0,train
15,le_b194d6,7.161669731140137,6.285789966583252,0,validation
15,le_b1ae3c,8.91236400604248,7.482598781585693,0,validation
15,he_5597e5,6.953761577606201,6.418207168579102,0,train
15,he_8a456e,7.973844528198242,8.008899688720703,0,validation
15,he_094848,7.006368160247803,6.500040531158447,0,train
15,le_1c08db,6.047019004821777,5.798605442047119,0,train
15,he_e0689e,6.5715227127075195,6.917568206787109,0,validation
15,le_f1d98c,7.225599765777588,6.359595775604248,0,train
15,le_a818bf,5.742140769958496,5.912352085113525,0,train
15,he_b19ac2,6.788408279418945,6.223732948303223,0,train
15,he_932e9c,7.515980243682861,7.264866828918457,0,validation
15,he_e1c1ac,7.763282299041748,8.138646125793457,0,validation
15,he_acd142,7.073245525360107,6.604070663452148,0,train
15,le_daf354,7.661827564239502,8.661152839660645,0,train
15,he_c21f8c,6.0624871253967285,5.390203475952148,0,train
15,he_929f9b,6.735836982727051,6.144874572753906,0,validation
15,le_baabbc,6.488624095916748,5.442336559295654,0,train
15,he_4f27f3,7.919642925262451,7.920820236206055,0,train
15,le_c75cf6,7.064777851104736,7.511880397796631,0,validation
15,he_eaabee,6.839177131652832,7.088081359863281,0,validation
15,he_85fdc1,7.456292152404785,7.199921607971191,0,validation
15,le_d5e0b8,6.154072284698486,5.828869342803955,0,train
15,le_b001cf,7.289208889007568,6.298882007598877,0,validation
15,he_6be05d,7.430218696594238,7.663135528564453,0,train
15,le_870446,7.094163417816162,6.861488342285156,0,train
15,le_0637ba,6.146087646484375,5.427574634552002,0,train
15,he_8a549e,7.987635612487793,9.932578086853027,0,train
15,le_d025d9,7.391607284545898,6.455879211425781,0,validation
15,he_a26cfb,8.051770210266113,9.391639709472656,0,validation
15,he_836543,7.531073093414307,7.31624698638916,0,train
15,he_b8a511,6.68514347076416,6.000356674194336,0,train
15,le_0623c9,7.014639377593994,6.636232852935791,0,validation
15,he_9b18bc,7.4420390129089355,6.496251583099365,0,validation
15,he_685d08,8.459757804870605,10.055190086364746,0,train
15,le_92914d,9.797307968139648,9.331690788269043,0,train
15,he_35b068,5.944185733795166,6.1939005851745605,0,train
15,he_3a40f5,6.293009281158447,5.8286356925964355,0,train
15,le_ddbf24,6.908542633056641,7.29601526260376,0,train
15,le_08e1b5,5.8580241203308105,6.969110012054443,0,train
15,le_256cce,6.593563079833984,5.375377178192139,0,train
15,he_0e2b7a,8.157587051391602,8.317255020141602,0,validation
15,he_6cfa07,6.986264228820801,7.5869293212890625,0,validation
15,he_85ff02,9.494283676147461,10.620373725891113,0,train
15,le_39b3e3,6.953693389892578,6.534968852996826,0,train
15,he_351fa1,6.342899799346924,5.555469512939453,0,validation
15,le_d2662d,6.430802822113037,6.315121650695801,0,train
15,he_6e2164,6.720831871032715,6.122368812561035,0,validation
15,he_321338,7.301541805267334,6.959198474884033,0,train
15,he_b9c59b,7.6603803634643555,7.499518394470215,0,train
15,he_5ba506,7.6973066329956055,7.277024269104004,0,train
15,he_955633,6.45436954498291,5.722674369812012,0,train
15,he_711362,7.133327484130859,6.697531700134277,0,validation
15,le_380ed6,6.9840087890625,7.057877063751221,0,train
15,he_eb5653,7.14429235458374,6.714588165283203,0,train
15,le_ef147f,7.953803062438965,6.3912353515625,0,validation
15,le_bd5553,6.404608249664307,5.865815162658691,0,validation
15,he_e8d0d4,5.855807781219482,5.809173107147217,0,train
15,le_ac58bc,6.537384510040283,5.846184730529785,0,train
15,le_6e93a8,5.296624183654785,5.094775199890137,0,train
15,le_a672ff,7.851953029632568,8.582449913024902,0,validation
15,he_59f481,8.258560180664062,10.278729438781738,0,train
15,le_32e365,5.946208953857422,5.656161308288574,0,validation
15,he_253e64,8.673019409179688,9.145057678222656,0,validation
15,he_1589ac,8.090781211853027,10.206482887268066,0,validation
15,he_0352a5,6.578656196594238,5.909104824066162,0,validation
15,he_0fe808,7.379794120788574,7.080924034118652,0,validation
15,he_4dfc9a,6.845025062561035,6.249061107635498,0,train
15,he_53a37b,6.816167831420898,6.735695838928223,0,validation
15,he_3b1424,7.800654888153076,7.727465629577637,0,train
15,he_af8dbf,7.811861038208008,7.745675563812256,0,validation
15,he_a3e3a4,8.288609504699707,8.520391464233398,0,validation
15,le_622f03,5.922892093658447,4.93104887008667,0,validation
15,he_f40d7e,7.096357822418213,6.90509033203125,0,train
15,he_ad2c6f,6.994645118713379,6.481805324554443,0,validation
15,he_557676,6.853513240814209,6.805891513824463,0,validation
15,he_3c577e,6.856584072113037,6.26704216003418,0,train
15,le_661759,8.071328163146973,7.422760963439941,0,validation
15,he_1aca60,7.014312267303467,7.424193382263184,0,validation
15,he_dab57d,7.205502033233643,5.802036285400391,0,validation
15,le_7b2851,7.778933525085449,8.085273742675781,0,train
15,le_ef4386,8.410053253173828,7.865812301635742,0,train
15,he_81c663,7.102676868438721,6.695136070251465,0,train
15,le_cde2f8,7.87398624420166,8.491259574890137,0,train
15,he_781a92,6.594472885131836,5.932828426361084,0,train
15,he_a777f6,7.478147983551025,7.233918190002441,0,train
15,he_ee4bcc,7.082547187805176,6.618541717529297,0,train
15,le_bc79cd,6.885365962982178,6.007173538208008,0,validation
15,he_0e1b16,8.121963500976562,8.249591827392578,0,validation
15,he_d16357,7.354752063751221,7.041971206665039,0,train
15,he_28e587,6.7302117347717285,5.764143466949463,0,train
15,he_41a754,6.82489013671875,5.556867599487305,0,train
15,le_70d46f,5.926873683929443,6.158486366271973,0,validation
15,le_ffbca1,8.513888359069824,7.792395114898682,0,train
15,he_616252,7.343075275421143,7.1653733253479,0,train
15,he_a4594f,6.496223449707031,6.173959255218506,0,train
15,le_b8feee,6.196465015411377,7.73962926864624,0,train
15,le_eb9660,7.037625312805176,6.298373222351074,0,train
15,le_363c70,8.759961128234863,7.349737167358398,0,train
15,le_6bde61,9.42581844329834,8.01478385925293,0,validation
15,le_c04ae8,7.689907073974609,8.834529876708984,0,validation
15,he_4a3727,8.577895164489746,9.537184715270996,0,train
15,le_c880b0,7.942234992980957,8.06972885131836,0,validation
15,le_766228,7.5447845458984375,6.640383243560791,0,validation
15,le_9c4270,5.2737321853637695,5.233035087585449,0,train
15,he_87d8a7,8.55362606048584,9.00781536102295,0,validation
15,he_8feb2d,8.025960922241211,7.383645057678223,0,validation
15,he_f01b48,7.766470909118652,7.671914577484131,0,validation
15,le_58079b,5.608481407165527,6.023248672485352,0,train
15,le_5088b4,8.842663764953613,8.211493492126465,0,train
15,he_6528fe,6.132761478424072,5.371650695800781,0,validation
15,le_aa12de,7.3945465087890625,6.331872463226318,0,train
15,he_3d059e,7.968667984008789,8.005030632019043,0,train
15,le_feadea,6.176427364349365,5.969861030578613,0,train
15,he_0724b7,8.581060409545898,8.776178359985352,0,validation
15,he_cd16a6,5.609086990356445,4.5631022453308105,0,validation
15,le_5b76d0,6.095573425292969,5.866793632507324,0,validation
15,he_dfc951,7.757482528686523,7.657308578491211,0,validation
15,he_ff9f62,5.577866554260254,4.606038570404053,0,validation
15,le_7a26ee,7.524620056152344,8.219621658325195,0,validation
15,le_3fc415,6.812304496765137,7.462361812591553,0,train
15,he_79241f,6.837428092956543,7.076906681060791,0,train
15,he_51d69d,7.721851825714111,8.04757308959961,0,validation
15,he_660f4d,7.633620738983154,7.475765705108643,0,train
15,le_69cfdb,5.587257385253906,5.64933443069458,0,train
15,le_472126,8.283235549926758,7.119070529937744,0,train
15,le_4c7bcc,6.674063682556152,7.690392971038818,0,train
15,he_7d5015,8.349594116210938,9.22042465209961,0,validation
15,he_da468b,6.704054355621338,6.5817461013793945,0,validation
15,le_a1bed9,8.105359077453613,7.205097675323486,0,train
15,he_b190e2,8.16504955291748,10.121024131774902,0,train
15,le_322936,6.315016269683838,5.768976211547852,0,train
15,le_39ed4e,5.540975093841553,5.6655964851379395,0,train
15,he_139129,7.991408824920654,7.979747772216797,0,train
15,he_4615cf,6.7239603996276855,7.830029487609863,0,validation
15,he_910819,6.3614678382873535,6.069655418395996,0,validation
15,he_03ff44,6.979898452758789,6.5109686851501465,0,validation
15,he_c5228c,7.9049482345581055,7.058157444000244,0,train
15,le_510ee4,6.486215114593506,7.83965539932251,0,validation
15,le_01c1d1,7.289448261260986,8.328063011169434,0,train
15,he_be5e6c,7.036532878875732,6.617434024810791,0,validation
15,he_035cdd,6.941483497619629,6.399107933044434,0,validation
15,le_83ec82,6.146340370178223,5.488523483276367,0,train
15,le_10bdc8,5.9208879470825195,6.258764266967773,0,train
15,he_08841b,6.017080307006836,5.1565470695495605,0,validation
15,le_1438c8,6.79187536239624,6.406770706176758,0,train
15,le_28ff23,6.518383979797363,6.829625129699707,0,validation
15,le_26094c,7.791719436645508,7.534346103668213,0,validation
15,he_5bb743,7.405484676361084,7.085312366485596,0,train
15,le_400c54,6.371155261993408,5.378687858581543,0,train
15,le_044ad6,6.129657745361328,5.963310241699219,0,validation
15,le_63f66e,5.671781539916992,5.068546772003174,0,train
15,le_9f1d40,6.080040454864502,5.6103105545043945,0,validation
15,le_59dd77,8.025464057922363,7.423440456390381,0,validation
15,he_05a66f,7.019259929656982,6.5200934410095215,0,train
15,he_758929,6.49299955368042,6.891252040863037,0,validation
15,le_acce2f,6.165825843811035,5.72185754776001,0,validation
15,he_ab9692,6.927407741546631,6.4322333335876465,0,train
15,he_b5456c,6.4084086418151855,5.653733253479004,0,validation
15,le_bc7d24,6.41099214553833,7.698158264160156,0,train
15,le_801110,6.241653919219971,5.545129776000977,0,train
15,le_eaae1c,7.010623455047607,6.739029407501221,0,validation
15,he_708f00,7.399405002593994,7.963221549987793,0,train
15,le_b43f6c,7.4745564460754395,7.492429733276367,0,validation
15,le_590a7e,5.786930084228516,5.376729965209961,0,validation
15,le_130ed1,5.873171329498291,5.584161281585693,0,train
15,he_f65738,8.77071762084961,10.591306686401367,0,train
15,he_a779a4,7.098597049713135,6.64350700378418,0,validation
15,he_13dd33,6.705070495605469,5.71675443649292,0,validation
15,le_9ab3c8,5.885444641113281,5.43660306930542,0,validation
15,he_37695e,4.600490570068359,5.263200283050537,0,validation
15,he_715e4a,6.624350547790527,5.977646350860596,0,validation
15,le_cf14b0,6.392072677612305,6.392072677612305,0,train
15,le_458c04,5.916844367980957,5.261707782745361,0,validation
15,le_321164,6.7974700927734375,7.339630603790283,0,train
15,he_69af03,6.963437557220459,6.433259010314941,0,train
15,he_3179bb,7.309049606323242,5.941769599914551,0,train
15,le_1a2bdc,6.856510162353516,7.991348743438721,0,train
15,le_6d4621,6.076352119445801,5.8476786613464355,0,validation
15,le_f6fa0e,7.2680206298828125,6.289061546325684,0,validation
15,le_8ee86d,6.914674282073975,6.507284641265869,0,validation
15,he_6fcaa9,6.818266868591309,6.207436561584473,0,validation
15,le_c1040c,8.66172981262207,8.177220344543457,0,validation
15,he_4cb4e1,7.185231685638428,6.778271198272705,0,validation
15,le_bc95e6,7.357666015625,7.421716690063477,0,validation
15,le_a07c3a,7.145090103149414,7.273667812347412,0,validation
15,he_83c6f7,7.980904579162598,8.020369529724121,0,train
15,le_49d277,7.1311845779418945,6.098232746124268,0,validation
15,le_87d2fd,6.336857795715332,5.693986415863037,0,train
15,le_ba271f,7.4111008644104,6.933795928955078,0,validation
15,le_1a29b0,6.558746337890625,6.299908638000488,0,train
15,he_279227,7.945534706115723,8.795480728149414,0,validation
15,le_05a5f2,6.0553388595581055,5.69388484954834,0,validation
15,le_ac3893,6.466553688049316,5.534628391265869,0,validation
15,he_d65115,7.921899318695068,9.447760581970215,0,validation
15,le_fa9cc3,7.750461101531982,8.102702140808105,0,validation
15,le_b0fdf1,6.574970722198486,6.229170322418213,0,validation
15,le_5a52c0,6.9188714027404785,8.721976280212402,0,validation
15,he_d1f643,7.0003743171691895,5.669808864593506,0,validation
15,le_d20bd3,7.710398197174072,6.868227481842041,0,train
15,he_992e41,6.604072093963623,6.016270637512207,0,train
15,le_cc6043,5.806682109832764,5.060113906860352,0,validation
15,he_c8b376,6.777140140533447,6.485706329345703,0,train
15,le_d21039,8.016873359680176,7.037572383880615,0,validation
15,le_5b5cf8,6.407089710235596,5.911848545074463,0,train
15,he_56e7b9,7.344716548919678,6.1115570068359375,0,train
15,le_4229e2,6.61138391494751,6.814364433288574,0,validation
15,le_1a2492,7.25777006149292,8.18285083770752,0,validation
15,he_deb7c1,6.643153667449951,8.211703300476074,0,validation
15,le_4f31ff,7.594078540802002,7.867143630981445,0,validation
15,he_221288,8.095687866210938,10.232102394104004,0,validation
15,le_7b2aea,7.977791786193848,9.068538665771484,0,train
15,le_8045b0,7.078381061553955,6.334362983703613,0,train
15,he_537134,7.252089500427246,6.882271766662598,0,validation
15,he_2fe81b,6.4522223472595215,5.914855480194092,0,validation
15,he_a962bf,7.610093593597412,7.923462867736816,0,validation
15,le_50582c,7.138185977935791,5.869791030883789,0,validation
15,he_f55329,6.366747856140137,5.591241836547852,0,validation
15,he_43d1e1,7.072845458984375,7.576601505279541,0,validation
15,he_4ec47d,6.786597728729248,6.305867671966553,0,validation
15,le_f28e73,7.241918087005615,6.588677883148193,0,validation
15,le_37a2d1,7.238943099975586,7.281116485595703,0,train
15,he_c20788,6.990513801574707,6.47537899017334,0,validation
15,le_764df2,7.0170440673828125,7.199073314666748,0,validation
15,he_c6590f,6.357389450073242,5.577204704284668,0,train
15,he_60ed0a,5.826685428619385,4.958531856536865,0,validation
15,he_5df55a,9.037785530090332,11.697813987731934,0,validation
15,he_734cd1,5.960362434387207,5.926207542419434,0,train
15,le_de6e1e,5.817542552947998,6.235576629638672,0,validation
15,le_b4482a,6.5378007888793945,5.930541515350342,0,validation
15,he_57a478,7.34741735458374,7.030561923980713,0,validation
15,le_0af460,6.467336654663086,6.3033905029296875,0,validation
15,le_f0d06e,9.266905784606934,7.919743061065674,0,train
15,le_1c128f,7.955815315246582,7.543649196624756,0,train
15,le_a85ddb,7.1487956047058105,6.482266426086426,0,validation
15,he_85af94,6.94061279296875,6.397754192352295,0,train
15,he_63befa,6.253027439117432,5.499742031097412,0,validation
15,he_652056,7.99772834777832,9.182506561279297,0,validation
15,he_0d36d6,7.009006977081299,6.504146575927734,0,train
15,le_e0fa5c,6.49424934387207,5.770662307739258,0,validation
15,he_48966d,7.602403163909912,7.970141887664795,0,train
15,le_4d537b,5.889527320861816,5.54123067855835,0,validation
15,le_9d8415,6.153800964355469,5.424007415771484,0,validation
15,he_487634,8.656452178955078,9.3685302734375,0,train
15,le_5ca495,7.211386680603027,6.933227062225342,0,train
15,he_3caee5,7.881582736968994,9.230545043945312,0,train
15,le_a61898,7.885200500488281,7.555128574371338,0,validation
15,he_6effe8,6.618504047393799,6.209512233734131,0,validation
15,le_01c9ec,7.034168720245361,6.361649036407471,0,train
15,le_b8397b,6.396159648895264,6.164236068725586,0,train
15,he_94fd55,7.868619441986084,7.837907791137695,0,validation
15,le_01f7f4,8.045792579650879,7.801130771636963,0,validation
15,le_3730f0,7.999305725097656,7.722555160522461,0,train
15,le_d66bd6,8.040900230407715,8.155945777893066,0,train
15,le_4356f8,7.909461498260498,7.230862617492676,0,validation
15,le_0155ee,6.122917652130127,9.139771461486816,0,validation
15,he_380d40,7.8342790603637695,7.7821044921875,0,train
15,le_1bd9fa,6.576242923736572,6.287765026092529,0,train
15,he_195589,7.094091892242432,6.636497974395752,0,validation
15,le_4f6999,7.930507659912109,7.993600368499756,0,train
15,he_d5d6ab,7.473691940307617,7.196149826049805,0,train
15,he_c90fcd,6.747316837310791,6.514803409576416,0,validation
15,le_3ccf61,7.825489521026611,8.272627830505371,0,validation
15,le_b9c5c4,7.883903503417969,7.506418704986572,0,train
15,le_a6ce35,7.963903903961182,8.101970672607422,0,train
15,le_12c34b,6.037659645080566,5.274370193481445,0,validation
15,le_7c71da,5.901307582855225,5.111477375030518,0,validation
15,he_dbbed2,7.588012218475342,7.404819965362549,0,train
15,he_fcf200,6.685610771179199,6.069536209106445,0,validation
15,le_84b6bb,6.721402645111084,6.141833305358887,0,train
15,he_1f22c4,7.23551607131958,7.591252326965332,0,train
15,le_a9f11f,8.385706901550293,7.0675225257873535,0,validation
15,le_1911ce,8.902816772460938,10.072104454040527,0,validation
15,he_0d9235,7.115280628204346,8.561297416687012,0,validation
15,le_83decd,8.665366172790527,9.938545227050781,0,validation
15,he_412004,8.100252151489258,8.214310646057129,0,validation
15,he_9910b5,7.25472354888916,6.886370658874512,0,train
15,he_98349a,6.384739398956299,6.288941860198975,0,validation
15,le_404d16,6.966065406799316,6.297605514526367,0,train
15,le_00eeb2,7.747485160827637,8.853102684020996,0,train
15,le_1ccf16,7.469626426696777,8.33913516998291,0,validation
15,le_7261d3,5.750694274902344,5.062232971191406,0,train
15,le_45d4cb,5.947206020355225,5.520427703857422,0,validation
15,le_694adb,7.110119342803955,6.808372497558594,0,train
15,le_70cf78,9.049286842346191,8.661227226257324,0,validation
15,he_e97c8c,7.038687229156494,6.599152565002441,0,train
15,he_0a5ec7,6.7356648445129395,6.144618034362793,0,train
15,he_40a91b,7.598875045776367,6.837685585021973,0,validation
15,he_cdc607,6.798247337341309,6.058497905731201,0,train
15,he_89ad62,7.123782634735107,7.755697250366211,0,train
15,le_8deff5,6.677704334259033,6.753269195556641,0,validation
15,he_e1a03a,6.000216007232666,5.605604648590088,0,validation
15,le_52447f,7.502691268920898,6.845105171203613,0,validation
15,he_fb1124,8.661632537841797,11.594193458557129,0,train
15,le_523a81,5.591293811798096,5.202737331390381,0,validation
15,he_5608ba,6.7739081382751465,6.433462619781494,0,train
15,le_8198ec,9.422550201416016,8.064366340637207,0,train
15,he_d85c04,7.635690689086914,7.45939826965332,0,validation
15,he_403257,8.108305931091309,8.028407096862793,0,train
15,le_e568c3,6.395421028137207,5.976027011871338,0,train
15,he_86eeae,5.238908767700195,6.112532615661621,0,validation
15,le_dfd822,8.556739807128906,10.374846458435059,0,train
15,le_c50a04,6.082386016845703,7.824506759643555,0,train
15,le_8de934,6.610270977020264,7.322319030761719,0,train
15,he_47238e,6.939810752868652,6.3965067863464355,0,validation
15,he_d6039a,6.275410175323486,7.416319370269775,0,validation
15,le_29fc1c,9.135870933532715,8.567850112915039,0,validation
15,he_076917,5.984669208526611,5.121166706085205,0,validation
15,le_91c567,6.051698207855225,5.736854076385498,0,validation
15,le_f58d84,6.843868732452393,6.464557647705078,0,validation
15,he_f0d231,6.329963207244873,5.841597557067871,0,validation
15,le_7427b9,6.311444282531738,6.739933967590332,0,validation
15,le_7716d1,8.431914329528809,9.27622127532959,0,validation
15,he_0db92b,6.607887268066406,5.9529523849487305,0,train
15,le_6975d5,7.58291482925415,7.4078898429870605,0,train
15,he_4f7ff0,7.00505256652832,8.107653617858887,0,validation
15,he_e7fbc9,8.098485946655273,7.885588645935059,0,train
15,he_6c7977,7.747363567352295,7.640866756439209,0,validation
15,le_83615b,9.087808609008789,9.341704368591309,0,train
15,le_e50e4d,6.697606086730957,5.903388500213623,0,train
15,he_feda4e,7.619391918182373,9.04556655883789,0,validation
15,he_056a76,9.609685897827148,11.381523132324219,0,train
15,le_a0c615,7.006842136383057,6.862386703491211,0,train
15,he_25e97e,8.090656280517578,8.19871711730957,0,train
15,he_b85d24,8.005705833435059,8.903905868530273,0,validation
15,le_c470c6,7.664636135101318,7.929271697998047,0,validation
15,he_e554b0,6.952402591705322,6.416092872619629,0,train
15,le_a8ce41,6.179044246673584,7.837230682373047,0,train
15,le_56f182,5.99808931350708,6.85352087020874,0,train
15,le_5ff624,8.363043785095215,8.301953315734863,0,validation
15,le_c3a6f8,6.911383152008057,6.14791202545166,0,validation
15,le_2f43e7,8.052743911743164,8.528216361999512,0,train
15,le_0bda07,7.14927339553833,7.393094539642334,0,validation
15,le_f39982,6.030004024505615,5.612015724182129,0,train
15,he_0fab59,6.513251781463623,5.81099796295166,0,validation
15,le_a1c863,6.6112751960754395,6.092457294464111,0,train
15,he_512e0a,8.173483848571777,8.56879711151123,0,train
15,le_2ba026,6.882755756378174,6.932621002197266,0,train
15,he_2044e1,7.440080165863037,6.623475074768066,0,validation
15,he_552813,7.179230213165283,6.8592071533203125,0,train
15,he_caef9f,6.001448631286621,5.133810043334961,0,train
15,he_bf08f5,7.486993312835693,8.048637390136719,0,validation
15,he_959231,6.942989349365234,6.813066005706787,0,validation
15,le_2c1c76,6.074581146240234,5.775785446166992,0,train
15,he_b63add,7.384231090545654,7.087827682495117,0,train
15,he_a2b8a1,7.75062370300293,7.6461639404296875,0,validation
15,le_8578d9,8.562796592712402,8.04730224609375,0,train
15,le_b41a4d,6.620969772338867,6.625143527984619,0,validation
15,le_80446d,7.050747871398926,5.7694597244262695,0,train
15,le_e8dc06,6.235057353973389,6.005210876464844,0,train
15,le_226bc8,7.020439147949219,6.805012226104736,0,train
15,le_fa7d2c,5.89348840713501,5.388883590698242,0,validation
15,he_063fc0,7.215170383453369,5.999690532684326,0,train
15,he_affe4b,7.141878604888916,6.7108330726623535,0,validation
15,le_55232c,7.97234582901001,7.32211971282959,0,validation
15,he_01cfbe,7.979050159454346,8.017359733581543,0,validation
15,le_6cbd20,8.942866325378418,9.752900123596191,0,validation
15,he_4fd2c6,6.685136795043945,6.068825721740723,0,validation
15,le_d07324,7.4026312828063965,6.276597023010254,0,validation
15,he_149c5b,7.390322685241699,7.0973029136657715,0,train
15,he_7b0696,6.936587333679199,6.391491413116455,0,train
15,le_5ff0f8,6.406035900115967,7.179689884185791,0,validation
15,he_bfbfe0,6.373802661895752,5.601824760437012,0,validation
15,le_2c1fd3,5.623248100280762,6.206406593322754,0,train
15,he_113880,7.188951015472412,6.9094438552856445,0,train
15,he_43444c,6.449892044067383,5.715958595275879,0,train
15,he_63e860,8.75900650024414,13.625998497009277,0,train
15,he_30ba2d,6.734569072723389,6.142975330352783,0,validation
15,he_b516c8,6.9524359703063965,6.416146278381348,0,validation
15,he_061e2c,7.76631498336792,7.65814208984375,0,train
15,le_430535,7.1793670654296875,7.539998531341553,0,validation
15,le_2ce311,7.273343563079834,6.865137577056885,0,validation
15,le_9a7a59,6.827634334564209,6.718676567077637,0,train
15,le_54d379,6.777392864227295,5.816895961761475,0,train
15,le_52b809,7.8970465660095215,8.992474555969238,0,train
15,le_f66fec,6.201697826385498,5.798889636993408,0,train
15,he_d9b3a0,6.648565769195557,6.013968467712402,0,validation
15,le_2e65e7,6.053491115570068,6.982850551605225,0,validation
15,le_eb89a4,7.544353485107422,7.329709529876709,0,validation
15,he_a7bf3c,7.279703617095947,6.880918502807617,0,validation
15,le_275fa9,8.13769817352295,8.712849617004395,0,train
15,he_16c2e2,6.730823993682861,6.137356281280518,0,train
15,le_763996,7.7401885986328125,6.084779739379883,0,validation
15,le_c9ff75,8.120484352111816,7.680165767669678,0,validation
15,le_eb4323,7.170255184173584,6.255614757537842,0,validation
15,he_0935e0,6.921721935272217,6.209951877593994,0,validation
15,le_28d5fc,7.613312244415283,6.11274528503418,0,train
15,le_f85aef,6.983808994293213,6.42764949798584,0,train
15,he_8743aa,7.730275630950928,7.61309814453125,0,validation
15,he_77325b,7.237424373626709,6.859460830688477,0,train
15,le_194430,7.023638725280762,6.3031325340271,0,train
15,he_0d978a,7.434299468994141,7.165712356567383,0,validation
15,he_d5d228,7.19704008102417,7.570413112640381,0,train
15,he_703227,6.553464889526367,5.710879325866699,0,validation
15,he_01e8ed,6.42622184753418,5.680453300476074,0,train
15,he_5785c0,6.7798991203308105,6.210968494415283,0,validation
15,le_e7ceaf,7.45106315612793,7.058244228363037,0,validation
15,he_11ed24,6.423677921295166,5.676639080047607,0,validation
15,he_f65f6e,6.603108882904053,5.95693826675415,0,validation
15,he_726d3f,6.918935298919678,6.4195237159729,0,validation
15,le_dd8888,6.243777751922607,5.385335922241211,0,train
15,le_d042c2,6.959526538848877,6.519248962402344,0,train
15,le_39c6ce,6.99251127243042,6.753205299377441,0,validation
15,he_ab7281,6.9942779541015625,6.481233596801758,0,train
15,he_019042,6.8121161460876465,5.977626800537109,0,validation
15,le_d52c87,6.953636169433594,6.725461959838867,0,validation
15,he_112f6d,6.763729572296143,6.186715126037598,0,validation
15,le_4528f1,8.578007698059082,6.895827770233154,0,train
15,he_711892,6.5765838623046875,7.600292205810547,0,validation
15,le_34558e,5.7219157218933105,4.878910541534424,0,train
15,he_8066c3,7.633160591125488,7.455286502838135,0,train
15,he_fe4ada,7.50689697265625,8.562745094299316,0,validation
15,le_58b819,9.232404708862305,8.789346694946289,0,train
15,he_eae292,7.625458717346191,7.46306848526001,0,validation
15,he_14019f,6.545004367828369,6.86743688583374,0,validation
15,he_673c7e,7.000213146209717,6.541440486907959,0,train
15,he_d5db57,7.186090469360352,6.703544616699219,0,validation
15,le_7badf8,6.926279544830322,6.068683624267578,0,validation
15,le_912a2a,7.541386127471924,7.654048919677734,0,train
15,he_95ee8c,7.447185516357422,7.185756206512451,0,validation
15,le_8761f6,7.2786407470703125,6.41295051574707,0,validation
15,le_5d7507,7.311811923980713,7.900327205657959,0,train
15,le_5863fc,6.905214786529541,6.789510726928711,0,validation
15,he_853422,7.311278820037842,6.974344730377197,0,validation
15,he_4e43b9,7.806477069854736,7.214634895324707,0,train
15,he_a39ebf,7.0362324714660645,8.756528854370117,0,validation
15,le_80e3b0,5.876255035400391,5.809873580932617,0,train
15,le_e11ea9,6.616944313049316,6.011763572692871,0,validation
15,he_e69885,6.580349922180176,5.911645412445068,0,train
15,le_5d62d2,6.190308570861816,5.568476676940918,0,train
15,le_a8ce3a,7.7447004318237305,7.505962371826172,0,validation
15,he_477534,6.945358753204346,7.165515899658203,0,train
15,he_4528d8,7.439901351928711,6.714360237121582,0,validation
15,le_315c9d,6.240321159362793,5.991209506988525,0,train
15,he_9c907a,8.027771949768066,9.423332214355469,0,train
15,he_bc8ef0,6.503871440887451,5.796928405761719,0,validation
15,le_ff4463,7.41623067855835,7.264919757843018,0,train
15,he_b63a86,7.0205535888671875,8.206701278686523,0,validation
15,le_6fe94c,5.927800178527832,6.067718029022217,0,train
15,le_b554e0,6.4300618171691895,5.6455464363098145,0,validation
15,he_905478,6.345351696014404,5.463772296905518,0,validation
15,le_ae27bc,6.59554386138916,6.345670700073242,0,validation
15,le_86dde0,6.7764811515808105,6.580962181091309,0,validation
15,le_3235a7,6.083479881286621,5.834774971008301,0,train
15,le_560bc5,7.668263912200928,8.052416801452637,0,validation
15,le_b2d8a4,6.962922096252441,6.921635627746582,0,train
15,he_57b66a,7.377101421356201,8.843809127807617,0,train
15,he_8b6e8a,6.857372283935547,6.26826810836792,0,train
15,he_0ad37b,7.749740123748779,7.656394958496094,0,validation
15,he_1f1796,7.433508396148682,7.164480209350586,0,validation
15,he_c788c4,6.688763618469238,10.657708168029785,0,train
15,le_3e0c8b,6.237820148468018,5.761131286621094,0,validation
15,le_ad29d4,8.401957511901855,8.811409950256348,0,validation
15,he_9ead18,6.7924485206604,7.226929664611816,0,train
15,le_a9c8e7,6.703710079193115,8.609079360961914,0,train
15,he_fa775e,8.38896656036377,10.989705085754395,0,train
15,he_6eb3b7,5.807315349578857,6.156821250915527,0,train
15,le_b68792,7.476420879364014,7.4987053871154785,0,train
15,le_7491ba,6.4829583168029785,5.975595474243164,0,train
15,le_155906,8.16664981842041,8.776786804199219,0,validation
15,le_71250d,9.02115535736084,7.2284159660339355,0,train
15,he_945b84,6.124888896942139,5.313358783721924,0,validation
15,le_767019,8.402466773986816,8.209894180297852,0,validation
15,le_bea3b5,6.441044330596924,6.284948825836182,0,validation
15,le_1a7ab7,5.27964973449707,6.287265300750732,0,train
15,he_0445e3,6.82423210144043,6.791367530822754,0,validation
15,he_ebb18a,6.3506927490234375,5.314157962799072,0,train
15,he_04607e,6.485307216644287,5.769081115722656,0,train
15,le_8dffb2,6.5849456787109375,6.010190010070801,0,validation
15,he_bf7958,6.930994033813477,6.048172473907471,0,validation
15,he_865b01,6.9646148681640625,6.435091018676758,0,validation
15,he_5422d6,6.875428676605225,6.296358108520508,0,validation
15,le_1b77f0,5.922109603881836,6.365260601043701,0,validation
15,he_061f19,6.523862838745117,5.835564613342285,0,train
15,le_ab66f0,6.130837917327881,5.7514872550964355,0,train
15,le_33de79,7.633402347564697,8.867417335510254,0,validation
15,he_4d16d8,8.069846153259277,8.879006385803223,0,train
15,he_7141aa,5.900832653045654,5.3422532081604,0,validation
15,le_b7b78e,6.076324939727783,5.984917163848877,0,train
15,le_341408,6.096658229827881,7.48744535446167,0,validation
15,he_e7f057,5.8253302574157715,4.956611633300781,0,validation
15,le_c975ec,6.533240795135498,6.041072368621826,0,train
15,he_b9dc56,6.474541187286377,5.752932071685791,0,validation
15,he_b9ba5e,7.615452766418457,8.502431869506836,0,train
15,le_3ef247,8.738448143005371,9.411236763000488,0,validation
15,le_945414,6.415955066680908,7.0705718994140625,0,train
15,le_73a0f6,6.024738788604736,5.285035610198975,0,validation
15,le_f790ca,6.333662509918213,5.563627243041992,0,train
15,le_3c1dbd,9.065986633300781,8.277082443237305,0,train
15,he_ac375a,7.6581950187683105,8.6231107711792,0,validation
15,he_d0547e,7.883654594421387,7.836891174316406,0,train
15,le_0e80d9,6.140928268432617,6.101468086242676,0,train
15,he_9a731c,6.645596027374268,6.628614902496338,0,validation
15,he_442910,6.411031246185303,6.799327850341797,0,validation
15,le_ae71bb,6.822737216949463,6.328829765319824,0,validation
15,he_0c8461,8.402809143066406,10.589197158813477,0,validation
15,le_36906d,7.913808822631836,7.5539870262146,0,validation
15,he_c72991,7.629693031311035,7.469657897949219,0,train
15,le_698ed0,7.5317487716674805,6.04545259475708,0,train
15,le_2f8b4e,6.359203338623047,6.396307468414307,0,validation
15,le_096a5a,6.424928188323975,5.360857009887695,0,train
15,he_b62509,6.671754360198975,5.979529857635498,0,validation
15,le_ad984a,8.53011417388916,7.1462273597717285,0,train
15,he_2aef37,6.5800275802612305,6.695461273193359,0,validation
15,le_4e404a,5.847341060638428,5.4216766357421875,0,train
15,he_8f57fb,7.480973243713379,7.238314151763916,0,train
15,he_10c218,6.646546363830566,7.143731594085693,0,train
15,he_a7eb16,7.375848293304443,7.07478666305542,0,train
15,le_157346,6.65518856048584,6.552780628204346,0,train
15,he_4c56d3,7.639256954193115,7.465193748474121,0,validation
15,le_875512,6.061851978302002,5.600461959838867,0,validation
15,le_f593c2,6.039218425750732,6.010335922241211,0,train
15,le_43f436,7.589179515838623,8.247513771057129,0,train
15,he_fa6948,6.81635046005249,7.707451820373535,0,validation
15,he_cc58af,6.481012344360352,6.585694313049316,0,train
15,le_9aabb9,6.806576251983643,6.7050909996032715,0,train
15,he_256c48,7.202388286590576,6.804961204528809,0,validation
15,he_301a3e,8.194574356079102,8.367584228515625,0,train
15,he_bda96d,6.859717845916748,6.787921905517578,0,validation
15,le_d031d2,6.547816276550293,6.696123123168945,0,train
15,he_935b9f,8.037433624267578,7.6562299728393555,0,train
15,he_f51b67,5.955164432525635,5.066487789154053,0,train
15,le_1223ad,5.709732532501221,5.2498860359191895,0,validation
15,le_59e8c6,7.58129358291626,7.295172214508057,0,train
15,he_fd9c4c,8.231358528137207,8.427358627319336,0,train
15,he_4e95fa,8.147891998291016,9.658747673034668,0,train
15,he_5863f3,6.912799835205078,6.984408378601074,0,train
15,le_327267,6.14219856262207,5.683469772338867,0,validation
15,le_d61b54,8.779582023620605,7.9076008796691895,0,validation
15,he_69475d,7.3460893630981445,6.988794803619385,0,validation
15,he_f152e5,6.875317096710205,6.354095935821533,0,train
15,le_5704eb,8.25064468383789,7.188903331756592,0,validation
15,le_c5b6c0,7.577054500579834,7.277243614196777,0,validation
15,he_90123f,8.210099220275879,8.583576202392578,0,train
15,he_0bee72,7.450371265411377,7.19071102142334,0,validation
15,he_68742b,7.5731892585754395,7.381762981414795,0,validation
15,he_b7e84d,6.7961626052856445,6.235363960266113,0,validation
15,he_765035,7.094392776489258,6.946932315826416,0,train
15,le_e7dcfd,6.258169174194336,6.341756343841553,0,validation
15,he_a9942d,7.31400203704834,7.517140865325928,0,validation
15,he_d1ef4d,6.83521032333374,6.410608768463135,0,validation
15,le_f9fcdf,6.493371486663818,6.409521102905273,0,validation
15,he_b2fbe6,8.254908561706543,8.465627670288086,0,train
15,le_338fc2,6.464388370513916,5.773497581481934,0,validation
15,he_51a0c7,6.448655605316162,6.026574611663818,0,validation
15,le_77f475,7.701438903808594,8.75767993927002,0,validation
15,le_0e684b,8.286803245544434,8.471192359924316,0,validation
15,he_19058d,5.719688415527344,4.806951999664307,0,train
15,he_b5f00f,5.514484882354736,4.516247272491455,0,train
15,he_1ef995,7.707557678222656,7.2039923667907715,0,train
15,he_844d39,6.619132041931152,5.897672653198242,0,train
15,he_ae8e9c,6.937251567840576,5.956721305847168,0,train
15,le_6035f7,6.002369403839111,5.636326313018799,0,train
15,he_0a3039,6.057037353515625,7.4567975997924805,0,train
15,le_550d25,6.423187732696533,6.82706356048584,0,validation
15,le_ec27a1,6.976150989532471,6.485575199127197,0,validation
15,he_f77454,7.220844745635986,6.657219886779785,0,validation
15,le_d7795e,6.513113975524902,6.684774398803711,0,train
15,le_1c7c91,6.406713485717773,6.265408992767334,0,validation
15,he_8a99f7,8.001415252685547,8.694787979125977,0,train
15,le_d1964b,7.349465847015381,8.328431129455566,0,validation
15,he_2dc55e,6.847514629364014,7.2740583419799805,0,train
15,le_8cccbf,7.368353366851807,8.007691383361816,0,validation
15,le_25d7bf,6.761096000671387,6.574057102203369,0,train
15,le_d83883,7.6780877113342285,8.029129981994629,0,validation
15,he_5893a2,7.129434108734131,7.865216255187988,0,train
15,he_5b4ec1,7.827573299407959,7.763155937194824,0,train
15,le_adb773,7.291492938995361,6.729292392730713,0,validation
15,he_d66410,7.172395706176758,7.54205846786499,0,validation
15,he_d91d52,8.260444641113281,10.215402603149414,0,train
15,le_497c69,6.678825855255127,7.313391208648682,0,validation
15,he_b70236,6.826401233673096,6.280722618103027,0,train
15,le_ecfb48,6.728143215179443,6.580585479736328,0,train
15,he_4caf0f,6.942718982696533,8.250221252441406,0,train
15,he_f7f5b8,7.427582263946533,7.155262470245361,0,train
15,he_8b8e73,6.4964447021484375,5.785787105560303,0,validation
15,he_df76e7,6.073591232299805,5.238744735717773,0,train
15,le_384eec,6.517709732055664,5.488802433013916,0,train
15,he_6a3ff1,6.299373149871826,5.567154407501221,0,train
15,le_af2269,7.098025798797607,7.059869766235352,0,validation
15,he_91e872,6.330886363983154,5.537449836730957,0,train
15,he_92a1d4,5.966327667236328,5.08272647857666,0,train
15,le_58503c,6.274227619171143,5.338864326477051,0,validation
15,le_9827be,6.625975608825684,6.765813827514648,0,validation
15,he_0a2e7a,6.135262966156006,5.244016170501709,0,train
15,le_536ce6,5.95064640045166,5.609488010406494,0,validation
15,le_c47bf3,6.458898544311523,6.288136959075928,0,train
15,le_23d7e6,6.028324604034424,5.19297456741333,0,train
15,he_aea985,6.853355407714844,7.964146614074707,0,train
15,he_610a6b,6.7020792961120605,6.094239234924316,0,train
15,le_0b5c71,7.5377936363220215,6.794947147369385,0,train
15,le_8e17a1,6.540586948394775,6.281343936920166,0,train
15,he_e97a85,6.4678850173950195,5.950430870056152,0,train
15,he_baf440,7.430479049682617,6.326797962188721,0,validation
15,he_41f4cd,6.127365589141846,5.31696081161499,0,validation
15,he_5cb9a5,7.0626702308654785,6.722572326660156,0,train
15,le_59e850,6.165239334106445,5.782403469085693,0,train
15,le_130466,7.42086935043335,7.428957939147949,0,train
15,le_ae10ae,7.002813339233398,6.258530616760254,0,train
15,le_b57fb4,5.7846550941467285,5.0020833015441895,0,validation
15,he_122fc1,7.569432258605957,7.3517279624938965,0,validation
15,he_def558,7.47184944152832,7.645796298980713,0,train
15,he_88eef7,7.186654567718506,9.20583724975586,0,train
15,le_56db27,7.47095251083374,6.721584796905518,0,train
15,le_b72c01,7.094583034515381,7.391629695892334,0,train
15,he_e7e54d,8.124789237976074,9.236771583557129,0,train
15,he_666efe,8.399313926696777,8.700285911560059,0,train
15,le_5f218d,6.118617534637451,5.74846076965332,0,validation
15,le_31327c,7.296009063720703,7.532253742218018,0,validation
15,le_cae6e7,6.838161945343018,6.117587089538574,0,validation
15,he_fdfcef,8.087321281433105,8.19329833984375,0,train
15,le_53b2fd,6.314563751220703,6.125455379486084,0,train
15,le_72261f,7.8929266929626465,5.684982776641846,0,train
15,le_fc3d57,7.3600640296936035,7.712909698486328,0,train
15,le_230abf,7.736833095550537,7.254571437835693,0,validation
15,le_41a3a0,6.6434407234191895,6.491949081420898,0,validation
15,he_7a5e63,7.187152862548828,6.781259536743164,0,train
15,le_dfd3b4,8.028441429138184,8.251059532165527,0,validation
15,le_a2fcff,7.1017632484436035,6.503838062286377,0,validation
15,le_109683,7.772864818572998,7.398873805999756,0,validation
15,he_7057f3,6.9163289070129395,5.621469974517822,0,validation
15,he_558615,7.032022476196289,7.819592475891113,0,train
15,le_e7fc9f,6.77731466293335,6.567138195037842,0,train
15,le_ac7cf7,6.41074800491333,6.178825378417969,0,validation
15,he_9eff37,7.648062705993652,7.498231887817383,0,validation
15,le_d44ccb,6.530942916870117,5.239169597625732,0,validation
15,le_d60087,5.371988773345947,5.349184989929199,0,train
15,le_9c6ba0,6.131865501403809,7.338140964508057,0,validation
15,he_97db03,8.844524383544922,9.589509010314941,0,train
15,le_ff1ebb,7.562521457672119,7.562521457672119,0,validation
15,le_e9f735,7.44732666015625,7.958337306976318,0,train
15,he_e6d7a6,8.252458572387695,8.461645126342773,0,validation
15,he_97c074,7.980813503265381,8.992225646972656,0,validation
15,le_d969e0,6.583854675292969,6.405732154846191,0,train
15,he_bbc8b7,8.796772003173828,9.933311462402344,0,validation
15,le_1aa1fb,6.022651195526123,5.041463851928711,0,validation
15,le_1c3df3,7.13042688369751,7.307643413543701,0,validation
15,le_b7d8a6,7.159753799438477,6.61946964263916,0,validation
15,he_9b050e,6.732131004333496,6.139317512512207,0,validation
15,le_d52c28,6.359347820281982,5.242799758911133,0,validation
15,he_3f7fe7,7.205324649810791,6.985628604888916,0,validation
15,he_b3e123,6.876367092132568,6.297815322875977,0,validation
15,le_1674c0,5.914454460144043,5.361740589141846,0,train
15,le_78f0ed,5.533941745758057,5.437168598175049,0,train
15,he_533155,7.54120397567749,7.332008361816406,0,validation
15,he_d80706,7.793200969696045,9.831514358520508,0,train
15,le_ff18cf,6.600250244140625,5.880859375,0,validation
15,le_8a6f35,7.34954309463501,7.720975875854492,0,validation
15,he_2edc16,6.6902995109558105,6.008377552032471,0,validation
15,he_4ff1c4,6.782718658447266,8.378043174743652,0,validation
15,he_4f9390,7.762426376342773,8.088044166564941,0,validation
15,le_185d39,8.569870948791504,6.994022369384766,0,train
15,le_9b9745,7.709596633911133,7.316434383392334,0,validation
15,le_91f758,6.370436668395996,5.41890287399292,0,train
15,le_a8ed34,7.611678123474121,7.543088436126709,0,train
15,he_661ccf,7.332059383392334,6.94326639175415,0,train
15,he_37489d,6.710816860198975,7.919872283935547,0,train
15,he_7c68af,8.247859001159668,9.381660461425781,0,train
15,le_838987,5.790844440460205,5.917915344238281,0,train
15,le_f50d64,6.568681716918945,7.5756988525390625,0,validation
15,le_417bec,8.086418151855469,8.083596229553223,0,validation
15,le_a6260b,6.246917724609375,5.503554821014404,0,train
15,he_51332a,7.108047008514404,6.63767147064209,0,validation
15,he_1ef686,7.023082256317139,6.869447231292725,0,train
15,le_4b0989,6.205197334289551,5.594625949859619,0,train
15,le_19c9ac,5.637270450592041,7.089920520782471,0,train
15,he_d79548,6.542391777038574,5.854709148406982,0,validation
15,le_6d15c9,8.233824729919434,7.374518871307373,0,validation
15,le_5b740a,6.603072643280029,5.876031398773193,0,train
15,le_edf950,6.404430389404297,5.650158405303955,0,train
15,he_847dab,6.8169097900390625,7.921622276306152,0,train
15,he_a64661,6.946752071380615,6.4073028564453125,0,train
15,he_cdf3a4,7.744925022125244,7.75167989730835,0,train
15,he_cabb3d,6.761902809143066,6.183974266052246,0,validation
15,he_e07220,6.291415214538574,5.478244781494141,0,validation
15,le_57ec9b,8.510499000549316,7.91611909866333,0,train
15,he_7556fc,6.980032920837402,6.51116943359375,0,train
15,le_9468b1,9.269209861755371,9.778376579284668,0,validation
15,le_2af127,6.728916168212891,6.655144691467285,0,validation
15,he_9c8a78,5.832927227020264,4.8886871337890625,0,train
15,he_2519ee,7.605371952056885,8.643331527709961,0,train
15,he_f84b71,7.1596198081970215,6.738431930541992,0,train
15,le_98b680,6.602859973907471,5.757707595825195,0,train
15,le_4afc4d,9.190744400024414,8.300235748291016,0,train
15,le_d96176,7.840369701385498,8.794379234313965,0,validation
15,he_859e26,6.682362079620361,7.154848575592041,0,train
15,he_bddd26,6.495475769042969,5.784333229064941,0,train
15,he_f07086,6.6451191902160645,7.402296543121338,0,train
15,he_ffbc40,6.096242904663086,5.271692276000977,0,train
15,le_a80334,7.183399200439453,6.457038879394531,0,train
15,le_1b5d46,7.592973232269287,7.20465087890625,0,validation
15,le_f7b80b,5.831405162811279,5.067110061645508,0,validation
15,le_ceeb48,6.52776575088501,5.383457183837891,0,train
15,he_e187a0,6.1820268630981445,4.965758323669434,0,train
15,le_5f97fa,7.752832889556885,7.3179168701171875,0,train
16,le_d069d3,6.7233662605285645,6.860219478607178,0,validation
16,he_47c12f,7.37628173828125,7.134303569793701,0,validation
16,le_64d75a,5.723002910614014,5.7376861572265625,0,train
16,le_259d3e,7.642353057861328,8.098567008972168,0,validation
16,he_31fd02,7.404287815093994,6.613560676574707,0,train
16,he_cb7e90,7.99901819229126,10.862589836120605,0,train
16,he_79e9b7,7.7772111892700195,9.575334548950195,0,validation
16,he_eb9923,6.36713981628418,6.550785064697266,0,validation
16,he_fb3ae1,6.44290018081665,5.758430480957031,0,validation
16,he_e12d52,8.29688835144043,9.183134078979492,0,validation
16,le_bf9a36,8.600358009338379,8.330768585205078,0,train
16,he_4a04a2,7.544427871704102,8.120880126953125,0,validation
16,le_b2752d,7.7915520668029785,6.955776214599609,0,train
16,le_7aa426,6.894151210784912,7.915917873382568,0,train
16,le_98d6b3,6.792489528656006,6.9523606300354,0,validation
16,he_0d4150,8.120685577392578,9.98651123046875,0,validation
16,he_a87a9b,7.166723728179932,7.683466911315918,0,validation
16,le_fde5e8,7.95626974105835,7.902904987335205,0,validation
16,le_78fc9a,7.600827693939209,8.35835075378418,0,train
16,le_749d9e,6.265166282653809,5.868191242218018,0,train
16,le_d82184,7.233038425445557,8.5772705078125,0,validation
16,he_81252f,6.596599102020264,7.6035356521606445,0,train
16,le_02764e,7.601232051849365,7.596912384033203,0,train
16,he_bda94e,6.837246894836426,6.349950313568115,0,train
16,le_5f185b,8.188573837280273,8.59529972076416,0,train
16,he_a8615f,6.622439384460449,6.027739524841309,0,train
16,he_929466,7.969782829284668,8.056303977966309,0,train
16,he_883cb8,7.2154436111450195,6.88411283493042,0,validation
16,le_f0530f,7.384242534637451,7.530903339385986,0,train
16,he_1d2579,5.972548007965088,5.913057327270508,0,validation
16,le_9faffe,6.1201491355896,5.753129959106445,0,validation
16,he_842a1f,6.231847286224365,5.584007740020752,0,train
16,he_bb65e5,7.535032272338867,7.041535377502441,0,validation
16,he_95d87e,7.073580265045166,6.663435459136963,0,train
16,le_c8410f,7.8184895515441895,7.5834856033325195,0,train
16,le_e7807e,5.636440753936768,4.992796897888184,0,train
16,le_3a63b0,7.969386100769043,7.952491760253906,0,train
16,he_b61f8b,8.053154945373535,8.203977584838867,0,validation
16,he_17f529,6.169673442840576,5.643247604370117,0,train
16,he_34360a,6.491560935974121,5.831421375274658,0,train
16,le_3422e0,7.736084461212158,6.948136806488037,0,validation
16,he_a0069c,8.345963478088379,8.679790496826172,0,train
16,le_ba2a87,5.459361553192139,5.765736103057861,0,train
16,le_66b5ac,8.272404670715332,7.501811981201172,0,validation
16,he_ccbb6e,7.792712688446045,7.8123626708984375,0,validation
16,le_4c4592,7.355863571166992,6.643721580505371,0,validation
16,he_2b1023,7.564699649810791,7.4102373123168945,0,validation
16,le_ed8708,5.542034149169922,5.1815266609191895,0,train
16,he_4ee83e,6.579341411590576,7.100268363952637,0,validation
16,le_49a533,7.039190769195557,5.711799144744873,0,train
16,he_9ce40f,5.691235542297363,4.797662734985352,0,train
16,le_592616,6.69095516204834,7.673250198364258,0,validation
16,he_76ab15,7.265923500061035,6.962636947631836,0,validation
16,he_261f83,6.576523780822754,5.958867073059082,0,train
16,le_120b5b,6.601604461669922,5.965547561645508,0,train
16,le_f2acc0,6.918379783630371,6.9525556564331055,0,train
16,he_04551f,7.4969258308410645,7.300104141235352,0,validation
16,he_b9a930,6.185163497924805,5.661158084869385,0,train
16,le_80ca99,6.123559474945068,6.336755275726318,0,validation
16,he_334eb2,6.593998432159424,5.7332892417907715,0,validation
16,le_0c2039,6.312810897827148,5.824570655822754,0,validation
16,he_028951,7.003417491912842,6.599206447601318,0,validation
16,le_d45347,6.607677459716797,6.076406955718994,0,train
16,he_a4529f,6.2047319412231445,5.544565200805664,0,train
16,le_234216,6.7889885902404785,6.045898914337158,0,train
16,le_9391b0,8.656878471374512,7.403952121734619,0,train
16,le_454c0b,7.580087661743164,6.83366584777832,0,validation
16,le_49db1c,8.73854923248291,10.3843412399292,0,validation
16,he_67ae44,5.976128101348877,5.212051868438721,0,train
16,le_3c9f84,7.395905017852783,7.030533790588379,0,validation
16,he_15a710,8.384520530700684,9.234525680541992,0,train
16,he_4be430,6.682592391967773,7.730374336242676,0,validation
16,he_4435d3,7.2634382247924805,6.672490119934082,0,train
16,he_de4bf9,6.629966735839844,5.9733710289001465,0,validation
16,he_e361fe,7.33229398727417,7.0658793449401855,0,validation
16,he_2e9fb6,6.015417098999023,5.269198894500732,0,train
16,le_b1f4ec,8.14759349822998,6.669436931610107,0,train
16,he_a3611b,6.8834686279296875,6.361155033111572,0,validation
16,le_971e6c,6.231841087341309,5.717850208282471,0,validation
16,he_764bec,7.305411338806152,7.02406120300293,0,train
16,he_2b42db,7.377054691314697,7.105315685272217,0,train
16,he_a10557,7.3722357749938965,7.128011703491211,0,validation
16,he_5ec5e8,6.558238983154297,5.6768693923950195,0,validation
16,le_4677fe,6.726385116577148,8.765764236450195,0,validation
16,le_98525a,7.911930561065674,6.414626121520996,0,validation
16,le_d24988,6.375307559967041,7.3845977783203125,0,validation
16,he_37c485,7.341012477874756,7.079441547393799,0,validation
16,he_637e1b,6.62529993057251,6.03203010559082,0,train
16,le_aa9b3d,7.068061351776123,6.79252290725708,0,validation
16,le_092d88,8.821135520935059,8.875123023986816,0,validation
16,le_d8de43,7.486660957336426,7.798839092254639,0,train
16,le_68cc09,5.880807876586914,6.888675212860107,0,train
16,le_814b46,6.024467945098877,5.385227680206299,0,validation
16,he_9cff74,7.2278242111206055,6.920163631439209,0,train
16,le_96c6d5,8.899127006530762,9.229740142822266,0,validation
16,he_c1196d,8.355128288269043,9.925348281860352,0,train
16,he_5a6c32,7.055647373199463,6.635540962219238,0,validation
16,he_5d5f7a,7.486426830291748,7.305641174316406,0,train
16,le_3a623c,6.410851001739502,6.191503047943115,0,train
16,le_e7dea5,8.20386028289795,6.831246852874756,0,train
16,he_80b814,6.377761363983154,5.660721302032471,0,validation
16,le_09679c,6.676620960235596,8.19091510772705,0,train
16,le_d4dd8f,5.874265193939209,4.94468355178833,0,validation
16,he_4bfcf6,6.9158244132995605,6.4678168296813965,0,train
16,le_8f8e8a,7.616276264190674,6.5593109130859375,0,validation
16,he_eff624,7.494492530822754,7.296152591705322,0,train
16,le_b194d6,7.136113166809082,6.2925896644592285,0,validation
16,le_b1ae3c,9.10176944732666,7.774164199829102,0,validation
16,he_5597e5,7.013116359710693,6.569381237030029,0,train
16,he_8a456e,7.930758953094482,8.005083084106445,0,validation
16,he_094848,7.072062015533447,6.661074161529541,0,train
16,le_1c08db,6.07792854309082,5.809516906738281,0,train
16,he_e0689e,6.599569320678711,7.008179664611816,0,validation
16,le_f1d98c,7.3511528968811035,6.418476104736328,0,train
16,le_a818bf,5.7596516609191895,5.976312637329102,0,train
16,he_b19ac2,6.782112121582031,6.26724910736084,0,train
16,he_932e9c,7.548793315887451,7.3843889236450195,0,validation
16,he_e1c1ac,7.768599510192871,8.104490280151367,0,validation
16,he_acd142,7.02260160446167,6.584136009216309,0,train
16,le_daf354,7.741622447967529,8.789759635925293,0,train
16,he_c21f8c,6.151904582977295,5.404464244842529,0,train
16,he_929f9b,6.854396343231201,6.375673770904541,0,validation
16,le_baabbc,6.5025315284729,5.470253944396973,0,train
16,he_4f27f3,7.865151405334473,7.898472309112549,0,train
16,le_c75cf6,7.09565544128418,7.503353595733643,0,validation
16,he_eaabee,6.807974338531494,7.011166572570801,0,validation
16,he_85fdc1,7.455041408538818,7.2568206787109375,0,validation
16,le_d5e0b8,6.187616348266602,5.8676228523254395,0,train
16,le_b001cf,7.238072872161865,6.225638389587402,0,validation
16,he_6be05d,7.417025089263916,7.617906093597412,0,train
16,le_870446,7.150672435760498,6.941843032836914,0,train
16,le_0637ba,6.323771953582764,5.582614421844482,0,train
16,he_8a549e,7.950193881988525,9.821683883666992,0,train
16,le_d025d9,7.3786234855651855,6.375617027282715,0,validation
16,he_a26cfb,8.034958839416504,9.3002347946167,0,validation
16,he_836543,7.4725165367126465,7.284003257751465,0,train
16,he_b8a511,6.613056182861328,5.9470648765563965,0,train
16,le_0623c9,7.067434787750244,6.706391334533691,0,validation
16,he_9b18bc,7.394758701324463,6.378026962280273,0,validation
16,he_685d08,8.44658374786377,9.98592472076416,0,train
16,le_92914d,9.844690322875977,9.381060600280762,0,train
16,he_35b068,5.902924537658691,6.110689640045166,0,train
16,he_3a40f5,6.219258785247803,5.740377426147461,0,train
16,le_ddbf24,6.921261310577393,7.268365383148193,0,train
16,le_08e1b5,5.834151744842529,6.948634624481201,0,train
16,le_256cce,6.6681342124938965,5.465951919555664,0,train
16,he_0e2b7a,8.205342292785645,8.410898208618164,0,validation
16,he_6cfa07,6.930096626281738,7.583460807800293,0,validation
16,he_85ff02,9.467741966247559,10.650528907775879,0,train
16,le_39b3e3,7.011020660400391,6.585439205169678,0,train
16,he_351fa1,6.305512428283691,5.5523481369018555,0,validation
16,le_d2662d,6.404853343963623,6.298608303070068,0,train
16,he_6e2164,6.721724033355713,6.176666259765625,0,validation
16,he_321338,7.289164066314697,6.998788833618164,0,train
16,he_b9c59b,7.6566691398620605,7.559689521789551,0,train
16,he_5ba506,7.780714511871338,7.253998756408691,0,train
16,he_955633,6.460153102874756,5.784309387207031,0,train
16,he_711362,7.1602678298950195,6.79828405380249,0,validation
16,le_380ed6,6.968883514404297,7.027702808380127,0,train
16,he_eb5653,7.074961185455322,6.665584087371826,0,train
16,le_ef147f,7.939892292022705,6.377266883850098,0,validation
16,le_bd5553,6.3953752517700195,5.838203430175781,0,validation
16,he_e8d0d4,5.885766983032227,5.841131210327148,0,train
16,le_ac58bc,6.590859889984131,5.8910417556762695,0,train
16,le_6e93a8,5.412572383880615,5.231457233428955,0,train
16,le_a672ff,7.882615566253662,8.407121658325195,0,validation
16,he_59f481,8.188395500183105,10.061800956726074,0,train
16,le_32e365,6.029495716094971,5.742114543914795,0,validation
16,he_253e64,8.584752082824707,9.067821502685547,0,validation
16,he_1589ac,8.254627227783203,10.404701232910156,0,validation
16,he_0352a5,6.461277961730957,5.785996913909912,0,validation
16,he_0fe808,7.341892719268799,7.080810546875,0,validation
16,he_4dfc9a,6.789856910705566,6.22208833694458,0,train
16,he_53a37b,6.892164707183838,7.016139984130859,0,validation
16,he_3b1424,7.796513080596924,7.786932945251465,0,train
16,he_af8dbf,7.720252990722656,7.663012981414795,0,validation
16,he_a3e3a4,8.226800918579102,8.486150741577148,0,validation
16,le_622f03,5.931903839111328,4.925473690032959,0,validation
16,he_f40d7e,7.024511337280273,6.896832466125488,0,train
16,he_ad2c6f,6.995299816131592,6.541665554046631,0,validation
16,he_557676,6.844265460968018,6.946572780609131,0,validation
16,he_3c577e,6.871434688568115,6.3489885330200195,0,train
16,le_661759,8.131424903869629,7.463098526000977,0,validation
16,he_1aca60,7.097599029541016,7.523633003234863,0,validation
16,he_dab57d,7.224582195281982,5.915270805358887,0,validation
16,le_7b2851,7.999589920043945,8.37602424621582,0,train
16,le_ef4386,8.306583404541016,7.670989990234375,0,train
16,he_81c663,7.192409992218018,6.882693290710449,0,train
16,le_cde2f8,7.842979431152344,8.523874282836914,0,train
16,he_781a92,6.5929646492004395,5.983527660369873,0,train
16,he_a777f6,7.443724155426025,7.2392144203186035,0,train
16,he_ee4bcc,7.067780494689941,6.654414653778076,0,train
16,le_bc79cd,6.764375686645508,5.848354816436768,0,validation
16,he_0e1b16,8.050167083740234,8.19912052154541,0,validation
16,he_d16357,7.386443138122559,7.150110244750977,0,train
16,he_28e587,6.715034484863281,5.642446041107178,0,train
16,he_41a754,6.911823272705078,5.62669563293457,0,train
16,le_70d46f,5.81173849105835,5.953962802886963,0,validation
16,le_ffbca1,8.510025978088379,7.794213771820068,0,train
16,he_616252,7.34674072265625,7.217806339263916,0,train
16,he_a4594f,6.462126731872559,6.19915246963501,0,train
16,le_b8feee,6.098674297332764,7.458580493927002,0,train
16,le_eb9660,7.079358100891113,6.347805023193359,0,train
16,le_363c70,8.761980056762695,7.335926055908203,0,train
16,le_6bde61,9.445899963378906,8.03709888458252,0,validation
16,le_c04ae8,7.802568435668945,9.063931465148926,0,validation
16,he_4a3727,8.557249069213867,9.5667142868042,0,train
16,le_c880b0,7.812711238861084,7.912487506866455,0,validation
16,le_766228,7.621867656707764,6.685362815856934,0,validation
16,le_9c4270,5.312622547149658,5.246363162994385,0,train
16,he_87d8a7,8.46568489074707,8.932716369628906,0,validation
16,he_8feb2d,8.021878242492676,7.4433135986328125,0,validation
16,he_f01b48,7.728589057922363,7.676558017730713,0,validation
16,le_58079b,5.588061809539795,6.0230560302734375,0,train
16,le_5088b4,8.752837181091309,8.132611274719238,0,train
16,he_6528fe,6.065183162689209,5.181694030761719,0,validation
16,le_aa12de,7.28902530670166,6.184661865234375,0,train
16,he_3d059e,8.015707969665527,8.16132926940918,0,train
16,le_feadea,6.165007591247559,5.917300701141357,0,train
16,he_0724b7,8.450643539428711,8.455981254577637,0,validation
16,he_cd16a6,5.509497165679932,4.533315658569336,0,validation
16,le_5b76d0,6.129337787628174,5.8957295417785645,0,validation
16,he_dfc951,7.69959831237793,7.629447937011719,0,validation
16,he_ff9f62,5.5445051193237305,4.66425895690918,0,validation
16,le_7a26ee,7.516897678375244,8.42634105682373,0,validation
16,le_3fc415,6.786927700042725,7.354930400848389,0,train
16,he_79241f,6.871009826660156,7.097633361816406,0,train
16,he_51d69d,7.739451885223389,8.196196556091309,0,validation
16,he_660f4d,7.62328577041626,7.518533706665039,0,train
16,le_69cfdb,5.504406929016113,5.492343425750732,0,train
16,le_472126,8.345110893249512,7.280414581298828,0,train
16,le_4c7bcc,6.594756126403809,7.6216607093811035,0,train
16,he_7d5015,8.389009475708008,9.242720603942871,0,validation
16,he_da468b,6.7235426902771,6.549787998199463,0,validation
16,le_a1bed9,8.228928565979004,7.269881725311279,0,train
16,he_b190e2,8.161263465881348,10.227766036987305,0,train
16,le_322936,6.313122749328613,5.75077486038208,0,train
16,le_39ed4e,5.717993259429932,5.809082984924316,0,train
16,he_139129,8.033562660217285,7.999157905578613,0,train
16,he_4615cf,6.768693447113037,7.944731712341309,0,validation
16,he_910819,6.356994152069092,6.121021270751953,0,validation
16,he_03ff44,6.913022994995117,6.463615417480469,0,validation
16,he_c5228c,7.842207431793213,7.042908668518066,0,train
16,le_510ee4,6.681294918060303,7.969339847564697,0,validation
16,le_01c1d1,7.313643932342529,8.43410587310791,0,train
16,he_be5e6c,7.073173522949219,6.777287483215332,0,validation
16,he_035cdd,6.794925689697266,6.229973793029785,0,validation
16,le_83ec82,6.289859294891357,5.618888854980469,0,train
16,le_10bdc8,5.855684757232666,6.063371181488037,0,train
16,he_08841b,5.994085311889648,5.238171100616455,0,validation
16,le_1438c8,6.745855331420898,6.352924823760986,0,train
16,le_28ff23,6.439328193664551,6.793462753295898,0,validation
16,le_26094c,7.8083930015563965,7.562710285186768,0,validation
16,he_5bb743,7.3673529624938965,7.089548110961914,0,train
16,le_400c54,6.405497074127197,5.427215576171875,0,train
16,le_044ad6,6.118669509887695,5.955724716186523,0,validation
16,le_63f66e,5.662141799926758,5.012706279754639,0,train
16,le_9f1d40,6.1255717277526855,5.61069393157959,0,validation
16,le_59dd77,8.068346977233887,7.370662689208984,0,validation
16,he_05a66f,7.037300109863281,6.607000827789307,0,train
16,he_758929,6.5554280281066895,6.887117862701416,0,validation
16,le_acce2f,6.255979537963867,5.830998420715332,0,validation
16,he_ab9692,6.8894362449646,6.428235054016113,0,train
16,he_b5456c,6.289994239807129,5.52907133102417,0,validation
16,le_bc7d24,6.467916965484619,7.818399906158447,0,train
16,le_801110,6.389421463012695,5.669801712036133,0,train
16,le_eaae1c,6.996837139129639,6.718976974487305,0,validation
16,he_708f00,7.36740255355835,8.005890846252441,0,train
16,le_b43f6c,7.4069647789001465,7.444576740264893,0,validation
16,le_590a7e,5.695496559143066,5.260828018188477,0,validation
16,le_130ed1,6.001614570617676,5.687162399291992,0,train
16,he_f65738,8.692179679870605,10.40341567993164,0,train
16,he_a779a4,7.046428203582764,6.621200084686279,0,validation
16,he_13dd33,6.669644355773926,5.6789374351501465,0,validation
16,le_9ab3c8,5.813618183135986,5.3757195472717285,0,validation
16,he_37695e,4.584471702575684,5.263606071472168,0,validation
16,he_715e4a,6.6577067375183105,6.080639839172363,0,validation
16,le_cf14b0,6.15529727935791,6.15529727935791,0,train
16,le_458c04,5.874241828918457,5.211258411407471,0,validation
16,le_321164,6.962017059326172,7.588906764984131,0,train
16,he_69af03,6.9660844802856445,6.496220588684082,0,train
16,he_3179bb,7.2218217849731445,5.733442306518555,0,train
16,le_1a2bdc,6.908874988555908,8.085598945617676,0,train
16,le_6d4621,6.098636150360107,5.879691123962402,0,validation
16,le_f6fa0e,7.2115559577941895,6.1642255783081055,0,validation
16,le_8ee86d,6.935873031616211,6.540587902069092,0,validation
16,he_6fcaa9,6.816471099853516,6.263487815856934,0,validation
16,le_c1040c,8.705446243286133,8.240618705749512,0,validation
16,he_4cb4e1,7.1555399894714355,6.790928840637207,0,validation
16,le_bc95e6,7.440404891967773,7.519697189331055,0,validation
16,le_a07c3a,7.277182102203369,7.445455551147461,0,validation
16,he_83c6f7,7.95327091217041,8.041666030883789,0,train
16,le_49d277,7.039990425109863,5.987158298492432,0,validation
16,le_87d2fd,6.432156562805176,5.7754974365234375,0,train
16,le_ba271f,7.4614338874816895,7.075555801391602,0,validation
16,le_1a29b0,6.547535419464111,6.301100254058838,0,train
16,he_279227,7.7944159507751465,8.42259693145752,0,validation
16,le_05a5f2,6.083855152130127,5.693477630615234,0,validation
16,le_ac3893,6.514575481414795,5.5131001472473145,0,validation
16,he_d65115,8.015841484069824,9.533987998962402,0,validation
16,le_fa9cc3,7.775083541870117,8.044065475463867,0,validation
16,le_b0fdf1,6.5088677406311035,6.146921157836914,0,validation
16,le_5a52c0,6.830569267272949,8.335371971130371,0,validation
16,he_d1f643,7.084411144256592,5.697377681732178,0,validation
16,le_d20bd3,7.702441215515137,6.8194684982299805,0,train
16,he_992e41,6.645512104034424,6.080112457275391,0,train
16,le_cc6043,5.741452217102051,4.982464790344238,0,validation
16,he_c8b376,6.671717166900635,6.430860996246338,0,train
16,le_d21039,7.98828125,7.04941987991333,0,validation
16,le_5b5cf8,6.445250988006592,6.029767990112305,0,train
16,he_56e7b9,7.331026554107666,6.102119445800781,0,train
16,le_4229e2,6.540533065795898,6.681886196136475,0,validation
16,le_1a2492,7.288575172424316,8.153107643127441,0,validation
16,he_deb7c1,6.692630290985107,8.099666595458984,0,validation
16,le_4f31ff,7.724038600921631,7.974674224853516,0,validation
16,he_221288,7.997520446777344,10.143590927124023,0,validation
16,le_7b2aea,7.962218761444092,8.976544380187988,0,train
16,le_8045b0,7.033128261566162,6.270791053771973,0,train
16,he_537134,7.173132419586182,6.818295001983643,0,validation
16,he_2fe81b,6.436122894287109,5.864775657653809,0,validation
16,he_a962bf,7.7371063232421875,7.923805236816406,0,validation
16,le_50582c,7.237596035003662,5.856247425079346,0,validation
16,he_f55329,6.368352890014648,5.646610260009766,0,validation
16,he_43d1e1,7.212655544281006,7.744040012359619,0,validation
16,he_4ec47d,6.851197719573975,6.376678943634033,0,validation
16,le_f28e73,7.240568161010742,6.585275173187256,0,validation
16,le_37a2d1,7.1520233154296875,7.208866119384766,0,train
16,he_c20788,6.968490123748779,6.4999613761901855,0,validation
16,le_764df2,6.9149250984191895,6.842021942138672,0,validation
16,he_c6590f,6.2931623458862305,5.5338239669799805,0,train
16,he_60ed0a,5.808797836303711,5.038672924041748,0,validation
16,he_5df55a,9.028818130493164,11.712933540344238,0,validation
16,he_734cd1,5.980791091918945,5.985102653503418,0,train
16,le_de6e1e,5.755191802978516,6.1074042320251465,0,validation
16,le_b4482a,6.516179084777832,5.9388861656188965,0,validation
16,he_57a478,7.307373523712158,7.027113914489746,0,validation
16,le_0af460,6.584103584289551,6.35602331161499,0,validation
16,le_f0d06e,9.237814903259277,7.89915657043457,0,train
16,le_1c128f,8.086328506469727,7.730208873748779,0,train
16,le_a85ddb,7.192136764526367,6.542760372161865,0,validation
16,he_85af94,6.920989036560059,6.426071643829346,0,train
16,he_63befa,6.12431526184082,5.427596092224121,0,validation
16,he_652056,7.955078601837158,9.014815330505371,0,validation
16,he_0d36d6,6.973061561584473,6.507073879241943,0,train
16,le_e0fa5c,6.5259599685668945,5.814797401428223,0,validation
16,he_48966d,7.5033416748046875,7.787235260009766,0,train
16,le_4d537b,5.887603759765625,5.58432149887085,0,validation
16,le_9d8415,6.1584882736206055,5.401570796966553,0,validation
16,he_487634,8.720791816711426,9.565457344055176,0,train
16,le_5ca495,7.283046722412109,7.058175563812256,0,train
16,he_3caee5,8.008833885192871,9.490630149841309,0,train
16,le_a61898,7.9699273109436035,7.621888637542725,0,validation
16,he_6effe8,6.542444229125977,6.1218976974487305,0,validation
16,le_01c9ec,7.191514015197754,6.528375148773193,0,train
16,le_b8397b,6.147223472595215,5.768494606018066,0,train
16,he_94fd55,7.7650065422058105,7.735733985900879,0,validation
16,le_01f7f4,8.071431159973145,7.843618392944336,0,validation
16,le_3730f0,7.966926574707031,7.662283897399902,0,train
16,le_d66bd6,8.004755020141602,8.060111999511719,0,train
16,le_4356f8,7.997967720031738,7.366878509521484,0,validation
16,le_0155ee,6.121586322784424,9.182324409484863,0,validation
16,he_380d40,7.749343395233154,7.710282802581787,0,train
16,le_1bd9fa,6.589254856109619,6.330690383911133,0,train
16,he_195589,7.041386127471924,6.61335563659668,0,validation
16,le_4f6999,7.993067264556885,7.929616451263428,0,train
16,he_d5d6ab,7.417780876159668,7.1714935302734375,0,train
16,he_c90fcd,6.736223220825195,6.455118656158447,0,validation
16,le_3ccf61,7.7255778312683105,8.043001174926758,0,validation
16,le_b9c5c4,8.00855541229248,7.630040645599365,0,train
16,le_a6ce35,7.992457866668701,8.188260078430176,0,train
16,le_12c34b,6.021236896514893,5.287672519683838,0,validation
16,le_7c71da,5.809652805328369,4.98818826675415,0,validation
16,he_dbbed2,7.546957492828369,7.399800777435303,0,train
16,he_fcf200,6.645905494689941,6.0629377365112305,0,validation
16,le_84b6bb,6.6386847496032715,6.022997856140137,0,train
16,he_1f22c4,7.230592727661133,7.574224948883057,0,train
16,le_a9f11f,8.431941032409668,7.173823833465576,0,validation
16,le_1911ce,8.900588035583496,10.026829719543457,0,validation
16,he_0d9235,6.999237537384033,8.520977020263672,0,validation
16,le_83decd,8.665218353271484,9.86115550994873,0,validation
16,he_412004,8.00777530670166,8.13023567199707,0,validation
16,he_9910b5,7.221663475036621,6.893787384033203,0,train
16,he_98349a,6.467562198638916,6.482996940612793,0,validation
16,le_404d16,6.963383674621582,6.277961254119873,0,train
16,le_00eeb2,7.817573547363281,8.92736530303955,0,train
16,le_1ccf16,7.378880023956299,8.055217742919922,0,validation
16,le_7261d3,5.773913860321045,5.099348545074463,0,train
16,le_45d4cb,5.849557876586914,5.460622787475586,0,validation
16,le_694adb,7.047636985778809,6.649528503417969,0,train
16,le_70cf78,9.119741439819336,8.72903060913086,0,validation
16,he_e97c8c,6.971159934997559,6.550820350646973,0,train
16,he_0a5ec7,6.871844291687012,6.401847839355469,0,train
16,he_40a91b,7.625940322875977,6.853205680847168,0,validation
16,he_cdc607,6.697453022003174,5.975405693054199,0,train
16,he_89ad62,7.156596660614014,7.884943962097168,0,train
16,le_8deff5,6.708537578582764,6.770954132080078,0,validation
16,he_e1a03a,5.948497295379639,5.538724422454834,0,validation
16,le_52447f,7.4723029136657715,6.827652931213379,0,validation
16,he_fb1124,8.595364570617676,11.550544738769531,0,train
16,le_523a81,5.638334274291992,5.313736915588379,0,validation
16,he_5608ba,6.792477130889893,6.422856330871582,0,train
16,le_8198ec,9.217617988586426,7.692096710205078,0,train
16,he_d85c04,7.61248779296875,7.487893581390381,0,validation
16,he_403257,8.086587905883789,8.09737777709961,0,train
16,le_e568c3,6.375383377075195,5.979599475860596,0,train
16,he_86eeae,5.198514461517334,5.881000518798828,0,validation
16,le_dfd822,8.651731491088867,10.349255561828613,0,train
16,le_c50a04,6.0487565994262695,7.8689117431640625,0,train
16,le_8de934,6.664708614349365,7.393438816070557,0,train
16,he_47238e,6.90857458114624,6.406760215759277,0,validation
16,he_d6039a,6.278904438018799,7.379107475280762,0,validation
16,le_29fc1c,9.331092834472656,8.805461883544922,0,validation
16,he_076917,6.047786235809326,5.150364398956299,0,validation
16,le_91c567,6.146202564239502,5.849055290222168,0,validation
16,le_f58d84,6.91205358505249,6.472986698150635,0,validation
16,he_f0d231,6.443323135375977,5.901568412780762,0,validation
16,le_7427b9,6.310949325561523,6.750019073486328,0,validation
16,le_7716d1,8.357322692871094,9.285880088806152,0,validation
16,he_0db92b,6.690093040466309,6.129219055175781,0,train
16,le_6975d5,7.559993743896484,7.352841854095459,0,train
16,he_4f7ff0,7.000210285186768,8.17734146118164,0,validation
16,he_e7fbc9,8.258316993713379,7.993664264678955,0,train
16,he_6c7977,7.731575965881348,7.681412696838379,0,validation
16,le_83615b,9.0847749710083,9.38880729675293,0,train
16,le_e50e4d,6.526593208312988,5.724275588989258,0,train
16,he_feda4e,7.651742935180664,9.132920265197754,0,validation
16,he_056a76,9.602580070495605,11.412412643432617,0,train
16,le_a0c615,6.920075416564941,6.735528945922852,0,train
16,he_25e97e,8.070683479309082,8.232460021972656,0,train
16,he_b85d24,8.050695419311523,8.906266212463379,0,validation
16,le_c470c6,7.724085807800293,7.975808620452881,0,validation
16,he_e554b0,6.841543674468994,6.302489280700684,0,train
16,le_a8ce41,6.121761798858643,7.773458957672119,0,train
16,le_56f182,5.984326362609863,6.857076168060303,0,train
16,le_5ff624,8.412912368774414,8.415821075439453,0,validation
16,le_c3a6f8,7.0317702293396,6.2781782150268555,0,validation
16,le_2f43e7,8.024031639099121,8.487412452697754,0,train
16,le_0bda07,7.179426670074463,7.359631061553955,0,validation
16,le_f39982,6.052431583404541,5.6208038330078125,0,train
16,he_0fab59,6.5111236572265625,5.860764980316162,0,validation
16,le_a1c863,6.566201686859131,6.029900550842285,0,train
16,he_512e0a,8.132180213928223,8.602886199951172,0,train
16,le_2ba026,6.998784065246582,7.06222677230835,0,train
16,he_2044e1,7.506269454956055,6.614809989929199,0,validation
16,he_552813,7.154056072235107,6.762254238128662,0,train
16,he_caef9f,5.948367595672607,5.171672821044922,0,train
16,he_bf08f5,7.470968723297119,8.19896411895752,0,validation
16,he_959231,7.034815311431885,6.945050239562988,0,validation
16,le_2c1c76,6.054776191711426,5.757259845733643,0,train
16,he_b63add,7.349588871002197,7.092782974243164,0,train
16,he_a2b8a1,7.6664652824401855,7.575605392456055,0,validation
16,le_8578d9,8.533258438110352,8.013880729675293,0,train
16,le_b41a4d,6.627543926239014,6.696445941925049,0,validation
16,le_80446d,7.096182346343994,5.846559047698975,0,train
16,le_e8dc06,6.144066333770752,5.852475166320801,0,train
16,le_226bc8,7.028104782104492,6.864804744720459,0,train
16,le_fa7d2c,5.914639949798584,5.3825459480285645,0,validation
16,he_063fc0,7.273478984832764,5.953924179077148,0,train
16,he_affe4b,7.06406307220459,6.648632526397705,0,validation
16,le_55232c,8.046182632446289,7.29936408996582,0,validation
16,he_01cfbe,7.955235004425049,8.044857025146484,0,validation
16,le_6cbd20,9.13364028930664,10.105613708496094,0,validation
16,he_4fd2c6,6.641523838043213,6.056365966796875,0,validation
16,le_d07324,7.246866226196289,6.0814409255981445,0,validation
16,he_149c5b,7.225724697113037,6.9001054763793945,0,train
16,he_7b0696,6.905895709991455,6.40259313583374,0,train
16,le_5ff0f8,6.416481018066406,7.149670124053955,0,validation
16,he_bfbfe0,6.358882427215576,5.632405757904053,0,validation
16,le_2c1fd3,5.749485969543457,6.3427629470825195,0,train
16,he_113880,7.285409450531006,7.079507350921631,0,train
16,he_43444c,6.38539457321167,5.672171592712402,0,train
16,he_63e860,8.88054370880127,13.610248565673828,0,train
16,he_30ba2d,6.77764368057251,6.260546684265137,0,validation
16,he_b516c8,6.8632941246032715,6.336324691772461,0,validation
16,he_061e2c,7.734788417816162,7.679750919342041,0,train
16,le_430535,7.244903087615967,7.634119510650635,0,validation
16,le_2ce311,7.2958550453186035,6.931360721588135,0,validation
16,le_9a7a59,6.765387058258057,6.605354309082031,0,train
16,le_54d379,6.737950325012207,5.769671440124512,0,train
16,le_52b809,7.926242351531982,8.919519424438477,0,train
16,le_f66fec,6.030423164367676,5.614142417907715,0,train
16,he_d9b3a0,6.6356730461120605,6.047590255737305,0,validation
16,le_2e65e7,6.175492286682129,7.230931758880615,0,validation
16,le_eb89a4,7.652620792388916,7.445898532867432,0,validation
16,he_a7bf3c,7.156346797943115,6.7466630935668945,0,validation
16,le_275fa9,8.24524211883545,8.689005851745605,0,train
16,he_16c2e2,6.725608825683594,6.182493686676025,0,train
16,le_763996,7.762630939483643,6.152248859405518,0,validation
16,le_c9ff75,8.191161155700684,7.777552127838135,0,validation
16,le_eb4323,7.033833980560303,6.089722633361816,0,validation
16,he_0935e0,6.875766277313232,6.16944694519043,0,validation
16,le_28d5fc,7.7079243659973145,6.181513786315918,0,train
16,le_f85aef,7.0234832763671875,6.4300103187561035,0,train
16,he_8743aa,7.6986541748046875,7.627913475036621,0,validation
16,he_77325b,7.223090648651123,6.896008014678955,0,train
16,le_194430,7.079829216003418,6.3405632972717285,0,train
16,he_0d978a,7.427940368652344,7.214662551879883,0,validation
16,he_d5d228,7.216046333312988,7.669872760772705,0,train
16,he_703227,6.746145248413086,5.935857772827148,0,validation
16,he_01e8ed,6.341651439666748,5.606558322906494,0,train
16,he_5785c0,6.863592147827148,6.389468193054199,0,validation
16,le_e7ceaf,7.607450485229492,7.212520599365234,0,validation
16,he_11ed24,6.341921806335449,5.606963157653809,0,validation
16,he_f65f6e,6.618621349334717,5.928552150726318,0,validation
16,he_726d3f,6.933720588684082,6.494660377502441,0,validation
16,le_dd8888,6.241179943084717,5.374214172363281,0,train
16,le_d042c2,7.0104498863220215,6.482949733734131,0,train
16,le_39c6ce,6.9281229972839355,6.691510200500488,0,validation
16,he_ab7281,6.919815540313721,6.424246788024902,0,train
16,he_019042,6.65913724899292,5.755277156829834,0,validation
16,le_d52c87,6.91097354888916,6.676982402801514,0,validation
16,he_112f6d,6.7898712158203125,6.278886795043945,0,validation
16,le_4528f1,8.464292526245117,6.653212070465088,0,train
16,he_711892,6.519772052764893,7.50881290435791,0,validation
16,le_34558e,5.790619850158691,4.897900581359863,0,train
16,he_8066c3,7.565391540527344,7.4113616943359375,0,train
16,he_fe4ada,7.498752117156982,8.559296607971191,0,validation
16,le_58b819,9.091236114501953,8.586430549621582,0,train
16,he_eae292,7.588725566864014,7.464773178100586,0,validation
16,he_14019f,6.358707427978516,6.656012535095215,0,validation
16,he_673c7e,6.985076904296875,6.571695804595947,0,train
16,he_d5db57,7.2403717041015625,6.722166538238525,0,validation
16,le_7badf8,6.964428424835205,6.121630668640137,0,validation
16,le_912a2a,7.645661354064941,7.921849727630615,0,train
16,he_95ee8c,7.417697906494141,7.198731422424316,0,validation
16,le_8761f6,7.184488773345947,6.263769149780273,0,validation
16,le_5d7507,7.39778995513916,7.864076137542725,0,train
16,le_5863fc,6.914579391479492,6.7580037117004395,0,validation
16,he_853422,7.254923343658447,6.945523738861084,0,validation
16,he_4e43b9,7.8041276931762695,7.127062797546387,0,train
16,he_a39ebf,6.9937543869018555,8.805970191955566,0,validation
16,le_80e3b0,5.885838985443115,5.873072147369385,0,train
16,le_e11ea9,6.684025287628174,6.097498893737793,0,validation
16,he_e69885,6.557234764099121,5.929931640625,0,train
16,le_5d62d2,6.1376261711120605,5.483267784118652,0,train
16,le_a8ce3a,7.661431789398193,7.424959659576416,0,validation
16,he_477534,7.102758884429932,7.319377899169922,0,train
16,he_4528d8,7.593362331390381,6.697026252746582,0,validation
16,le_315c9d,6.220949649810791,5.9836344718933105,0,train
16,he_9c907a,8.093225479125977,9.535015106201172,0,train
16,he_bc8ef0,6.447134494781494,5.764782905578613,0,validation
16,le_ff4463,7.412744998931885,7.3607611656188965,0,train
16,he_b63a86,6.970171928405762,8.14834976196289,0,validation
16,le_6fe94c,5.910392761230469,6.066411972045898,0,train
16,le_b554e0,6.418371677398682,5.657413959503174,0,validation
16,he_905478,6.3582444190979,5.474432468414307,0,validation
16,le_ae27bc,6.424417972564697,6.185689926147461,0,validation
16,le_86dde0,6.775278091430664,6.618738651275635,0,validation
16,le_3235a7,6.11605167388916,5.8938703536987305,0,train
16,le_560bc5,7.6913628578186035,8.056109428405762,0,validation
16,le_b2d8a4,7.0358500480651855,7.03883171081543,0,train
16,he_57b66a,7.350549221038818,8.721145629882812,0,train
16,he_8b6e8a,6.83242654800415,6.2883076667785645,0,train
16,he_0ad37b,7.7036614418029785,7.643561363220215,0,validation
16,he_1f1796,7.386065483093262,7.1495232582092285,0,validation
16,he_c788c4,6.699207305908203,10.605610847473145,0,train
16,le_3e0c8b,6.307178020477295,5.8513970375061035,0,validation
16,le_ad29d4,8.359049797058105,8.754778861999512,0,validation
16,he_9ead18,6.648128032684326,7.063902854919434,0,train
16,le_a9c8e7,6.729856491088867,8.641974449157715,0,train
16,he_fa775e,8.458849906921387,11.07970142364502,0,train
16,he_6eb3b7,5.66391658782959,5.810934543609619,0,train
16,le_b68792,7.485571384429932,7.381089687347412,0,train
16,le_7491ba,6.46055269241333,5.904306411743164,0,train
16,le_155906,8.140286445617676,8.650548934936523,0,validation
16,le_71250d,9.006682395935059,7.0800347328186035,0,train
16,he_945b84,6.072610855102539,5.352389812469482,0,validation
16,le_767019,8.386262893676758,8.232820510864258,0,validation
16,le_bea3b5,6.461367130279541,6.316207408905029,0,validation
16,le_1a7ab7,5.35602331161499,6.478816032409668,0,train
16,he_0445e3,6.7820844650268555,6.67107629776001,0,validation
16,he_ebb18a,6.282172679901123,5.265950679779053,0,train
16,he_04607e,6.525599479675293,5.882478713989258,0,train
16,le_8dffb2,6.501132011413574,5.918703556060791,0,validation
16,he_bf7958,6.992791652679443,6.126574516296387,0,validation
16,he_865b01,6.951099872589111,6.472911357879639,0,validation
16,he_5422d6,6.821702003479004,6.271625995635986,0,validation
16,le_1b77f0,5.717235565185547,6.199782848358154,0,validation
16,he_061f19,6.417907238006592,5.780036926269531,0,train
16,le_ab66f0,6.029362201690674,5.635344505310059,0,train
16,le_33de79,7.644298076629639,8.756237983703613,0,validation
16,he_4d16d8,7.936941623687744,8.560272216796875,0,train
16,he_7141aa,5.864054203033447,5.366497993469238,0,validation
16,le_b7b78e,6.146271228790283,6.03702974319458,0,train
16,le_341408,6.084130764007568,7.661433219909668,0,validation
16,he_e7f057,5.772907733917236,4.98783016204834,0,validation
16,le_c975ec,6.5378265380859375,6.0830230712890625,0,train
16,he_b9dc56,6.456244468688965,5.778446674346924,0,validation
16,he_b9ba5e,7.630102634429932,8.4341459274292,0,train
16,le_3ef247,8.751955032348633,9.443461418151855,0,validation
16,le_945414,6.48779821395874,7.170587539672852,0,train
16,le_73a0f6,5.958044528961182,5.2251763343811035,0,validation
16,le_f790ca,6.379629135131836,5.621680736541748,0,train
16,le_3c1dbd,9.014993667602539,8.232666015625,0,train
16,he_ac375a,7.709556579589844,8.626171112060547,0,validation
16,he_d0547e,7.825789928436279,7.547654628753662,0,train
16,le_0e80d9,6.054373264312744,6.008028984069824,0,train
16,he_9a731c,6.566734313964844,6.618650913238525,0,validation
16,he_442910,6.263545036315918,6.530670166015625,0,validation
16,le_ae71bb,6.8702216148376465,6.369365692138672,0,validation
16,he_0c8461,8.368632316589355,10.561128616333008,0,validation
16,le_36906d,7.834534168243408,7.47581148147583,0,validation
16,he_c72991,7.776650905609131,7.757102012634277,0,train
16,le_698ed0,7.301685810089111,5.749993324279785,0,train
16,le_2f8b4e,6.337958812713623,6.297810077667236,0,validation
16,le_096a5a,6.484897136688232,5.465509414672852,0,train
16,he_b62509,6.582098960876465,5.898910045623779,0,validation
16,le_ad984a,8.695727348327637,7.300974369049072,0,train
16,he_2aef37,6.572805881500244,6.647457122802734,0,validation
16,le_4e404a,5.81497859954834,5.4208197593688965,0,train
16,he_8f57fb,7.3889923095703125,7.154078006744385,0,train
16,he_10c218,6.622857093811035,7.097349643707275,0,train
16,he_a7eb16,7.405992031097412,7.180521011352539,0,train
16,le_157346,6.649326324462891,6.525564670562744,0,train
16,he_4c56d3,7.610052108764648,7.483935832977295,0,validation
16,le_875512,6.098630428314209,5.653371810913086,0,validation
16,le_f593c2,5.996784687042236,6.015395641326904,0,train
16,le_43f436,7.525013446807861,8.188237190246582,0,train
16,he_fa6948,6.799763202667236,7.723522663116455,0,validation
16,he_cc58af,6.485764503479004,6.557164192199707,0,train
16,le_9aabb9,6.838324546813965,6.738932132720947,0,train
16,he_256c48,7.0744781494140625,6.6648335456848145,0,validation
16,he_301a3e,8.149428367614746,8.360421180725098,0,train
16,he_bda96d,6.927923202514648,6.975898742675781,0,validation
16,le_d031d2,6.59682559967041,6.768418312072754,0,train
16,he_935b9f,8.061125755310059,7.731024265289307,0,train
16,he_f51b67,5.777964115142822,4.923813819885254,0,train
16,le_1223ad,5.714900970458984,5.223902702331543,0,validation
16,le_59e8c6,7.678189754486084,7.299861907958984,0,train
16,he_fd9c4c,8.198305130004883,8.439845085144043,0,train
16,he_4e95fa,8.293601036071777,9.772587776184082,0,train
16,he_5863f3,6.970939636230469,7.031976222991943,0,train
16,le_327267,6.225715160369873,5.756082057952881,0,validation
16,le_d61b54,8.788596153259277,7.914684295654297,0,validation
16,he_69475d,7.296656608581543,6.974666118621826,0,validation
16,he_f152e5,6.835245132446289,6.346948146820068,0,train
16,le_5704eb,8.231410026550293,7.163939952850342,0,validation
16,le_c5b6c0,7.506667613983154,7.182100772857666,0,validation
16,he_90123f,8.152498245239258,8.57177734375,0,train
16,he_0bee72,7.356555461883545,7.103619575500488,0,validation
16,he_68742b,7.574373722076416,7.442447185516357,0,validation
16,he_b7e84d,6.7555317878723145,6.227377891540527,0,validation
16,he_765035,6.964683532714844,6.804925441741943,0,train
16,le_e7dcfd,6.353133678436279,6.327018737792969,0,validation
16,he_a9942d,7.297597408294678,7.493229866027832,0,validation
16,he_d1ef4d,6.789890766143799,6.292744159698486,0,validation
16,le_f9fcdf,6.558962345123291,6.43449592590332,0,validation
16,he_b2fbe6,8.119887351989746,8.312416076660156,0,train
16,le_338fc2,6.489521026611328,5.795496940612793,0,validation
16,he_51a0c7,6.44548225402832,5.962776184082031,0,validation
16,le_77f475,7.634787559509277,8.737760543823242,0,validation
16,le_0e684b,8.415501594543457,8.410362243652344,0,validation
16,he_19058d,5.63865852355957,4.797642230987549,0,train
16,he_b5f00f,5.587521553039551,4.725196838378906,0,train
16,he_1ef995,7.651564121246338,7.1635026931762695,0,train
16,he_844d39,6.571761131286621,5.882828235626221,0,train
16,he_ae8e9c,6.918285846710205,5.926079750061035,0,train
16,le_6035f7,6.003358364105225,5.5911664962768555,0,train
16,he_0a3039,6.063594341278076,7.418142795562744,0,train
16,le_550d25,6.455150127410889,6.815035343170166,0,validation
16,le_ec27a1,6.898192405700684,6.279934883117676,0,validation
16,he_f77454,7.232661724090576,6.694404602050781,0,validation
16,le_d7795e,6.3452582359313965,6.404048919677734,0,train
16,le_1c7c91,6.386971473693848,6.177696704864502,0,validation
16,he_8a99f7,7.926278591156006,8.46117877960205,0,train
16,le_d1964b,7.31683874130249,8.277886390686035,0,validation
16,he_2dc55e,6.91065788269043,7.377447605133057,0,train
16,le_8cccbf,7.304562568664551,7.892055511474609,0,validation
16,le_25d7bf,6.696040153503418,6.5334153175354,0,train
16,le_d83883,7.711799144744873,8.110437393188477,0,validation
16,he_5893a2,7.190511703491211,7.8795647621154785,0,train
16,he_5b4ec1,7.785682678222656,7.766999244689941,0,train
16,le_adb773,7.253152370452881,6.716867923736572,0,validation
16,he_d66410,7.340573787689209,7.920041084289551,0,validation
16,he_d91d52,8.366925239562988,10.49050235748291,0,train
16,le_497c69,6.763526916503906,7.465742588043213,0,validation
16,he_b70236,6.700875282287598,6.145392417907715,0,train
16,le_ecfb48,6.715844631195068,6.513855934143066,0,train
16,he_4caf0f,6.992702960968018,8.239153861999512,0,train
16,he_f7f5b8,7.378584384918213,7.137886047363281,0,train
16,he_8b8e73,6.503244400024414,5.848946571350098,0,validation
16,he_df76e7,5.965785026550293,5.197006702423096,0,train
16,le_384eec,6.548705101013184,5.540373802185059,0,train
16,he_6a3ff1,6.256479740142822,5.619835376739502,0,train
16,le_af2269,7.123629093170166,7.106747150421143,0,validation
16,he_91e872,6.328459739685059,5.586770057678223,0,train
16,he_92a1d4,5.920851230621338,5.131649017333984,0,train
16,le_58503c,6.3513407707214355,5.395326614379883,0,validation
16,le_9827be,6.6391448974609375,6.77065372467041,0,validation
16,he_0a2e7a,6.125172138214111,5.281838417053223,0,train
16,le_536ce6,5.940231800079346,5.604159832000732,0,validation
16,le_c47bf3,6.346420764923096,6.138459205627441,0,train
16,le_23d7e6,6.120131969451904,5.307310581207275,0,train
16,he_aea985,6.826462268829346,7.93854284286499,0,train
16,he_610a6b,6.645683765411377,6.062606334686279,0,train
16,le_0b5c71,7.727451801300049,6.9135565757751465,0,train
16,le_8e17a1,6.478099822998047,6.17579460144043,0,train
16,he_e97a85,6.579381942749023,6.127139091491699,0,train
16,he_baf440,7.506608486175537,6.37981653213501,0,validation
16,he_41f4cd,6.056000232696533,5.32822847366333,0,validation
16,he_5cb9a5,6.9699530601501465,6.613690376281738,0,train
16,le_59e850,6.203663349151611,5.8204426765441895,0,train
16,le_130466,7.531816005706787,7.529393196105957,0,train
16,le_ae10ae,6.739524841308594,5.950681686401367,0,train
16,le_b57fb4,5.73035192489624,4.947780132293701,0,validation
16,he_122fc1,7.525851249694824,7.347108840942383,0,validation
16,he_def558,7.495619297027588,7.7538299560546875,0,train
16,he_88eef7,7.228536605834961,9.305421829223633,0,train
16,le_56db27,7.496856689453125,6.768849849700928,0,train
16,le_b72c01,7.296898365020752,7.666961669921875,0,train
16,he_e7e54d,8.228055953979492,9.383411407470703,0,train
16,he_666efe,8.31169319152832,8.624101638793945,0,train
16,le_5f218d,6.24099063873291,5.904957294464111,0,validation
16,le_31327c,7.210161209106445,7.438684940338135,0,validation
16,le_cae6e7,6.8802571296691895,6.153440475463867,0,validation
16,he_fdfcef,8.039566993713379,8.181894302368164,0,train
16,le_53b2fd,6.291823863983154,6.076345443725586,0,train
16,le_72261f,7.89056921005249,5.667471885681152,0,train
16,le_fc3d57,7.354029655456543,7.789276123046875,0,train
16,le_230abf,7.838375091552734,7.378885269165039,0,validation
16,le_41a3a0,6.755797386169434,6.621891975402832,0,validation
16,he_7a5e63,7.078396797180176,6.670928955078125,0,train
16,le_dfd3b4,8.031352043151855,8.255682945251465,0,validation
16,le_a2fcff,7.0591535568237305,6.457277297973633,0,validation
16,le_109683,7.726917743682861,7.362876892089844,0,validation
16,he_7057f3,6.844153881072998,5.404159069061279,0,validation
16,he_558615,7.101161479949951,7.833242416381836,0,train
16,le_e7fc9f,6.797336578369141,6.594551086425781,0,train
16,le_ac7cf7,6.56838846206665,6.309249401092529,0,validation
16,he_9eff37,7.689299583435059,7.62122106552124,0,validation
16,le_d44ccb,6.453073501586914,5.132585525512695,0,validation
16,le_d60087,5.4457244873046875,5.416003227233887,0,train
16,le_9c6ba0,6.014660358428955,7.11921501159668,0,validation
16,he_97db03,8.797445297241211,9.506210327148438,0,train
16,le_ff1ebb,7.631669521331787,7.631669521331787,0,validation
16,le_e9f735,7.485748767852783,7.986623287200928,0,train
16,he_e6d7a6,8.149338722229004,8.360275268554688,0,validation
16,he_97c074,7.90950870513916,8.973343849182129,0,validation
16,le_d969e0,6.534171104431152,6.349876403808594,0,train
16,he_bbc8b7,8.674164772033691,9.851996421813965,0,validation
16,le_1aa1fb,6.027088642120361,5.0564093589782715,0,validation
16,le_1c3df3,7.262810230255127,7.631339073181152,0,validation
16,le_b7d8a6,7.221123218536377,6.714972019195557,0,validation
16,he_9b050e,6.724715232849121,6.181153297424316,0,validation
16,le_d52c28,6.423244476318359,5.360558986663818,0,validation
16,he_3f7fe7,7.117620944976807,6.85434103012085,0,validation
16,he_b3e123,6.885720252990723,6.371208190917969,0,validation
16,le_1674c0,5.879645824432373,5.317627906799316,0,train
16,le_78f0ed,5.539375305175781,5.436330795288086,0,train
16,he_533155,7.535160064697266,7.381449222564697,0,validation
16,he_d80706,7.865756034851074,9.954490661621094,0,train
16,le_ff18cf,6.497954845428467,5.759759426116943,0,validation
16,le_8a6f35,7.31556510925293,7.702951908111572,0,validation
16,he_2edc16,6.731918811798096,6.131963729858398,0,validation
16,he_4ff1c4,6.778190612792969,8.234243392944336,0,validation
16,he_4f9390,7.63896369934082,8.037672996520996,0,validation
16,le_185d39,8.62691593170166,7.121618270874023,0,train
16,le_9b9745,7.676861763000488,7.260921955108643,0,validation
16,le_91f758,6.435789585113525,5.4881463050842285,0,train
16,le_a8ed34,7.558433532714844,7.401944637298584,0,train
16,he_661ccf,7.396992206573486,6.999454498291016,0,train
16,he_37489d,6.73153829574585,8.10472583770752,0,train
16,he_7c68af,8.32166862487793,9.538422584533691,0,train
16,le_838987,5.763025283813477,5.8294997215271,0,train
16,le_f50d64,6.698053359985352,7.686850070953369,0,validation
16,le_417bec,8.109420776367188,8.021013259887695,0,validation
16,le_a6260b,6.108994483947754,5.31199312210083,0,train
16,he_51332a,7.1780686378479,6.658083915710449,0,validation
16,he_1ef686,7.024001598358154,6.858757019042969,0,train
16,le_4b0989,6.224777698516846,5.614818572998047,0,train
16,le_19c9ac,5.591255187988281,7.021561145782471,0,train
16,he_d79548,6.434994220733643,5.746570110321045,0,validation
16,le_6d15c9,8.194769859313965,7.283987045288086,0,validation
16,le_5b740a,6.609544277191162,5.8999433517456055,0,train
16,le_edf950,6.38550329208374,5.621238708496094,0,train
16,he_847dab,6.775829315185547,7.843739986419678,0,train
16,he_a64661,6.873009204864502,6.351437091827393,0,train
16,he_cdf3a4,7.704614639282227,7.728997230529785,0,train
16,he_cabb3d,6.746077537536621,6.213197231292725,0,validation
16,he_e07220,6.3106689453125,5.560084342956543,0,validation
16,le_57ec9b,8.324860572814941,7.607313632965088,0,train
16,he_7556fc,6.766862869262695,6.244374752044678,0,train
16,le_9468b1,9.313525199890137,9.663252830505371,0,validation
16,le_2af127,6.7664475440979,6.669294357299805,0,validation
16,he_9c8a78,5.831254005432129,5.001326084136963,0,train
16,he_2519ee,7.610870361328125,8.602540016174316,0,train
16,he_f84b71,7.098854064941406,6.702751636505127,0,train
16,le_98b680,6.57733154296875,5.742746353149414,0,train
16,le_4afc4d,9.176772117614746,8.22626781463623,0,train
16,le_d96176,7.806325435638428,8.708195686340332,0,validation
16,he_859e26,6.662764549255371,7.190288543701172,0,train
16,he_bddd26,6.539859294891357,5.903868675231934,0,train
16,he_f07086,6.67327356338501,7.430015563964844,0,train
16,he_ffbc40,6.064261436462402,5.340245723724365,0,train
16,le_a80334,7.412267208099365,6.735973834991455,0,train
16,le_1b5d46,7.6137847900390625,7.229330062866211,0,validation
16,le_f7b80b,5.826940536499023,5.036616802215576,0,validation
16,le_ceeb48,6.574725151062012,5.41832971572876,0,train
16,he_e187a0,6.211224555969238,4.977123737335205,0,train
16,le_5f97fa,7.8272833824157715,7.370901107788086,0,train
17,le_d069d3,6.5863471031188965,6.688765048980713,0,validation
17,he_47c12f,7.382949352264404,7.1818976402282715,0,validation
17,le_64d75a,5.691314697265625,5.715367317199707,0,train
17,le_259d3e,7.66348934173584,8.095351219177246,0,validation
17,he_31fd02,7.404787063598633,6.752878665924072,0,train
17,he_cb7e90,7.924493312835693,10.687193870544434,0,train
17,he_79e9b7,7.703283309936523,9.345815658569336,0,validation
17,he_eb9923,6.355722427368164,6.640627384185791,0,validation
17,he_fb3ae1,6.475590229034424,5.840965270996094,0,validation
17,he_e12d52,8.301295280456543,9.319049835205078,0,validation
17,le_bf9a36,8.569234848022461,8.304632186889648,0,train
17,he_4a04a2,7.630431175231934,8.37891674041748,0,validation
17,le_b2752d,7.7229743003845215,6.865997791290283,0,train
17,le_7aa426,6.863687992095947,7.913093090057373,0,train
17,le_98d6b3,6.794401168823242,6.92486572265625,0,validation
17,he_0d4150,8.045079231262207,9.870253562927246,0,validation
17,he_a87a9b,7.145244598388672,7.789726257324219,0,validation
17,le_fde5e8,7.933646202087402,7.6875481605529785,0,validation
17,le_78fc9a,7.571951389312744,8.411208152770996,0,train
17,le_749d9e,6.238774299621582,5.891382217407227,0,train
17,le_d82184,7.114111423492432,8.365601539611816,0,validation
17,he_81252f,6.614784240722656,7.522782802581787,0,train
17,le_02764e,7.789655685424805,7.749090671539307,0,train
17,he_bda94e,6.787889003753662,6.309412956237793,0,train
17,le_5f185b,8.24528694152832,8.70166015625,0,train
17,he_a8615f,6.6033854484558105,6.032657623291016,0,train
17,he_929466,7.938070774078369,8.064458847045898,0,train
17,he_883cb8,7.154941082000732,6.827219486236572,0,validation
17,le_f0530f,7.443292140960693,7.839576721191406,0,train
17,he_1d2579,5.906832218170166,5.877445220947266,0,validation
17,le_9faffe,6.155998706817627,5.861608028411865,0,validation
17,he_842a1f,6.190635681152344,5.477928638458252,0,train
17,he_bb65e5,7.584072589874268,7.0408525466918945,0,validation
17,he_95d87e,7.054299831390381,6.6706671714782715,0,train
17,le_c8410f,7.815013885498047,7.528681755065918,0,train
17,le_e7807e,5.70884895324707,5.031497001647949,0,train
17,le_3a63b0,8.013248443603516,8.036334991455078,0,train
17,he_b61f8b,8.051225662231445,8.242715835571289,0,validation
17,he_17f529,6.128848075866699,5.5434112548828125,0,train
17,he_34360a,6.552293300628662,5.956019401550293,0,train
17,le_3422e0,7.786258697509766,7.041295528411865,0,validation
17,he_a0069c,8.365851402282715,8.753981590270996,0,train
17,le_ba2a87,5.481105804443359,5.764109134674072,0,train
17,le_66b5ac,8.199947357177734,7.360762119293213,0,validation
17,he_ccbb6e,7.815687656402588,7.918829917907715,0,validation
17,le_4c4592,7.339716911315918,6.6493988037109375,0,validation
17,he_2b1023,7.519728660583496,7.379032611846924,0,validation
17,le_ed8708,5.564461708068848,5.233028888702393,0,train
17,he_4ee83e,6.5322980880737305,6.909294128417969,0,validation
17,le_49a533,7.031759738922119,5.715737342834473,0,train
17,he_9ce40f,5.7555623054504395,4.845093250274658,0,train
17,le_592616,6.7343363761901855,7.805893421173096,0,validation
17,he_76ab15,7.245179653167725,6.967589855194092,0,validation
17,he_261f83,6.505399227142334,5.885677337646484,0,train
17,le_120b5b,6.572987079620361,5.956088542938232,0,train
17,le_f2acc0,6.767737865447998,6.761412620544434,0,train
17,he_04551f,7.439106464385986,7.248022556304932,0,validation
17,he_b9a930,6.161809921264648,5.536468029022217,0,train
17,le_80ca99,6.096259593963623,6.345705032348633,0,validation
17,he_334eb2,6.564115524291992,5.698187351226807,0,validation
17,le_0c2039,6.22096061706543,5.7291259765625,0,validation
17,he_028951,7.059188365936279,6.716362953186035,0,validation
17,le_d45347,6.572813034057617,6.110002040863037,0,train
17,he_a4529f,6.20124626159668,5.493361949920654,0,train
17,le_234216,6.669674873352051,5.920058727264404,0,train
17,le_9391b0,8.697772026062012,7.559488773345947,0,train
17,le_454c0b,7.5893096923828125,6.971700668334961,0,validation
17,le_49db1c,8.5211820602417,10.038146018981934,0,validation
17,he_67ae44,5.985848426818848,5.180054187774658,0,train
17,le_3c9f84,7.464085578918457,7.034370422363281,0,validation
17,he_15a710,8.249725341796875,8.82158088684082,0,train
17,he_4be430,6.640076160430908,7.558078765869141,0,validation
17,he_4435d3,7.298472881317139,6.728519439697266,0,train
17,he_de4bf9,6.641678810119629,6.028810024261475,0,validation
17,he_e361fe,7.265017032623291,6.998448848724365,0,validation
17,he_2e9fb6,6.03754186630249,5.255247116088867,0,train
17,le_b1f4ec,8.082696914672852,6.588505744934082,0,train
17,he_a3611b,6.894105911254883,6.387115001678467,0,validation
17,le_971e6c,6.251062870025635,5.768213272094727,0,validation
17,he_764bec,7.342090129852295,7.118339538574219,0,train
17,he_2b42db,7.399518013000488,7.183691024780273,0,train
17,he_a10557,7.4072794914245605,7.219746112823486,0,validation
17,he_5ec5e8,6.495062351226807,5.726315498352051,0,validation
17,le_4677fe,6.793416500091553,8.962206840515137,0,validation
17,le_98525a,7.843692779541016,6.307945251464844,0,validation
17,le_d24988,6.301809787750244,7.413202285766602,0,validation
17,he_37c485,7.341489315032959,7.117406368255615,0,validation
17,he_637e1b,6.594125270843506,6.018767356872559,0,train
17,le_aa9b3d,7.046356201171875,6.751082420349121,0,validation
17,le_092d88,8.7042875289917,8.740290641784668,0,validation
17,le_d8de43,7.490755558013916,7.831240653991699,0,train
17,le_68cc09,5.8425517082214355,6.809228420257568,0,train
17,le_814b46,6.026767253875732,5.404419422149658,0,validation
17,he_9cff74,7.270993232727051,7.0511932373046875,0,train
17,le_96c6d5,8.932625770568848,9.314276695251465,0,validation
17,he_c1196d,8.44317626953125,10.026549339294434,0,train
17,he_5a6c32,7.061009407043457,6.681102275848389,0,validation
17,he_5d5f7a,7.4678778648376465,7.3140106201171875,0,train
17,le_3a623c,6.486320972442627,6.246635437011719,0,train
17,le_e7dea5,8.194750785827637,6.886779308319092,0,train
17,he_80b814,6.326441287994385,5.617241859436035,0,validation
17,le_09679c,6.767928123474121,8.21716594696045,0,train
17,le_d4dd8f,5.954020977020264,5.048430919647217,0,validation
17,he_4bfcf6,6.798579692840576,6.3254499435424805,0,train
17,le_8f8e8a,7.608240604400635,6.6952948570251465,0,validation
17,he_eff624,7.450594902038574,7.2666916847229,0,train
17,le_b194d6,7.088663578033447,6.238497257232666,0,validation
17,le_b1ae3c,9.083209037780762,7.616563320159912,0,validation
17,he_5597e5,6.959569454193115,6.523306846618652,0,train
17,he_8a456e,7.899415969848633,7.996026039123535,0,validation
17,he_094848,7.010162353515625,6.6020073890686035,0,train
17,le_1c08db,5.97877311706543,5.694093227386475,0,train
17,he_e0689e,6.512040615081787,6.832984924316406,0,validation
17,le_f1d98c,7.193056106567383,6.232121467590332,0,train
17,le_a818bf,5.709978103637695,5.903775215148926,0,train
17,he_b19ac2,6.732844829559326,6.226847171783447,0,train
17,he_932e9c,7.4869866371154785,7.3258280754089355,0,validation
17,he_e1c1ac,7.882031440734863,8.305892944335938,0,validation
17,he_acd142,7.077354431152344,6.706529140472412,0,train
17,le_daf354,7.702133655548096,8.754109382629395,0,train
17,he_c21f8c,6.151566982269287,5.462856292724609,0,train
17,he_929f9b,6.835143566131592,6.380295276641846,0,validation
17,le_baabbc,6.494359970092773,5.508591651916504,0,train
17,he_4f27f3,7.866053104400635,7.941810607910156,0,train
17,le_c75cf6,7.148847579956055,7.4871087074279785,0,validation
17,he_eaabee,6.93236780166626,7.103623390197754,0,validation
17,he_85fdc1,7.360246181488037,7.146584510803223,0,validation
17,le_d5e0b8,6.1575608253479,5.818504810333252,0,train
17,le_b001cf,7.3400702476501465,6.371498107910156,0,validation
17,he_6be05d,7.412723541259766,7.729099273681641,0,train
17,le_870446,7.004926681518555,6.776059150695801,0,train
17,le_0637ba,6.233392238616943,5.4819464683532715,0,train
17,he_8a549e,7.915356636047363,9.854997634887695,0,train
17,le_d025d9,7.392664432525635,6.39865255355835,0,validation
17,he_a26cfb,8.039464950561523,9.349553108215332,0,validation
17,he_836543,7.423453330993652,7.244904518127441,0,train
17,he_b8a511,6.7502546310424805,6.19770622253418,0,train
17,le_0623c9,7.051382064819336,6.679549694061279,0,validation
17,he_9b18bc,7.423054218292236,6.452095031738281,0,validation
17,he_685d08,8.50361442565918,10.099757194519043,0,train
17,le_92914d,9.893007278442383,9.386089324951172,0,train
17,he_35b068,5.826532363891602,5.97726583480835,0,train
17,he_3a40f5,6.216965675354004,5.75541353225708,0,train
17,le_ddbf24,6.814123630523682,7.235807418823242,0,train
17,le_08e1b5,5.848702907562256,7.108955383300781,0,train
17,le_256cce,6.525555610656738,5.304195880889893,0,train
17,he_0e2b7a,8.153294563293457,8.485118865966797,0,validation
17,he_6cfa07,6.8576154708862305,7.478117942810059,0,validation
17,he_85ff02,9.403725624084473,10.588644027709961,0,train
17,le_39b3e3,7.119117736816406,6.754293918609619,0,train
17,he_351fa1,6.214659214019775,5.449566841125488,0,validation
17,le_d2662d,6.388507843017578,6.233569145202637,0,train
17,he_6e2164,6.583837509155273,6.003335475921631,0,validation
17,he_321338,7.1267266273498535,6.783329963684082,0,train
17,he_b9c59b,7.617207050323486,7.537434101104736,0,train
17,he_5ba506,7.803954124450684,7.218911170959473,0,train
17,he_955633,6.431931018829346,5.775476455688477,0,train
17,he_711362,7.085855960845947,6.719753265380859,0,validation
17,le_380ed6,7.009048938751221,7.018702030181885,0,train
17,he_eb5653,7.01231050491333,6.605350017547607,0,train
17,le_ef147f,8.076240539550781,6.45573616027832,0,validation
17,le_bd5553,6.336374282836914,5.694828987121582,0,validation
17,he_e8d0d4,5.92439079284668,5.856791973114014,0,train
17,le_ac58bc,6.669133186340332,6.060835361480713,0,train
17,le_6e93a8,5.411201000213623,5.144479751586914,0,train
17,le_a672ff,7.725427150726318,8.321598052978516,0,validation
17,he_59f481,8.365781784057617,10.410709381103516,0,train
17,le_32e365,5.9582061767578125,5.6684441566467285,0,validation
17,he_253e64,8.623443603515625,9.17257022857666,0,validation
17,he_1589ac,8.219346046447754,10.2115478515625,0,validation
17,he_0352a5,6.470376491546631,5.8331451416015625,0,validation
17,he_0fe808,7.221691608428955,6.931053638458252,0,validation
17,he_4dfc9a,6.811779499053955,6.293411731719971,0,train
17,he_53a37b,6.971516132354736,6.999974727630615,0,validation
17,he_3b1424,7.751874923706055,7.756272315979004,0,train
17,he_af8dbf,7.743058204650879,7.741945266723633,0,validation
17,he_a3e3a4,8.268439292907715,8.595688819885254,0,validation
17,le_622f03,5.91088342666626,4.938138961791992,0,validation
17,he_f40d7e,7.101319789886475,7.041169166564941,0,train
17,he_ad2c6f,6.9742584228515625,6.546156883239746,0,validation
17,he_557676,6.8543853759765625,6.787445068359375,0,validation
17,he_3c577e,6.830506801605225,6.322544574737549,0,train
17,le_661759,8.04410457611084,7.392974853515625,0,validation
17,he_1aca60,7.137409687042236,7.605857849121094,0,validation
17,he_dab57d,7.255889415740967,5.896413803100586,0,validation
17,le_7b2851,8.116805076599121,8.54273796081543,0,train
17,le_ef4386,8.279129981994629,7.622263431549072,0,train
17,he_81c663,7.1287641525268555,6.8207268714904785,0,train
17,le_cde2f8,7.792762756347656,8.473631858825684,0,train
17,he_781a92,6.543529033660889,5.942873477935791,0,train
17,he_a777f6,7.366171836853027,7.155799865722656,0,train
17,he_ee4bcc,7.045917987823486,6.657627582550049,0,train
17,le_bc79cd,6.868534088134766,6.0076117515563965,0,validation
17,he_0e1b16,7.979888916015625,8.126792907714844,0,validation
17,he_d16357,7.269598484039307,7.0055742263793945,0,train
17,he_28e587,6.714471340179443,5.708126068115234,0,train
17,he_41a754,6.923242092132568,5.680967330932617,0,train
17,le_70d46f,5.827861785888672,5.894493103027344,0,validation
17,le_ffbca1,8.537585258483887,7.78942346572876,0,train
17,he_616252,7.369318962097168,7.212874412536621,0,train
17,he_a4594f,6.424596786499023,6.045276641845703,0,train
17,le_b8feee,6.147900104522705,7.553409576416016,0,train
17,le_eb9660,7.096599578857422,6.329034805297852,0,train
17,le_363c70,8.753130912780762,7.359768390655518,0,train
17,le_6bde61,9.376041412353516,7.938922882080078,0,validation
17,le_c04ae8,7.859325408935547,9.097206115722656,0,validation
17,he_4a3727,8.532293319702148,9.439931869506836,0,train
17,le_c880b0,7.891584873199463,8.04625415802002,0,validation
17,le_766228,7.633607864379883,6.6635918617248535,0,validation
17,le_9c4270,5.325300693511963,5.280632019042969,0,train
17,he_87d8a7,8.448296546936035,8.950763702392578,0,validation
17,he_8feb2d,8.040512084960938,7.50070858001709,0,validation
17,he_f01b48,7.687060356140137,7.650946617126465,0,validation
17,le_58079b,5.639575481414795,6.096582412719727,0,train
17,le_5088b4,8.742008209228516,8.128393173217773,0,train
17,he_6528fe,6.11932897567749,5.306394577026367,0,validation
17,le_aa12de,7.387501239776611,6.425398826599121,0,train
17,he_3d059e,7.964025020599365,8.120584487915039,0,train
17,le_feadea,6.201837062835693,5.96929931640625,0,train
17,he_0724b7,8.42080307006836,8.417093276977539,0,validation
17,he_cd16a6,5.539026737213135,4.530133247375488,0,validation
17,le_5b76d0,6.129183769226074,5.890969276428223,0,validation
17,he_dfc951,7.834056377410889,7.889815807342529,0,validation
17,he_ff9f62,5.616392135620117,4.723808765411377,0,validation
17,le_7a26ee,7.468318462371826,8.207222938537598,0,validation
17,le_3fc415,6.84780216217041,7.493626117706299,0,train
17,he_79241f,6.838530540466309,7.081184387207031,0,train
17,he_51d69d,7.644108772277832,8.009191513061523,0,validation
17,he_660f4d,7.589480876922607,7.50316858291626,0,train
17,le_69cfdb,5.5652642250061035,5.59937858581543,0,train
17,le_472126,8.222090721130371,6.941461563110352,0,train
17,le_4c7bcc,6.586216926574707,7.555689334869385,0,train
17,he_7d5015,8.305732727050781,9.15527057647705,0,validation
17,he_da468b,6.823825836181641,6.714622497558594,0,validation
17,le_a1bed9,8.059990882873535,7.054208755493164,0,train
17,he_b190e2,8.177718162536621,10.20238971710205,0,train
17,le_322936,6.361978530883789,5.822851181030273,0,train
17,le_39ed4e,5.6735944747924805,5.8471269607543945,0,train
17,he_139129,7.955867290496826,7.904842376708984,0,train
17,he_4615cf,6.6809234619140625,7.837118148803711,0,validation
17,he_910819,6.454674243927002,6.212194919586182,0,validation
17,he_03ff44,6.828202724456787,6.369883060455322,0,validation
17,he_c5228c,7.887494087219238,7.209324836730957,0,train
17,le_510ee4,6.585126876831055,7.74805212020874,0,validation
17,le_01c1d1,7.439189910888672,8.547698020935059,0,train
17,he_be5e6c,7.056003570556641,6.714498043060303,0,validation
17,he_035cdd,6.800751209259033,6.2762579917907715,0,validation
17,le_83ec82,6.213681221008301,5.592124938964844,0,train
17,le_10bdc8,5.894771575927734,6.183650970458984,0,train
17,he_08841b,6.060375213623047,5.288458824157715,0,validation
17,le_1438c8,6.697052955627441,6.29197359085083,0,train
17,le_28ff23,6.387925148010254,6.647778511047363,0,validation
17,le_26094c,7.667295932769775,7.322044849395752,0,validation
17,he_5bb743,7.3759660720825195,7.145419597625732,0,train
17,le_400c54,6.371129512786865,5.391446590423584,0,train
17,le_044ad6,6.145498752593994,5.994916915893555,0,validation
17,le_63f66e,5.6461286544799805,5.039861679077148,0,train
17,le_9f1d40,6.123252868652344,5.598533630371094,0,validation
17,le_59dd77,7.9684529304504395,7.318569660186768,0,validation
17,he_05a66f,7.0354485511779785,6.641340732574463,0,train
17,he_758929,6.463850975036621,6.8130035400390625,0,validation
17,le_acce2f,6.238504886627197,5.8129119873046875,0,validation
17,he_ab9692,6.87918758392334,6.4463605880737305,0,train
17,he_b5456c,6.361769676208496,5.670234680175781,0,validation
17,le_bc7d24,6.470942497253418,7.700998306274414,0,train
17,le_801110,6.3038411140441895,5.553330421447754,0,train
17,le_eaae1c,6.973470211029053,6.676069259643555,0,validation
17,he_708f00,7.383555889129639,8.056365966796875,0,train
17,le_b43f6c,7.396069526672363,7.462483882904053,0,validation
17,le_590a7e,5.7715983390808105,5.3829874992370605,0,validation
17,le_130ed1,5.9559526443481445,5.652219295501709,0,train
17,he_f65738,8.802990913391113,10.556524276733398,0,train
17,he_a779a4,6.993742942810059,6.5764665603637695,0,validation
17,he_13dd33,6.738480567932129,5.769735336303711,0,validation
17,le_9ab3c8,5.838948726654053,5.353662490844727,0,validation
17,he_37695e,4.618518829345703,5.139883518218994,0,validation
17,he_715e4a,6.68837308883667,6.160139083862305,0,validation
17,le_cf14b0,6.2157487869262695,6.2157487869262695,0,train
17,le_458c04,5.954948902130127,5.2718915939331055,0,validation
17,le_321164,6.958459377288818,7.5966973304748535,0,train
17,he_69af03,6.815812587738037,6.299685955047607,0,train
17,he_3179bb,7.271352767944336,5.9022932052612305,0,train
17,le_1a2bdc,6.902548313140869,8.079872131347656,0,train
17,le_6d4621,6.026249408721924,5.79688835144043,0,validation
17,le_f6fa0e,7.260632038116455,6.239017009735107,0,validation
17,le_8ee86d,6.882223129272461,6.427767753601074,0,validation
17,he_6fcaa9,6.878498077392578,6.3971967697143555,0,validation
17,le_c1040c,8.617673873901367,8.149847984313965,0,validation
17,he_4cb4e1,7.171409606933594,6.8528361320495605,0,validation
17,le_bc95e6,7.39982795715332,7.473473072052002,0,validation
17,le_a07c3a,7.30457067489624,7.528622627258301,0,validation
17,he_83c6f7,7.906325817108154,8.007254600524902,0,train
17,le_49d277,7.079857349395752,6.0053391456604,0,validation
17,le_87d2fd,6.263626575469971,5.602473735809326,0,train
17,le_ba271f,7.374819755554199,6.945850372314453,0,validation
17,le_1a29b0,6.608462810516357,6.366713523864746,0,train
17,he_279227,7.956210613250732,8.751260757446289,0,validation
17,le_05a5f2,6.01193904876709,5.592187881469727,0,validation
17,le_ac3893,6.4883952140808105,5.507891654968262,0,validation
17,he_d65115,7.973440647125244,9.653291702270508,0,validation
17,le_fa9cc3,7.779729843139648,8.102745056152344,0,validation
17,le_b0fdf1,6.408051013946533,6.073700904846191,0,validation
17,le_5a52c0,6.779631614685059,8.43605899810791,0,validation
17,he_d1f643,7.0318779945373535,5.751657009124756,0,validation
17,le_d20bd3,7.7830328941345215,6.882965564727783,0,train
17,he_992e41,6.711420059204102,6.085964679718018,0,train
17,le_cc6043,5.698166847229004,4.898951530456543,0,validation
17,he_c8b376,6.761878490447998,6.543038368225098,0,train
17,le_d21039,7.891195774078369,6.858937740325928,0,validation
17,le_5b5cf8,6.453989505767822,6.04653787612915,0,train
17,he_56e7b9,7.283352375030518,6.000852584838867,0,train
17,le_4229e2,6.59226131439209,6.701170921325684,0,validation
17,le_1a2492,7.285349369049072,8.158163070678711,0,validation
17,he_deb7c1,6.600616455078125,8.037156105041504,0,validation
17,le_4f31ff,7.727450370788574,7.886533260345459,0,validation
17,he_221288,7.994901657104492,10.146271705627441,0,validation
17,le_7b2aea,7.959475517272949,9.067656517028809,0,train
17,le_8045b0,7.099327087402344,6.394545078277588,0,train
17,he_537134,7.181005954742432,6.867762565612793,0,validation
17,he_2fe81b,6.5075812339782715,5.9038496017456055,0,validation
17,he_a962bf,7.5787482261657715,7.5887861251831055,0,validation
17,le_50582c,7.192157745361328,5.850419521331787,0,validation
17,he_f55329,6.341017246246338,5.639105319976807,0,validation
17,he_43d1e1,7.19117546081543,7.725620269775391,0,validation
17,he_4ec47d,6.737060070037842,6.10317325592041,0,validation
17,le_f28e73,7.263832092285156,6.549959659576416,0,validation
17,le_37a2d1,7.289431095123291,7.439572334289551,0,train
17,he_c20788,6.894167900085449,6.421572208404541,0,validation
17,le_764df2,6.949193954467773,7.090801239013672,0,validation
17,he_c6590f,6.328420639038086,5.620211124420166,0,train
17,he_60ed0a,5.773228645324707,4.945992946624756,0,validation
17,he_5df55a,8.96236801147461,11.517046928405762,0,validation
17,he_734cd1,5.932679653167725,5.879056453704834,0,train
17,le_de6e1e,5.806457996368408,6.128229141235352,0,validation
17,le_b4482a,6.579798221588135,5.996433258056641,0,validation
17,he_57a478,7.313712120056152,7.074195384979248,0,validation
17,le_0af460,6.549067497253418,6.34909725189209,0,validation
17,le_f0d06e,9.149351119995117,7.795979976654053,0,train
17,le_1c128f,8.234779357910156,7.840475082397461,0,train
17,le_a85ddb,7.2214884757995605,6.5168609619140625,0,validation
17,he_85af94,6.9028215408325195,6.435033798217773,0,train
17,he_63befa,6.19448184967041,5.483522891998291,0,validation
17,he_652056,8.002852439880371,9.106383323669434,0,validation
17,he_0d36d6,6.876190185546875,6.393607139587402,0,train
17,le_e0fa5c,6.540809154510498,5.730830192565918,0,validation
17,he_48966d,7.602568626403809,7.889226913452148,0,train
17,le_4d537b,5.859647274017334,5.5096306800842285,0,validation
17,le_9d8415,6.127496242523193,5.386852264404297,0,validation
17,he_487634,8.703500747680664,9.536055564880371,0,train
17,le_5ca495,7.316704750061035,7.050670623779297,0,train
17,he_3caee5,7.966859340667725,9.429153442382812,0,train
17,le_a61898,8.053074836730957,7.7661452293396,0,validation
17,he_6effe8,6.640958786010742,6.313332557678223,0,validation
17,le_01c9ec,7.164549350738525,6.464637756347656,0,train
17,le_b8397b,6.188953876495361,5.883862495422363,0,train
17,he_94fd55,7.7979021072387695,7.831066131591797,0,validation
17,le_01f7f4,8.070962905883789,7.9502997398376465,0,validation
17,le_3730f0,7.968234539031982,7.640324592590332,0,train
17,le_d66bd6,7.983972072601318,8.193425178527832,0,train
17,le_4356f8,8.045551300048828,7.333168983459473,0,validation
17,le_0155ee,6.014660358428955,9.049485206604004,0,validation
17,he_380d40,7.651876449584961,7.593774318695068,0,train
17,le_1bd9fa,6.542471885681152,6.292367935180664,0,train
17,he_195589,6.990604400634766,6.571582794189453,0,validation
17,le_4f6999,7.914931774139404,7.779810428619385,0,train
17,he_d5d6ab,7.412425518035889,7.204666614532471,0,train
17,he_c90fcd,6.758350372314453,6.4982733726501465,0,validation
17,le_3ccf61,7.722099304199219,8.187464714050293,0,validation
17,le_b9c5c4,7.95628023147583,7.637092590332031,0,train
17,le_a6ce35,7.995575428009033,7.978340148925781,0,train
17,le_12c34b,6.107416152954102,5.3510422706604,0,validation
17,le_7c71da,5.928743362426758,5.132536888122559,0,validation
17,he_dbbed2,7.560262203216553,7.457718849182129,0,train
17,he_fcf200,6.6007819175720215,6.028752326965332,0,validation
17,le_84b6bb,6.652076721191406,6.085892200469971,0,train
17,he_1f22c4,7.193521499633789,7.5770721435546875,0,train
17,le_a9f11f,8.484087944030762,7.064595699310303,0,validation
17,le_1911ce,8.857112884521484,10.067488670349121,0,validation
17,he_0d9235,7.015068531036377,8.444591522216797,0,validation
17,le_83decd,8.587882995605469,9.811551094055176,0,validation
17,he_412004,7.988102436065674,8.14013957977295,0,validation
17,he_9910b5,7.215535640716553,6.9214768409729,0,train
17,he_98349a,6.58195161819458,6.553633213043213,0,validation
17,le_404d16,6.882855415344238,6.110997200012207,0,train
17,le_00eeb2,7.645202159881592,8.701172828674316,0,train
17,le_1ccf16,7.4521307945251465,8.132201194763184,0,validation
17,le_7261d3,5.778188705444336,5.11161470413208,0,train
17,le_45d4cb,5.917906284332275,5.495253086090088,0,validation
17,le_694adb,6.991147994995117,6.614438056945801,0,train
17,le_70cf78,9.194096565246582,8.824921607971191,0,validation
17,he_e97c8c,7.074818134307861,6.73980712890625,0,train
17,he_0a5ec7,6.771429538726807,6.284723281860352,0,train
17,he_40a91b,7.568626403808594,6.840141296386719,0,validation
17,he_cdc607,6.674861431121826,5.8385396003723145,0,train
17,he_89ad62,7.2806291580200195,8.164362907409668,0,train
17,le_8deff5,6.614743709564209,6.605018615722656,0,validation
17,he_e1a03a,5.822606563568115,5.44225549697876,0,validation
17,le_52447f,7.451182842254639,6.788917541503906,0,validation
17,he_fb1124,8.63139820098877,11.62132740020752,0,train
17,le_523a81,5.617480754852295,5.273674011230469,0,validation
17,he_5608ba,6.75282096862793,6.428851127624512,0,train
17,le_8198ec,9.300053596496582,7.7640533447265625,0,train
17,he_d85c04,7.5521368980407715,7.43169641494751,0,validation
17,he_403257,8.089557647705078,8.107382774353027,0,train
17,le_e568c3,6.443800449371338,6.052098274230957,0,train
17,he_86eeae,5.258594989776611,6.028698444366455,0,validation
17,le_dfd822,8.537013053894043,10.27678394317627,0,train
17,le_c50a04,6.227229118347168,7.898252964019775,0,train
17,le_8de934,6.590822219848633,7.280576705932617,0,train
17,he_47238e,6.939309120178223,6.491791725158691,0,validation
17,he_d6039a,6.262192249298096,7.256044864654541,0,validation
17,le_29fc1c,9.207905769348145,8.51223087310791,0,validation
17,he_076917,5.9665703773498535,5.077633380889893,0,validation
17,le_91c567,6.103783130645752,5.787079334259033,0,validation
17,le_f58d84,6.756730079650879,6.313483715057373,0,validation
17,he_f0d231,6.546167850494385,6.105570316314697,0,validation
17,le_7427b9,6.2282843589782715,6.63563346862793,0,validation
17,le_7716d1,8.287590026855469,9.12720775604248,0,validation
17,he_0db92b,6.606863975524902,6.037875175476074,0,train
17,le_6975d5,7.526544094085693,7.384803295135498,0,train
17,he_4f7ff0,7.130191326141357,8.453669548034668,0,validation
17,he_e7fbc9,8.220870018005371,7.947815418243408,0,train
17,he_6c7977,7.736088275909424,7.730618000030518,0,validation
17,le_83615b,9.085281372070312,9.398594856262207,0,train
17,le_e50e4d,6.505304336547852,5.690919399261475,0,train
17,he_feda4e,7.56610107421875,8.951591491699219,0,validation
17,he_056a76,9.613409996032715,11.430106163024902,0,train
17,le_a0c615,7.0477399826049805,6.9147491455078125,0,train
17,he_25e97e,8.108392715454102,8.335612297058105,0,train
17,he_b85d24,8.009610176086426,8.957416534423828,0,validation
17,le_c470c6,7.738519191741943,8.133667945861816,0,validation
17,he_e554b0,6.840943336486816,6.3387770652771,0,train
17,le_a8ce41,6.0526580810546875,7.678743839263916,0,train
17,le_56f182,6.005807876586914,6.847654342651367,0,train
17,le_5ff624,8.37099552154541,8.338115692138672,0,validation
17,le_c3a6f8,7.038137912750244,6.306681156158447,0,validation
17,le_2f43e7,7.962917327880859,8.401549339294434,0,train
17,le_0bda07,7.0948991775512695,7.24212646484375,0,validation
17,le_f39982,6.053736686706543,5.649494171142578,0,train
17,he_0fab59,6.490242958068848,5.862943172454834,0,validation
17,le_a1c863,6.5695013999938965,6.045307159423828,0,train
17,he_512e0a,8.158886909484863,8.589117050170898,0,train
17,le_2ba026,7.0307536125183105,7.16993522644043,0,train
17,he_2044e1,7.386457443237305,6.431326389312744,0,validation
17,he_552813,7.14581823348999,6.9701738357543945,0,train
17,he_caef9f,6.009906768798828,5.2150492668151855,0,train
17,he_bf08f5,7.507180213928223,8.190542221069336,0,validation
17,he_959231,7.066385746002197,7.017542839050293,0,validation
17,le_2c1c76,6.062460899353027,5.76302433013916,0,train
17,he_b63add,7.318818092346191,7.082139015197754,0,train
17,he_a2b8a1,7.657639503479004,7.603139400482178,0,validation
17,le_8578d9,8.540199279785156,8.010359764099121,0,train
17,le_b41a4d,6.51884126663208,6.618485927581787,0,validation
17,le_80446d,7.124768257141113,5.871220588684082,0,train
17,le_e8dc06,6.193251132965088,5.929902076721191,0,train
17,le_226bc8,7.005016326904297,6.8421430587768555,0,train
17,le_fa7d2c,5.949447154998779,5.440883159637451,0,validation
17,he_063fc0,7.1944122314453125,5.904974460601807,0,train
17,he_affe4b,7.024435997009277,6.624210357666016,0,validation
17,le_55232c,8.114469528198242,7.515565872192383,0,validation
17,he_01cfbe,7.860533714294434,7.9328413009643555,0,validation
17,le_6cbd20,9.002508163452148,9.90832805633545,0,validation
17,he_4fd2c6,6.635441303253174,6.080740928649902,0,validation
17,le_d07324,7.353938579559326,6.248790264129639,0,validation
17,he_149c5b,7.290657997131348,7.038334846496582,0,train
17,he_7b0696,6.88070011138916,6.40062141418457,0,train
17,le_5ff0f8,6.4027485847473145,7.070411205291748,0,validation
17,he_bfbfe0,6.353498935699463,5.657828330993652,0,validation
17,le_2c1fd3,5.831159591674805,6.563102722167969,0,train
17,he_113880,7.262918472290039,7.158576011657715,0,train
17,he_43444c,6.335474491119385,5.630791664123535,0,train
17,he_63e860,8.652385711669922,13.23633861541748,0,train
17,he_30ba2d,6.743168354034424,6.242330074310303,0,validation
17,he_b516c8,6.858101844787598,6.365468502044678,0,validation
17,he_061e2c,7.629167079925537,7.546541690826416,0,train
17,le_430535,7.190566539764404,7.449899196624756,0,validation
17,le_2ce311,7.35148286819458,7.069128513336182,0,validation
17,le_9a7a59,6.872661590576172,6.674091339111328,0,train
17,le_54d379,6.715456008911133,5.741922378540039,0,train
17,le_52b809,7.836059093475342,8.763465881347656,0,train
17,le_f66fec,6.0571417808532715,5.636249542236328,0,train
17,he_d9b3a0,6.67590856552124,6.141441822052002,0,validation
17,le_2e65e7,6.094245433807373,7.13882303237915,0,validation
17,le_eb89a4,7.521907806396484,7.358266353607178,0,validation
17,he_a7bf3c,7.106231689453125,6.707100868225098,0,validation
17,le_275fa9,8.209029197692871,8.723103523254395,0,train
17,he_16c2e2,6.7479352951049805,6.249483108520508,0,train
17,le_763996,7.741856575012207,6.171208381652832,0,validation
17,le_c9ff75,8.061628341674805,7.554495334625244,0,validation
17,le_eb4323,7.206619739532471,6.2350335121154785,0,validation
17,he_0935e0,6.914194107055664,6.121146202087402,0,validation
17,le_28d5fc,7.672502040863037,6.174839019775391,0,train
17,le_f85aef,7.043871879577637,6.477642059326172,0,train
17,he_8743aa,7.642197608947754,7.578045845031738,0,validation
17,he_77325b,7.2452521324157715,6.967703342437744,0,train
17,le_194430,7.011929988861084,6.293593406677246,0,train
17,he_0d978a,7.381947994232178,7.1803412437438965,0,validation
17,he_d5d228,7.284745693206787,7.823077201843262,0,train
17,he_703227,6.608266353607178,5.772063732147217,0,validation
17,he_01e8ed,6.30306339263916,5.582174777984619,0,train
17,he_5785c0,6.771360397338867,6.284619331359863,0,validation
17,le_e7ceaf,7.503072261810303,7.098204135894775,0,validation
17,he_11ed24,6.360167026519775,5.667829513549805,0,validation
17,he_f65f6e,6.63245153427124,5.955752849578857,0,validation
17,he_726d3f,6.788671016693115,6.310585975646973,0,validation
17,le_dd8888,6.21953821182251,5.373682498931885,0,train
17,le_d042c2,7.012927055358887,6.509228706359863,0,train
17,le_39c6ce,6.919553756713867,6.67631721496582,0,validation
17,he_ab7281,6.926318645477295,6.471583843231201,0,train
17,he_019042,6.775117874145508,5.934188365936279,0,validation
17,le_d52c87,7.015645503997803,6.827556610107422,0,validation
17,he_112f6d,6.693639278411865,6.168038845062256,0,validation
17,le_4528f1,8.523341178894043,6.800899028778076,0,train
17,he_711892,6.566462516784668,7.679612159729004,0,validation
17,le_34558e,5.82155179977417,4.942536354064941,0,train
17,he_8066c3,7.579274654388428,7.475796699523926,0,train
17,he_fe4ada,7.5111918449401855,8.57790756225586,0,validation
17,le_58b819,9.249110221862793,8.781698226928711,0,train
17,he_eae292,7.5698418617248535,7.47261905670166,0,validation
17,he_14019f,6.345892429351807,6.619139194488525,0,validation
17,he_673c7e,7.054418563842773,6.709207057952881,0,train
17,he_d5db57,7.233921527862549,6.807697296142578,0,validation
17,le_7badf8,6.9432454109191895,6.085403919219971,0,validation
17,le_912a2a,7.5688581466674805,7.784129619598389,0,train
17,he_95ee8c,7.371100902557373,7.163468360900879,0,validation
17,le_8761f6,7.207756519317627,6.327096462249756,0,validation
17,le_5d7507,7.261416912078857,7.770275592803955,0,train
17,le_5863fc,6.910942554473877,6.795694351196289,0,validation
17,he_853422,7.202826499938965,6.901707172393799,0,validation
17,he_4e43b9,7.808592319488525,7.154061794281006,0,train
17,he_a39ebf,6.931179523468018,8.694318771362305,0,validation
17,le_80e3b0,5.83805513381958,5.832099914550781,0,train
17,le_e11ea9,6.592644691467285,6.0064520835876465,0,validation
17,he_e69885,6.489138126373291,5.8612871170043945,0,train
17,le_5d62d2,6.056157112121582,5.399227142333984,0,train
17,le_a8ce3a,7.710564136505127,7.463346004486084,0,validation
17,he_477534,7.084392547607422,7.411594390869141,0,train
17,he_4528d8,7.594165325164795,6.8508806228637695,0,validation
17,le_315c9d,6.291857719421387,6.091536521911621,0,train
17,he_9c907a,8.106125831604004,9.56250286102295,0,train
17,he_bc8ef0,6.392355918884277,5.716113090515137,0,validation
17,le_ff4463,7.3967790603637695,7.465269565582275,0,train
17,he_b63a86,6.986325263977051,8.226362228393555,0,validation
17,le_6fe94c,5.914430141448975,6.060740947723389,0,train
17,le_b554e0,6.472085475921631,5.654028415679932,0,validation
17,he_905478,6.47340726852417,5.6258673667907715,0,validation
17,le_ae27bc,6.4267377853393555,6.0350661277771,0,validation
17,le_86dde0,6.768007755279541,6.602151870727539,0,validation
17,le_3235a7,6.073334693908691,5.886445045471191,0,train
17,le_560bc5,7.706470012664795,8.202946662902832,0,validation
17,le_b2d8a4,6.999732494354248,6.934046745300293,0,train
17,he_57b66a,7.319454669952393,8.607781410217285,0,train
17,he_8b6e8a,6.752809047698975,6.201680660247803,0,train
17,he_0ad37b,7.694258213043213,7.6661553382873535,0,validation
17,he_1f1796,7.417757511138916,7.236044883728027,0,validation
17,he_c788c4,6.696075439453125,10.571256637573242,0,train
17,le_3e0c8b,6.2608232498168945,5.795734405517578,0,validation
17,le_ad29d4,8.458691596984863,8.73790454864502,0,validation
17,he_9ead18,6.630396842956543,7.1230268478393555,0,train
17,le_a9c8e7,6.749814987182617,8.54721450805664,0,train
17,he_fa775e,8.449609756469727,11.130080223083496,0,train
17,he_6eb3b7,5.759772300720215,6.084656715393066,0,train
17,le_b68792,7.47319221496582,7.419382095336914,0,train
17,le_7491ba,6.533966064453125,5.938660144805908,0,train
17,le_155906,8.033279418945312,8.539443969726562,0,validation
17,le_71250d,8.987149238586426,7.179001331329346,0,train
17,he_945b84,6.059016704559326,5.286482334136963,0,validation
17,le_767019,8.316567420959473,8.110868453979492,0,validation
17,le_bea3b5,6.438161373138428,6.294816493988037,0,validation
17,le_1a7ab7,5.302063465118408,6.372547626495361,0,train
17,he_0445e3,6.879261016845703,6.824851036071777,0,validation
17,he_ebb18a,6.433319568634033,5.446746826171875,0,train
17,he_04607e,6.459992408752441,5.817568302154541,0,train
17,le_8dffb2,6.398458003997803,5.816082000732422,0,validation
17,he_bf7958,7.005990505218506,6.122210502624512,0,validation
17,he_865b01,6.933280944824219,6.482414245605469,0,validation
17,he_5422d6,6.826690673828125,6.316606521606445,0,validation
17,le_1b77f0,5.894678592681885,6.252413749694824,0,validation
17,he_061f19,6.5351996421813965,5.9664530754089355,0,train
17,le_ab66f0,6.146705150604248,5.732236862182617,0,train
17,le_33de79,7.682191371917725,8.9030179977417,0,validation
17,he_4d16d8,8.005794525146484,8.607032775878906,0,train
17,he_7141aa,5.772970199584961,5.267049312591553,0,validation
17,le_b7b78e,6.069694519042969,5.880838871002197,0,train
17,le_341408,6.1450042724609375,7.548630714416504,0,validation
17,he_e7f057,5.854311943054199,5.060861110687256,0,validation
17,le_c975ec,6.6219024658203125,6.143523693084717,0,train
17,he_b9dc56,6.4415788650512695,5.789947509765625,0,validation
17,he_b9ba5e,7.634638786315918,8.36635971069336,0,train
17,le_3ef247,8.861343383789062,9.44348430633545,0,validation
17,le_945414,6.341768264770508,7.021919250488281,0,train
17,le_73a0f6,6.0099639892578125,5.3192925453186035,0,validation
17,le_f790ca,6.359601974487305,5.630466938018799,0,train
17,le_3c1dbd,8.879833221435547,8.037147521972656,0,train
17,he_ac375a,7.705392360687256,8.642821311950684,0,validation
17,he_d0547e,7.854057312011719,7.611788749694824,0,train
17,le_0e80d9,6.053566932678223,5.996654033660889,0,train
17,he_9a731c,6.57009744644165,6.617682456970215,0,validation
17,he_442910,6.277997016906738,6.593614101409912,0,validation
17,le_ae71bb,6.9222798347473145,6.395932674407959,0,validation
17,he_0c8461,8.331891059875488,10.522655487060547,0,validation
17,le_36906d,7.9470906257629395,7.599802494049072,0,validation
17,he_c72991,7.662479400634766,7.616721153259277,0,train
17,le_698ed0,7.381584644317627,5.799323081970215,0,train
17,le_2f8b4e,6.401144027709961,6.424736499786377,0,validation
17,le_096a5a,6.496617794036865,5.496278285980225,0,train
17,he_b62509,6.575889587402344,5.926471710205078,0,validation
17,le_ad984a,8.733784675598145,7.467641830444336,0,train
17,he_2aef37,6.599447250366211,6.6209611892700195,0,validation
17,le_4e404a,5.909931182861328,5.508168697357178,0,train
17,he_8f57fb,7.351304054260254,7.132673263549805,0,train
17,he_10c218,6.695713043212891,7.0264458656311035,0,train
17,he_a7eb16,7.337893962860107,7.111813068389893,0,train
17,le_157346,6.633134365081787,6.5178656578063965,0,train
17,he_4c56d3,7.63923978805542,7.573240280151367,0,validation
17,le_875512,6.124567985534668,5.69227933883667,0,validation
17,le_f593c2,6.001278400421143,5.9857635498046875,0,train
17,le_43f436,7.549742221832275,8.280326843261719,0,train
17,he_fa6948,6.799718379974365,7.689484119415283,0,validation
17,he_cc58af,6.5521721839904785,6.679238796234131,0,train
17,le_9aabb9,6.776283264160156,6.646644115447998,0,train
17,he_256c48,7.115111351013184,6.765260696411133,0,validation
17,he_301a3e,8.173819541931152,8.441929817199707,0,train
17,he_bda96d,6.955234050750732,7.016597747802734,0,validation
17,le_d031d2,6.508880615234375,6.702169418334961,0,train
17,he_935b9f,8.073830604553223,7.703600883483887,0,train
17,he_f51b67,5.823699474334717,4.944202899932861,0,train
17,le_1223ad,5.640782833099365,5.162004470825195,0,validation
17,le_59e8c6,7.708780765533447,7.367509841918945,0,train
17,he_fd9c4c,8.13913631439209,8.385571479797363,0,train
17,he_4e95fa,8.306017875671387,9.767083168029785,0,train
17,he_5863f3,6.944819927215576,7.060606479644775,0,train
17,le_327267,6.221654891967773,5.746278762817383,0,validation
17,le_d61b54,8.838520050048828,8.065901756286621,0,validation
17,he_69475d,7.255033493041992,6.948903560638428,0,validation
17,he_f152e5,6.814282417297363,6.349002361297607,0,train
17,le_5704eb,8.237131118774414,7.180359363555908,0,validation
17,le_c5b6c0,7.587069511413574,7.2803754806518555,0,validation
17,he_90123f,8.062108993530273,8.449779510498047,0,train
17,he_0bee72,7.445827960968018,7.27971076965332,0,validation
17,he_68742b,7.521893501281738,7.398035049438477,0,validation
17,he_b7e84d,6.723017692565918,6.212105751037598,0,validation
17,he_765035,7.085343837738037,7.0048418045043945,0,train
17,le_e7dcfd,6.280963897705078,6.320220947265625,0,validation
17,he_a9942d,7.381401062011719,7.6639533042907715,0,validation
17,he_d1ef4d,6.808304309844971,6.35105562210083,0,validation
17,le_f9fcdf,6.505786418914795,6.472393989562988,0,validation
17,he_b2fbe6,8.168303489685059,8.432969093322754,0,train
17,le_338fc2,6.518451690673828,5.962538719177246,0,validation
17,he_51a0c7,6.443213939666748,6.127978324890137,0,validation
17,le_77f475,7.6420698165893555,8.705718040466309,0,validation
17,le_0e684b,8.591435432434082,8.821197509765625,0,validation
17,he_19058d,5.583309173583984,4.676941394805908,0,train
17,he_b5f00f,5.472950458526611,4.520599842071533,0,train
17,he_1ef995,7.641946792602539,7.054329872131348,0,train
17,he_844d39,6.5179266929626465,5.836308002471924,0,train
17,he_ae8e9c,6.93255615234375,6.065091609954834,0,train
17,le_6035f7,6.013099193572998,5.610417366027832,0,train
17,he_0a3039,6.073251247406006,7.429782867431641,0,train
17,le_550d25,6.449331760406494,6.8323493003845215,0,validation
17,le_ec27a1,6.831875324249268,6.238844871520996,0,validation
17,he_f77454,7.197929859161377,6.659445285797119,0,validation
17,le_d7795e,6.441675662994385,6.53965425491333,0,train
17,le_1c7c91,6.394028186798096,6.210474014282227,0,validation
17,he_8a99f7,7.992101192474365,8.50100326538086,0,train
17,le_d1964b,7.337405681610107,8.204570770263672,0,validation
17,he_2dc55e,6.9489827156066895,7.408546447753906,0,train
17,le_8cccbf,7.270303249359131,7.819824695587158,0,validation
17,le_25d7bf,6.85293436050415,6.620916843414307,0,train
17,le_d83883,7.669548511505127,8.095826148986816,0,validation
17,he_5893a2,7.0759735107421875,7.729609489440918,0,train
17,he_5b4ec1,7.809253215789795,7.855261325836182,0,train
17,le_adb773,7.306285381317139,6.755834579467773,0,validation
17,he_d66410,7.3042778968811035,7.867208480834961,0,validation
17,he_d91d52,8.379387855529785,10.410975456237793,0,train
17,le_497c69,6.691521644592285,7.4484100341796875,0,validation
17,he_b70236,6.663269519805908,6.1224846839904785,0,train
17,le_ecfb48,6.825530529022217,6.873778820037842,0,train
17,he_4caf0f,7.024154186248779,8.291444778442383,0,train
17,he_f7f5b8,7.424925804138184,7.247196674346924,0,train
17,he_8b8e73,6.421087265014648,5.759210586547852,0,validation
17,he_df76e7,6.00943660736084,5.214365005493164,0,train
17,le_384eec,6.555994033813477,5.521975517272949,0,train
17,he_6a3ff1,6.20871639251709,5.504226207733154,0,train
17,le_af2269,7.135337829589844,7.057379722595215,0,validation
17,he_91e872,6.317690372467041,5.6041154861450195,0,train
17,he_92a1d4,6.009258270263672,5.214105606079102,0,train
17,le_58503c,6.4517011642456055,5.510279655456543,0,validation
17,le_9827be,6.5845208168029785,6.720725059509277,0,validation
17,he_0a2e7a,6.0209479331970215,5.159000873565674,0,train
17,le_536ce6,5.906846046447754,5.577024936676025,0,validation
17,le_c47bf3,6.420853614807129,6.2263569831848145,0,train
17,le_23d7e6,5.9863996505737305,5.164068222045898,0,train
17,he_aea985,6.849020481109619,8.02666187286377,0,train
17,he_610a6b,6.605267524719238,6.035480499267578,0,train
17,le_0b5c71,7.64721155166626,6.805732250213623,0,train
17,le_8e17a1,6.42439603805542,6.202243328094482,0,train
17,he_e97a85,6.490143299102783,5.921419143676758,0,train
17,he_baf440,7.486798286437988,6.273882865905762,0,validation
17,he_41f4cd,6.025073528289795,5.237109661102295,0,validation
17,he_5cb9a5,7.039964199066162,6.753294467926025,0,train
17,le_59e850,6.313262462615967,5.945653915405273,0,train
17,le_130466,7.489851474761963,7.5393242835998535,0,train
17,le_ae10ae,6.876078128814697,6.132917404174805,0,train
17,le_b57fb4,5.787371635437012,5.023458957672119,0,validation
17,he_122fc1,7.518199443817139,7.376548767089844,0,validation
17,he_def558,7.557873249053955,7.8504743576049805,0,train
17,he_88eef7,7.209110260009766,9.33131217956543,0,train
17,le_56db27,7.580121994018555,6.791748046875,0,train
17,le_b72c01,7.066071510314941,7.449488162994385,0,train
17,he_e7e54d,8.22986125946045,9.364118576049805,0,train
17,he_666efe,8.29870319366455,8.644867897033691,0,train
17,le_5f218d,6.250231742858887,5.93376350402832,0,validation
17,le_31327c,7.069728851318359,7.287906646728516,0,validation
17,le_cae6e7,6.932703495025635,6.3268656730651855,0,validation
17,he_fdfcef,8.017008781433105,8.187113761901855,0,train
17,le_53b2fd,6.316128730773926,6.127318382263184,0,train
17,le_72261f,7.971166133880615,5.839672088623047,0,train
17,le_fc3d57,7.302313804626465,7.702993869781494,0,train
17,le_230abf,7.927357196807861,7.500041484832764,0,validation
17,le_41a3a0,6.693548202514648,6.591062068939209,0,validation
17,he_7a5e63,7.071874141693115,6.698004245758057,0,train
17,le_dfd3b4,8.006349563598633,8.248222351074219,0,validation
17,le_a2fcff,6.969085216522217,6.337470531463623,0,validation
17,le_109683,7.69771671295166,7.350454330444336,0,validation
17,he_7057f3,6.908903121948242,5.6099371910095215,0,validation
17,he_558615,7.011082172393799,7.7084760665893555,0,train
17,le_e7fc9f,6.807521343231201,6.587234973907471,0,train
17,le_ac7cf7,6.4618988037109375,6.196028709411621,0,validation
17,he_9eff37,7.640939235687256,7.583215713500977,0,validation
17,le_d44ccb,6.507550239562988,5.215867519378662,0,validation
17,le_d60087,5.383187770843506,5.374596118927002,0,train
17,le_9c6ba0,6.154697418212891,7.361332416534424,0,validation
17,he_97db03,8.838245391845703,9.621963500976562,0,train
17,le_ff1ebb,7.506641387939453,7.506641387939453,0,validation
17,le_e9f735,7.4656243324279785,8.035456657409668,0,train
17,he_e6d7a6,8.160497665405273,8.420282363891602,0,validation
17,he_97c074,7.937934875488281,8.995992660522461,0,validation
17,le_d969e0,6.555201053619385,6.398432731628418,0,train
17,he_bbc8b7,8.631426811218262,9.6444673538208,0,validation
17,le_1aa1fb,6.025763988494873,5.073191165924072,0,validation
17,le_1c3df3,7.12650203704834,7.4198079109191895,0,validation
17,le_b7d8a6,7.230205059051514,6.748309135437012,0,validation
17,he_9b050e,6.675887584686279,6.141409873962402,0,validation
17,le_d52c28,6.379438400268555,5.300370216369629,0,validation
17,he_3f7fe7,7.140604019165039,6.892271518707275,0,validation
17,he_b3e123,6.759074687957764,6.21142578125,0,validation
17,le_1674c0,5.884217262268066,5.309535026550293,0,train
17,le_78f0ed,5.615812301635742,5.556652069091797,0,train
17,he_533155,7.426111698150635,7.249040603637695,0,validation
17,he_d80706,7.834754467010498,9.88409423828125,0,train
17,le_ff18cf,6.545224189758301,5.816913604736328,0,validation
17,le_8a6f35,7.310056209564209,7.616474151611328,0,validation
17,he_2edc16,6.651454448699951,6.044016361236572,0,validation
17,he_4ff1c4,6.758289813995361,8.229984283447266,0,validation
17,he_4f9390,7.641786098480225,8.046402931213379,0,validation
17,le_185d39,8.591996192932129,7.056756973266602,0,train
17,le_9b9745,7.6343464851379395,7.264652729034424,0,validation
17,le_91f758,6.349807262420654,5.382408618927002,0,train
17,le_a8ed34,7.583805561065674,7.502040863037109,0,train
17,he_661ccf,7.246700763702393,6.84564733505249,0,train
17,he_37489d,6.802212238311768,8.096073150634766,0,train
17,he_7c68af,8.270027160644531,9.47374439239502,0,train
17,le_838987,5.806874752044678,5.911512851715088,0,train
17,le_f50d64,6.650339603424072,7.549741268157959,0,validation
17,le_417bec,8.096985816955566,8.059267044067383,0,validation
17,le_a6260b,6.206775188446045,5.464459419250488,0,train
17,he_51332a,7.112785816192627,6.585755825042725,0,validation
17,he_1ef686,6.950384616851807,6.776010036468506,0,train
17,le_4b0989,6.213793754577637,5.608852386474609,0,train
17,le_19c9ac,5.6769256591796875,7.104421138763428,0,train
17,he_d79548,6.506371021270752,5.887137413024902,0,validation
17,le_6d15c9,8.283119201660156,7.402684688568115,0,validation
17,le_5b740a,6.630813121795654,5.878277778625488,0,train
17,le_edf950,6.4684295654296875,5.738082408905029,0,train
17,he_847dab,6.823734283447266,7.876046180725098,0,train
17,he_a64661,6.819307804107666,6.3051228523254395,0,train
17,he_cdf3a4,7.733025074005127,7.780708312988281,0,train
17,he_cabb3d,6.724717617034912,6.21465539932251,0,validation
17,he_e07220,6.196836471557617,5.422835350036621,0,validation
17,le_57ec9b,8.465579986572266,7.980010986328125,0,train
17,he_7556fc,6.86713171005249,6.428276062011719,0,train
17,le_9468b1,9.369625091552734,9.941903114318848,0,validation
17,le_2af127,6.700280666351318,6.595072269439697,0,validation
17,he_9c8a78,5.834235668182373,4.959526538848877,0,train
17,he_2519ee,7.52572774887085,8.510892868041992,0,train
17,he_f84b71,7.090161323547363,6.726449966430664,0,train
17,le_98b680,6.520479202270508,5.678799152374268,0,train
17,le_4afc4d,9.068488121032715,8.02469253540039,0,train
17,le_d96176,7.734652996063232,8.63909912109375,0,validation
17,he_859e26,6.659963130950928,7.172173500061035,0,train
17,he_bddd26,6.503757953643799,5.883217811584473,0,train
17,he_f07086,6.6657633781433105,7.342668056488037,0,train
17,he_ffbc40,6.065788745880127,5.296331405639648,0,train
17,le_a80334,7.275993824005127,6.60927152633667,0,train
17,le_1b5d46,7.674257755279541,7.342916011810303,0,validation
17,le_f7b80b,5.8539605140686035,5.041920185089111,0,validation
17,le_ceeb48,6.664676189422607,5.4991230964660645,0,train
17,he_e187a0,6.2113728523254395,5.050055980682373,0,train
17,le_5f97fa,7.767954349517822,7.277527809143066,0,train
18,le_d069d3,6.585981845855713,6.706397533416748,0,validation
18,he_47c12f,7.362562656402588,7.147170066833496,0,validation
18,le_64d75a,5.6961469650268555,5.761202812194824,0,train
18,le_259d3e,7.624091148376465,7.972312927246094,0,validation
18,he_31fd02,7.377843856811523,6.75577449798584,0,train
18,he_cb7e90,7.896121025085449,10.718025207519531,0,train
18,he_79e9b7,7.666323661804199,9.362601280212402,0,validation
18,he_eb9923,6.301733016967773,6.542083740234375,0,validation
18,he_fb3ae1,6.497615337371826,5.871289253234863,0,validation
18,he_e12d52,8.303507804870605,9.300058364868164,0,validation
18,le_bf9a36,8.513554573059082,8.233600616455078,0,train
18,he_4a04a2,7.664803504943848,8.407291412353516,0,validation
18,le_b2752d,7.763657093048096,6.926243782043457,0,train
18,le_7aa426,6.844663143157959,7.90260648727417,0,train
18,le_98d6b3,6.828345775604248,6.976724147796631,0,validation
18,he_0d4150,8.087328910827637,10.058658599853516,0,validation
18,he_a87a9b,7.167640209197998,7.717215061187744,0,validation
18,le_fde5e8,7.892941951751709,7.7299675941467285,0,validation
18,le_78fc9a,7.65195369720459,8.38663101196289,0,train
18,le_749d9e,6.276099681854248,5.916510105133057,0,train
18,le_d82184,7.115520000457764,8.416031837463379,0,validation
18,he_81252f,6.677135944366455,7.590155124664307,0,train
18,le_02764e,7.686413288116455,7.686398983001709,0,train
18,he_bda94e,6.803238391876221,6.329724311828613,0,train
18,le_5f185b,8.169734001159668,8.561150550842285,0,train
18,he_a8615f,6.612208843231201,6.043179512023926,0,train
18,he_929466,7.916040897369385,8.040419578552246,0,train
18,he_883cb8,7.159923553466797,6.831954002380371,0,validation
18,le_f0530f,7.478187561035156,7.802741527557373,0,train
18,he_1d2579,5.901984691619873,5.768674850463867,0,validation
18,le_9faffe,6.144652843475342,5.871939659118652,0,validation
18,he_842a1f,6.16452693939209,5.448585510253906,0,train
18,he_bb65e5,7.607290744781494,7.170461177825928,0,validation
18,he_95d87e,7.0810546875,6.7092671394348145,0,train
18,le_c8410f,7.8459062576293945,7.590240001678467,0,train
18,le_e7807e,5.682742118835449,5.025180339813232,0,train
18,le_3a63b0,7.956424713134766,7.994112968444824,0,train
18,he_b61f8b,8.043222427368164,8.226317405700684,0,validation
18,he_17f529,6.0664262771606445,5.462902069091797,0,train
18,he_34360a,6.473857402801514,5.835651397705078,0,train
18,le_3422e0,7.793642044067383,7.0291666984558105,0,validation
18,he_a0069c,8.294194221496582,8.634147644042969,0,train
18,le_ba2a87,5.507261753082275,5.763566017150879,0,train
18,le_66b5ac,8.222455024719238,7.436339855194092,0,validation
18,he_ccbb6e,7.818676471710205,7.885404109954834,0,validation
18,le_4c4592,7.302150249481201,6.581867218017578,0,validation
18,he_2b1023,7.553340435028076,7.43026065826416,0,validation
18,le_ed8708,5.554164409637451,5.232267379760742,0,train
18,he_4ee83e,6.47913122177124,6.909185886383057,0,validation
18,le_49a533,6.98237943649292,5.654566764831543,0,train
18,he_9ce40f,5.667248725891113,4.725271224975586,0,train
18,le_592616,6.71956205368042,7.870546340942383,0,validation
18,he_76ab15,7.202905178070068,6.898813247680664,0,validation
18,he_261f83,6.467923641204834,5.826751708984375,0,train
18,le_120b5b,6.654966831207275,6.044621467590332,0,train
18,le_f2acc0,6.8505072593688965,6.848153114318848,0,train
18,he_04551f,7.403355121612549,7.186533451080322,0,validation
18,he_b9a930,6.263821125030518,5.808096408843994,0,train
18,le_80ca99,6.16254997253418,6.433138847351074,0,validation
18,he_334eb2,6.5754780769348145,5.626457691192627,0,validation
18,le_0c2039,6.186940670013428,5.7021942138671875,0,validation
18,he_028951,7.025125980377197,6.662555694580078,0,validation
18,le_d45347,6.651485919952393,6.128687381744385,0,train
18,he_a4529f,6.283872127532959,5.62217903137207,0,train
18,le_234216,6.715395450592041,5.97654914855957,0,train
18,le_9391b0,8.660333633422852,7.353997707366943,0,train
18,le_454c0b,7.564733028411865,6.852643966674805,0,validation
18,le_49db1c,8.599370002746582,10.237491607666016,0,validation
18,he_67ae44,6.036778926849365,5.26276969909668,0,train
18,le_3c9f84,7.512219429016113,7.066948890686035,0,validation
18,he_15a710,8.269968032836914,9.127795219421387,0,train
18,he_4be430,6.70235013961792,7.616691589355469,0,validation
18,he_4435d3,7.234042167663574,6.690133571624756,0,train
18,he_de4bf9,6.653828144073486,6.044694900512695,0,validation
18,he_e361fe,7.288546085357666,7.032032012939453,0,validation
18,he_2e9fb6,6.076412677764893,5.3204193115234375,0,train
18,le_b1f4ec,8.007105827331543,6.468242645263672,0,train
18,he_a3611b,6.93689489364624,6.396276950836182,0,validation
18,le_971e6c,6.22764778137207,5.744397163391113,0,validation
18,he_764bec,7.223319053649902,6.930569171905518,0,train
18,he_2b42db,7.422896862030029,7.218289375305176,0,train
18,he_a10557,7.464634895324707,7.30595064163208,0,validation
18,he_5ec5e8,6.650684833526611,5.865475654602051,0,validation
18,le_4677fe,6.739230155944824,8.950241088867188,0,validation
18,le_98525a,7.867664337158203,6.373311996459961,0,validation
18,le_d24988,6.284940242767334,7.215146064758301,0,validation
18,he_37c485,7.214157581329346,6.916318893432617,0,validation
18,he_637e1b,6.631901264190674,6.07271671295166,0,train
18,le_aa9b3d,7.134807586669922,6.869271278381348,0,validation
18,le_092d88,8.782977104187012,8.8397216796875,0,validation
18,le_d8de43,7.517973899841309,7.8268327713012695,0,train
18,le_68cc09,5.802912712097168,6.799383640289307,0,train
18,le_814b46,5.973535537719727,5.337843894958496,0,validation
18,he_9cff74,7.198747634887695,6.847259521484375,0,train
18,le_96c6d5,8.993490219116211,9.356553077697754,0,validation
18,he_c1196d,8.531639099121094,10.113908767700195,0,train
18,he_5a6c32,7.074733257293701,6.699438095092773,0,validation
18,he_5d5f7a,7.421631813049316,7.23905611038208,0,train
18,le_3a623c,6.374227523803711,6.1260528564453125,0,train
18,le_e7dea5,8.222208976745605,6.811079502105713,0,train
18,he_80b814,6.372330665588379,5.683362007141113,0,validation
18,le_09679c,6.699292182922363,8.119908332824707,0,train
18,le_d4dd8f,5.954000949859619,5.035684585571289,0,validation
18,he_4bfcf6,6.812960624694824,6.344306945800781,0,train
18,le_8f8e8a,7.649413585662842,6.680023670196533,0,validation
18,he_eff624,7.436912536621094,7.24106502532959,0,train
18,le_b194d6,7.146193027496338,6.284138202667236,0,validation
18,le_b1ae3c,9.06152629852295,7.630771160125732,0,validation
18,he_5597e5,6.992274284362793,6.5711669921875,0,train
18,he_8a456e,7.952323913574219,8.078609466552734,0,validation
18,he_094848,6.987884998321533,6.564339637756348,0,train
18,le_1c08db,5.943678855895996,5.650230884552002,0,train
18,he_e0689e,6.534782886505127,6.905205726623535,0,validation
18,le_f1d98c,7.2954230308532715,6.372682094573975,0,train
18,le_a818bf,5.799624443054199,5.975217342376709,0,train
18,he_b19ac2,6.795928478240967,6.3187575340271,0,train
18,he_932e9c,7.509223937988281,7.3585710525512695,0,validation
18,he_e1c1ac,7.858032703399658,8.231432914733887,0,validation
18,he_acd142,6.975031852722168,6.544343948364258,0,train
18,le_daf354,7.623900413513184,8.458431243896484,0,train
18,he_c21f8c,6.1155548095703125,5.400610446929932,0,train
18,he_929f9b,6.821235656738281,6.356719017028809,0,validation
18,le_baabbc,6.503190517425537,5.4795403480529785,0,train
18,he_4f27f3,7.823349952697754,7.869026184082031,0,train
18,le_c75cf6,6.997243404388428,7.450475215911865,0,validation
18,he_eaabee,6.849947929382324,7.1425957679748535,0,validation
18,he_85fdc1,7.408301830291748,7.218319416046143,0,validation
18,le_d5e0b8,6.181019306182861,5.888432502746582,0,train
18,le_b001cf,7.254603862762451,6.229942321777344,0,validation
18,he_6be05d,7.410581111907959,7.704963684082031,0,train
18,le_870446,6.993288993835449,6.754113674163818,0,train
18,le_0637ba,6.281523704528809,5.56860876083374,0,train
18,he_8a549e,8.01044750213623,9.890080451965332,0,train
18,le_d025d9,7.377931594848633,6.403404712677002,0,validation
18,he_a26cfb,8.076651573181152,9.327301979064941,0,validation
18,he_836543,7.544297218322754,7.429869651794434,0,train
18,he_b8a511,6.689499855041504,6.100183963775635,0,train
18,le_0623c9,7.084439754486084,6.777871608734131,0,validation
18,he_9b18bc,7.445611953735352,6.516850471496582,0,validation
18,he_685d08,8.399033546447754,9.94885540008545,0,train
18,le_92914d,9.79386043548584,9.34129810333252,0,train
18,he_35b068,5.925986289978027,6.13240385055542,0,train
18,he_3a40f5,6.233243942260742,5.7255635261535645,0,train
18,le_ddbf24,6.949233055114746,7.465943813323975,0,train
18,le_08e1b5,5.82598352432251,7.0433526039123535,0,train
18,le_256cce,6.507102012634277,5.287291526794434,0,train
18,he_0e2b7a,8.139864921569824,8.332048416137695,0,validation
18,he_6cfa07,6.937376976013184,7.453207969665527,0,validation
18,he_85ff02,9.4198579788208,10.612420082092285,0,train
18,le_39b3e3,7.0424113273620605,6.629356861114502,0,train
18,he_351fa1,6.305838108062744,5.583622932434082,0,validation
18,le_d2662d,6.477397918701172,6.38674783706665,0,train
18,he_6e2164,6.6039137840271,6.030735969543457,0,validation
18,he_321338,7.2146782875061035,6.91712760925293,0,train
18,he_b9c59b,7.62656831741333,7.549255847930908,0,train
18,he_5ba506,7.722227573394775,7.090731620788574,0,train
18,he_955633,6.40790319442749,5.736720085144043,0,train
18,he_711362,7.036732196807861,6.640324115753174,0,validation
18,le_380ed6,6.947996139526367,6.974032402038574,0,train
18,he_eb5653,7.144673824310303,6.808233261108398,0,train
18,le_ef147f,7.871387958526611,6.228556156158447,0,validation
18,le_bd5553,6.328384876251221,5.599370956420898,0,validation
18,he_e8d0d4,5.771610736846924,5.74371337890625,0,train
18,le_ac58bc,6.620091915130615,6.039517402648926,0,train
18,le_6e93a8,5.402440071105957,5.247786998748779,0,train
18,le_a672ff,7.811126708984375,8.35103702545166,0,validation
18,he_59f481,8.278117179870605,10.353107452392578,0,train
18,le_32e365,5.968912601470947,5.6540327072143555,0,validation
18,he_253e64,8.661287307739258,9.230673789978027,0,validation
18,he_1589ac,8.161858558654785,10.259778022766113,0,validation
18,he_0352a5,6.522465705871582,5.908565521240234,0,validation
18,he_0fe808,7.252182960510254,6.975468158721924,0,validation
18,he_4dfc9a,6.846227169036865,6.343982219696045,0,train
18,he_53a37b,6.853725433349609,6.957918643951416,0,validation
18,he_3b1424,7.82173490524292,7.866400718688965,0,train
18,he_af8dbf,7.72045373916626,7.701818466186523,0,validation
18,he_a3e3a4,8.218981742858887,8.511927604675293,0,validation
18,le_622f03,5.917582035064697,4.910758018493652,0,validation
18,he_f40d7e,7.092957019805908,6.981989860534668,0,train
18,he_ad2c6f,6.94456148147583,6.496946334838867,0,validation
18,he_557676,6.944850444793701,6.945340633392334,0,validation
18,he_3c577e,6.870246887207031,6.381345748901367,0,train
18,le_661759,8.001469612121582,7.348735809326172,0,validation
18,he_1aca60,6.932190418243408,7.3436598777771,0,validation
18,he_dab57d,7.273034572601318,5.998293876647949,0,validation
18,le_7b2851,7.901671886444092,8.303546905517578,0,train
18,le_ef4386,8.442085266113281,7.854282379150391,0,train
18,he_81c663,7.098077297210693,6.771981716156006,0,train
18,le_cde2f8,7.811860084533691,8.539325714111328,0,train
18,he_781a92,6.566784381866455,5.975041389465332,0,train
18,he_a777f6,7.384709358215332,7.181620121002197,0,train
18,he_ee4bcc,7.024687767028809,6.621587753295898,0,train
18,le_bc79cd,6.8983330726623535,6.062366008758545,0,validation
18,he_0e1b16,8.018439292907715,8.186044692993164,0,validation
18,he_d16357,7.327819347381592,7.093125343322754,0,train
18,he_28e587,6.722723484039307,5.59229850769043,0,train
18,he_41a754,6.92178201675415,5.549947738647461,0,train
18,le_70d46f,5.864563941955566,5.982420921325684,0,validation
18,le_ffbca1,8.651638984680176,8.003493309020996,0,train
18,he_616252,7.362182140350342,7.145326137542725,0,train
18,he_a4594f,6.498019218444824,6.270120620727539,0,train
18,le_b8feee,6.200154781341553,7.779273509979248,0,train
18,le_eb9660,6.96838903427124,6.173225402832031,0,train
18,le_363c70,8.645753860473633,7.1590256690979,0,train
18,le_6bde61,9.40877628326416,8.018404960632324,0,validation
18,le_c04ae8,7.882902145385742,9.209098815917969,0,validation
18,he_4a3727,8.557296752929688,9.51067066192627,0,train
18,le_c880b0,7.791013240814209,7.837366580963135,0,validation
18,le_766228,7.615368366241455,6.659373760223389,0,validation
18,le_9c4270,5.2529988288879395,5.204399585723877,0,train
18,he_87d8a7,8.403210639953613,8.869599342346191,0,validation
18,he_8feb2d,8.05678939819336,7.447254180908203,0,validation
18,he_f01b48,7.75015926361084,7.750090599060059,0,validation
18,le_58079b,5.530270576477051,5.890860080718994,0,train
18,le_5088b4,8.807999610900879,8.221826553344727,0,train
18,he_6528fe,6.112869739532471,5.272663593292236,0,validation
18,le_aa12de,7.372949123382568,6.2977495193481445,0,train
18,he_3d059e,7.973966598510742,8.133749961853027,0,train
18,le_feadea,6.176219463348389,5.928719997406006,0,train
18,he_0724b7,8.519556045532227,8.606353759765625,0,validation
18,he_cd16a6,5.559709548950195,4.568850040435791,0,validation
18,le_5b76d0,6.145221710205078,5.922469139099121,0,validation
18,he_dfc951,7.7936906814575195,7.820828914642334,0,validation
18,he_ff9f62,5.573911190032959,4.671541690826416,0,validation
18,le_7a26ee,7.426899433135986,8.263384819030762,0,validation
18,le_3fc415,6.845015048980713,7.538942337036133,0,train
18,he_79241f,6.791008949279785,7.071269989013672,0,train
18,he_51d69d,7.635114669799805,8.093822479248047,0,validation
18,he_660f4d,7.639281272888184,7.5776214599609375,0,train
18,le_69cfdb,5.579132556915283,5.595173358917236,0,train
18,le_472126,8.234613418579102,7.002557277679443,0,train
18,le_4c7bcc,6.659511566162109,7.7362380027771,0,train
18,he_7d5015,8.440488815307617,9.252644538879395,0,validation
18,he_da468b,6.7942214012146,6.638577938079834,0,validation
18,le_a1bed9,8.192728996276855,7.208956241607666,0,train
18,he_b190e2,8.134148597717285,10.06227970123291,0,train
18,le_322936,6.185574531555176,5.6177659034729,0,train
18,le_39ed4e,5.6110711097717285,5.719392776489258,0,train
18,he_139129,7.979943752288818,7.879358768463135,0,train
18,he_4615cf,6.714569568634033,7.772225379943848,0,validation
18,he_910819,6.356489181518555,6.176003456115723,0,validation
18,he_03ff44,6.954579830169678,6.556734561920166,0,validation
18,he_c5228c,7.923136234283447,7.077889919281006,0,train
18,le_510ee4,6.655352592468262,8.117714881896973,0,validation
18,le_01c1d1,7.334715843200684,8.35811996459961,0,train
18,he_be5e6c,7.062325954437256,6.677674293518066,0,validation
18,he_035cdd,6.856966972351074,6.36068868637085,0,validation
18,le_83ec82,6.222970962524414,5.619811058044434,0,train
18,le_10bdc8,5.730714797973633,5.935994625091553,0,train
18,he_08841b,5.945241451263428,5.129623889923096,0,validation
18,le_1438c8,6.70023775100708,6.302314758300781,0,train
18,le_28ff23,6.4449262619018555,6.720813751220703,0,validation
18,le_26094c,7.7460479736328125,7.564169406890869,0,validation
18,he_5bb743,7.398497581481934,7.1786394119262695,0,train
18,le_400c54,6.341497898101807,5.320158958435059,0,train
18,le_044ad6,6.089668273925781,5.936450958251953,0,validation
18,le_63f66e,5.526978015899658,4.861457347869873,0,train
18,le_9f1d40,6.154763698577881,5.618902206420898,0,validation
18,le_59dd77,8.005327224731445,7.436511516571045,0,validation
18,he_05a66f,6.97941255569458,6.551158905029297,0,train
18,he_758929,6.412375450134277,6.680779933929443,0,validation
18,le_acce2f,6.289055824279785,5.915484428405762,0,validation
18,he_ab9692,6.787024021148682,6.305400848388672,0,train
18,he_b5456c,6.278650283813477,5.542841911315918,0,validation
18,le_bc7d24,6.577602863311768,8.008666038513184,0,train
18,le_801110,6.362523078918457,5.6313862800598145,0,train
18,le_eaae1c,6.918101787567139,6.62272834777832,0,validation
18,he_708f00,7.397470474243164,8.014435768127441,0,train
18,le_b43f6c,7.306242942810059,7.313777446746826,0,validation
18,le_590a7e,5.753994464874268,5.375054359436035,0,validation
18,le_130ed1,6.001913547515869,5.7204132080078125,0,train
18,he_f65738,8.779132843017578,10.687923431396484,0,train
18,he_a779a4,7.025257587432861,6.622474193572998,0,validation
18,he_13dd33,6.692246437072754,5.767374515533447,0,validation
18,le_9ab3c8,5.824346542358398,5.389944553375244,0,validation
18,he_37695e,4.651153564453125,5.257930278778076,0,validation
18,he_715e4a,6.625826835632324,6.0636067390441895,0,validation
18,le_cf14b0,6.1967668533325195,6.1967668533325195,0,train
18,le_458c04,5.974069118499756,5.3014020919799805,0,validation
18,le_321164,6.870645999908447,7.397438049316406,0,train
18,he_69af03,6.903792858123779,6.433526992797852,0,train
18,he_3179bb,7.195927143096924,5.896524906158447,0,train
18,le_1a2bdc,6.7916460037231445,7.947447299957275,0,train
18,le_6d4621,6.188325881958008,5.964885711669922,0,validation
18,le_f6fa0e,7.253113269805908,6.236511707305908,0,validation
18,le_8ee86d,6.945644378662109,6.5302839279174805,0,validation
18,he_6fcaa9,6.803281307220459,6.277177810668945,0,validation
18,le_c1040c,8.791184425354004,8.359223365783691,0,validation
18,he_4cb4e1,7.115338325500488,6.762599945068359,0,validation
18,le_bc95e6,7.307948589324951,7.393907070159912,0,validation
18,le_a07c3a,7.233236789703369,7.363718032836914,0,validation
18,he_83c6f7,7.955114364624023,8.08314323425293,0,train
18,le_49d277,7.056282043457031,6.019744873046875,0,validation
18,le_87d2fd,6.202812194824219,5.543906211853027,0,train
18,le_ba271f,7.4476494789123535,7.039114952087402,0,validation
18,le_1a29b0,6.47774600982666,6.224857330322266,0,train
18,he_279227,7.910553932189941,8.633208274841309,0,validation
18,le_05a5f2,6.0154619216918945,5.618143081665039,0,validation
18,le_ac3893,6.565067768096924,5.644043922424316,0,validation
18,he_d65115,7.982497215270996,9.623663902282715,0,validation
18,le_fa9cc3,7.808584690093994,8.15445327758789,0,validation
18,le_b0fdf1,6.4428181648254395,6.072792053222656,0,validation
18,le_5a52c0,6.896672248840332,8.518442153930664,0,validation
18,he_d1f643,6.93315315246582,5.469445705413818,0,validation
18,le_d20bd3,7.673616886138916,6.751331329345703,0,train
18,he_992e41,6.667961597442627,6.060496807098389,0,train
18,le_cc6043,5.756287574768066,5.054484844207764,0,validation
18,he_c8b376,6.705691814422607,6.4230637550354,0,train
18,le_d21039,7.971506595611572,6.890501499176025,0,validation
18,le_5b5cf8,6.364374160766602,5.907514572143555,0,train
18,he_56e7b9,7.2698974609375,6.042813777923584,0,train
18,le_4229e2,6.581960201263428,6.778249740600586,0,validation
18,le_1a2492,7.28059720993042,8.327498435974121,0,validation
18,he_deb7c1,6.5560994148254395,8.064499855041504,0,validation
18,le_4f31ff,7.545586585998535,7.801300048828125,0,validation
18,he_221288,8.00546646118164,10.089812278747559,0,validation
18,le_7b2aea,7.96148157119751,8.984593391418457,0,train
18,le_8045b0,7.038669586181641,6.294214248657227,0,train
18,he_537134,7.176608085632324,6.857907772064209,0,validation
18,he_2fe81b,6.5225958824157715,5.9817352294921875,0,validation
18,he_a962bf,7.539252281188965,7.592270851135254,0,validation
18,le_50582c,7.1741766929626465,5.7434539794921875,0,validation
18,he_f55329,6.419090270996094,5.753500938415527,0,validation
18,he_43d1e1,7.130908489227295,7.672492027282715,0,validation
18,he_4ec47d,6.824707508087158,6.407217979431152,0,validation
18,le_f28e73,7.31298828125,6.615295886993408,0,validation
18,le_37a2d1,7.195671558380127,7.226010322570801,0,train
18,he_c20788,6.835013389587402,6.326537609100342,0,validation
18,le_764df2,6.831226825714111,6.830117702484131,0,validation
18,he_c6590f,6.337527751922607,5.63115930557251,0,train
18,he_60ed0a,5.743905067443848,4.912367343902588,0,validation
18,he_5df55a,8.924463272094727,11.38675594329834,0,validation
18,he_734cd1,5.877833843231201,5.839813232421875,0,train
18,le_de6e1e,5.6374077796936035,6.005469799041748,0,validation
18,le_b4482a,6.422219753265381,5.789148807525635,0,validation
18,he_57a478,7.353575706481934,7.133190631866455,0,validation
18,le_0af460,6.483175277709961,6.275148391723633,0,validation
18,le_f0d06e,9.29581356048584,7.958290100097656,0,train
18,le_1c128f,8.319661140441895,8.016846656799316,0,train
18,le_a85ddb,7.237770080566406,6.590553283691406,0,validation
18,he_85af94,6.854787349700928,6.357297897338867,0,train
18,he_63befa,6.199068069458008,5.498826503753662,0,validation
18,he_652056,7.939149856567383,9.055109024047852,0,validation
18,he_0d36d6,6.933558940887451,6.479831218719482,0,train
18,le_e0fa5c,6.416580677032471,5.532984733581543,0,validation
18,he_48966d,7.474012851715088,7.645912170410156,0,train
18,le_4d537b,5.898339748382568,5.564828872680664,0,validation
18,le_9d8415,6.164874076843262,5.422306537628174,0,validation
18,he_487634,8.695737838745117,9.654470443725586,0,train
18,le_5ca495,7.259134769439697,7.007610321044922,0,train
18,he_3caee5,7.870478630065918,9.279199600219727,0,train
18,le_a61898,7.98761510848999,7.6517486572265625,0,validation
18,he_6effe8,6.602327346801758,6.1865410804748535,0,validation
18,le_01c9ec,7.106056213378906,6.4221577644348145,0,train
18,le_b8397b,6.23796272277832,5.9270501136779785,0,train
18,he_94fd55,7.771756649017334,7.785185813903809,0,validation
18,le_01f7f4,8.130300521850586,7.949491024017334,0,validation
18,le_3730f0,7.971033573150635,7.644756317138672,0,train
18,le_d66bd6,7.91349458694458,8.005827903747559,0,train
18,le_4356f8,7.904323101043701,7.185803413391113,0,validation
18,le_0155ee,6.05362606048584,9.02268123626709,0,validation
18,he_380d40,7.8017096519470215,7.833859920501709,0,train
18,le_1bd9fa,6.6206254959106445,6.388323783874512,0,train
18,he_195589,6.952934741973877,6.509972095489502,0,validation
18,le_4f6999,8.075180053710938,8.164772987365723,0,train
18,he_d5d6ab,7.4278178215026855,7.2262864112854,0,train
18,he_c90fcd,6.737766742706299,6.521767616271973,0,validation
18,le_3ccf61,7.746302127838135,8.108931541442871,0,validation
18,le_b9c5c4,7.923336505889893,7.519861698150635,0,train
18,le_a6ce35,7.9251227378845215,7.903992176055908,0,train
18,le_12c34b,6.017705917358398,5.305418014526367,0,validation
18,le_7c71da,5.823398590087891,4.980246543884277,0,validation
18,he_dbbed2,7.527132987976074,7.403169631958008,0,train
18,he_fcf200,6.628511905670166,6.067634582519531,0,validation
18,le_84b6bb,6.704665184020996,6.1263508796691895,0,train
18,he_1f22c4,7.290891170501709,7.632743835449219,0,train
18,le_a9f11f,8.321709632873535,6.914923191070557,0,validation
18,le_1911ce,8.95931339263916,10.234990119934082,0,validation
18,he_0d9235,6.923061370849609,8.219074249267578,0,validation
18,le_83decd,8.632676124572754,9.867819786071777,0,validation
18,he_412004,7.9721527099609375,8.110830307006836,0,validation
18,he_9910b5,7.192001819610596,6.8818535804748535,0,train
18,he_98349a,6.491226673126221,6.361189842224121,0,validation
18,le_404d16,6.977288246154785,6.251650333404541,0,train
18,le_00eeb2,7.763810157775879,9.026850700378418,0,train
18,le_1ccf16,7.388790607452393,8.144645690917969,0,validation
18,le_7261d3,5.791021823883057,5.136215686798096,0,train
18,le_45d4cb,5.8475213050842285,5.409911155700684,0,validation
18,le_694adb,7.104183673858643,6.7356719970703125,0,train
18,le_70cf78,9.142139434814453,8.672593116760254,0,validation
18,he_e97c8c,7.004288673400879,6.6312971115112305,0,train
18,he_0a5ec7,6.704967021942139,6.182315349578857,0,train
18,he_40a91b,7.635881423950195,6.951376438140869,0,validation
18,he_cdc607,6.68621826171875,5.878087043762207,0,train
18,he_89ad62,7.2660417556762695,8.105579376220703,0,train
18,le_8deff5,6.56488561630249,6.627398490905762,0,validation
18,he_e1a03a,5.891402244567871,5.672325134277344,0,validation
18,le_52447f,7.50432014465332,6.841986179351807,0,validation
18,he_fb1124,8.640640258789062,11.609801292419434,0,train
18,le_523a81,5.585668087005615,5.195613861083984,0,validation
18,he_5608ba,6.7754597663879395,6.358860969543457,0,train
18,le_8198ec,9.40280532836914,8.005607604980469,0,train
18,he_d85c04,7.538773536682129,7.406589031219482,0,validation
18,he_403257,8.080965995788574,8.098029136657715,0,train
18,le_e568c3,6.34977912902832,5.927809238433838,0,train
18,he_86eeae,5.233360767364502,6.001802921295166,0,validation
18,le_dfd822,8.502400398254395,10.18854808807373,0,train
18,le_c50a04,6.108431816101074,7.777766704559326,0,train
18,le_8de934,6.694288730621338,7.395545959472656,0,train
18,he_47238e,6.93292236328125,6.478841304779053,0,validation
18,he_d6039a,6.2924652099609375,7.419978141784668,0,validation
18,le_29fc1c,9.241887092590332,8.755278587341309,0,validation
18,he_076917,6.133966445922852,5.274276256561279,0,validation
18,le_91c567,6.100053787231445,5.790217876434326,0,validation
18,le_f58d84,6.8653564453125,6.5199713706970215,0,validation
18,he_f0d231,6.395853519439697,5.903994560241699,0,validation
18,le_7427b9,6.2466301918029785,6.6968841552734375,0,validation
18,le_7716d1,8.380209922790527,9.359443664550781,0,validation
18,he_0db92b,6.554433822631836,5.956516742706299,0,train
18,le_6975d5,7.498933792114258,7.438301086425781,0,train
18,he_4f7ff0,7.081853866577148,8.418943405151367,0,validation
18,he_e7fbc9,8.245733261108398,8.004509925842285,0,train
18,he_6c7977,7.690409183502197,7.6529974937438965,0,validation
18,le_83615b,8.933680534362793,9.182015419006348,0,train
18,le_e50e4d,6.51101541519165,5.710937023162842,0,train
18,he_feda4e,7.53920316696167,8.946550369262695,0,validation
18,he_056a76,9.543218612670898,11.285372734069824,0,train
18,le_a0c615,7.02156925201416,6.874483585357666,0,train
18,he_25e97e,8.058483123779297,8.251118659973145,0,train
18,he_b85d24,7.931526184082031,8.850373268127441,0,validation
18,le_c470c6,7.715909004211426,7.980906009674072,0,validation
18,he_e554b0,6.831761837005615,6.321480751037598,0,train
18,le_a8ce41,6.023221492767334,7.652974605560303,0,train
18,le_56f182,5.939764499664307,6.750338077545166,0,train
18,le_5ff624,8.37059211730957,8.38116455078125,0,validation
18,le_c3a6f8,6.93603515625,6.13871955871582,0,validation
18,le_2f43e7,8.002875328063965,8.518887519836426,0,train
18,le_0bda07,7.05698299407959,7.2011542320251465,0,validation
18,le_f39982,6.008960723876953,5.612910747528076,0,train
18,he_0fab59,6.462099075317383,5.818015098571777,0,validation
18,le_a1c863,6.577125072479248,6.010384559631348,0,train
18,he_512e0a,8.16219425201416,8.685752868652344,0,train
18,le_2ba026,7.035139560699463,7.169520378112793,0,train
18,he_2044e1,7.469218730926514,6.608115196228027,0,validation
18,he_552813,7.159226417541504,7.044578552246094,0,train
18,he_caef9f,6.036630153656006,5.262552261352539,0,train
18,he_bf08f5,7.517121315002441,8.20397663116455,0,validation
18,he_959231,7.162303924560547,7.130441188812256,0,validation
18,le_2c1c76,6.028569221496582,5.695204734802246,0,train
18,he_b63add,7.2871928215026855,7.029928207397461,0,train
18,he_a2b8a1,7.709900379180908,7.684670448303223,0,validation
18,le_8578d9,8.422660827636719,7.877441883087158,0,train
18,le_b41a4d,6.6490912437438965,6.869034290313721,0,validation
18,le_80446d,7.214499473571777,6.017200469970703,0,train
18,le_e8dc06,6.3717780113220215,6.281363487243652,0,train
18,le_226bc8,6.97687292098999,6.762982368469238,0,train
18,le_fa7d2c,5.9255051612854,5.461025714874268,0,validation
18,he_063fc0,7.262852191925049,5.9759440422058105,0,train
18,he_affe4b,7.033198356628418,6.634825706481934,0,validation
18,le_55232c,8.048571586608887,7.421947956085205,0,validation
18,he_01cfbe,7.967782974243164,8.103729248046875,0,validation
18,le_6cbd20,8.951835632324219,9.906073570251465,0,validation
18,he_4fd2c6,6.617051601409912,6.050443172454834,0,validation
18,le_d07324,7.348844528198242,6.198458671569824,0,validation
18,he_149c5b,7.281065464019775,7.0203986167907715,0,train
18,he_7b0696,6.868325233459473,6.378357410430908,0,train
18,le_5ff0f8,6.509366035461426,7.243429183959961,0,validation
18,he_bfbfe0,6.329148769378662,5.618587970733643,0,validation
18,le_2c1fd3,5.772616386413574,6.494866371154785,0,train
18,he_113880,7.365257740020752,7.319354057312012,0,train
18,he_43444c,6.342644214630127,5.6388325691223145,0,train
18,he_63e860,8.840517044067383,13.634648323059082,0,train
18,he_30ba2d,6.7690110206604,6.278382778167725,0,validation
18,he_b516c8,6.861258506774902,6.367362976074219,0,validation
18,he_061e2c,7.730699062347412,7.716721534729004,0,train
18,le_430535,7.259406566619873,7.625064373016357,0,validation
18,le_2ce311,7.253108501434326,6.990145206451416,0,validation
18,le_9a7a59,6.8092360496521,6.673215389251709,0,train
18,le_54d379,6.757026672363281,5.801365852355957,0,train
18,le_52b809,7.863329887390137,8.865462303161621,0,train
18,le_f66fec,6.0939412117004395,5.677947998046875,0,train
18,he_d9b3a0,6.595488548278809,6.0180983543396,0,validation
18,le_2e65e7,6.140451908111572,7.198776721954346,0,validation
18,le_eb89a4,7.661796569824219,7.5309576988220215,0,validation
18,he_a7bf3c,7.109082221984863,6.708340644836426,0,validation
18,le_275fa9,8.276421546936035,8.92421817779541,0,train
18,he_16c2e2,6.75618839263916,6.259147644042969,0,train
18,le_763996,7.810286998748779,6.192999839782715,0,validation
18,le_c9ff75,8.132227897644043,7.686067581176758,0,validation
18,le_eb4323,7.187080383300781,6.297091960906982,0,validation
18,he_0935e0,7.025102615356445,6.35725736618042,0,validation
18,le_28d5fc,7.630535125732422,6.128434658050537,0,train
18,le_f85aef,7.026977062225342,6.443559646606445,0,train
18,he_8743aa,7.671757698059082,7.622687339782715,0,validation
18,he_77325b,7.2524495124816895,6.975884914398193,0,train
18,le_194430,7.002403259277344,6.29131555557251,0,train
18,he_0d978a,7.361462116241455,7.1454596519470215,0,validation
18,he_d5d228,7.228494644165039,7.766343116760254,0,train
18,he_703227,6.696462631225586,5.936386585235596,0,validation
18,he_01e8ed,6.338221549987793,5.632198333740234,0,train
18,he_5785c0,6.752965927124023,6.2543134689331055,0,validation
18,le_e7ceaf,7.535837173461914,7.184413909912109,0,validation
18,he_11ed24,6.327955722808838,5.616799354553223,0,validation
18,he_f65f6e,6.592170238494873,5.864170551300049,0,validation
18,he_726d3f,6.917164325714111,6.500612735748291,0,validation
18,le_dd8888,6.240201473236084,5.382199287414551,0,train
18,le_d042c2,7.0190324783325195,6.544854164123535,0,train
18,le_39c6ce,6.869076251983643,6.670994758605957,0,validation
18,he_ab7281,7.007134914398193,6.594282150268555,0,train
18,he_019042,6.770082950592041,5.942259311676025,0,validation
18,le_d52c87,6.884422302246094,6.710859775543213,0,validation
18,he_112f6d,6.726483345031738,6.214591026306152,0,validation
18,le_4528f1,8.48730754852295,6.6460280418396,0,train
18,he_711892,6.583337306976318,7.595645904541016,0,validation
18,le_34558e,5.76751708984375,4.889468669891357,0,train
18,he_8066c3,7.54011344909668,7.408766746520996,0,train
18,he_fe4ada,7.5061259269714355,8.681536674499512,0,validation
18,le_58b819,9.201977729797363,8.745007514953613,0,train
18,he_eae292,7.554416656494141,7.445609092712402,0,validation
18,he_14019f,6.432868957519531,6.8236894607543945,0,validation
18,he_673c7e,7.039692401885986,6.684403419494629,0,train
18,he_d5db57,7.147854328155518,6.610833644866943,0,validation
18,le_7badf8,6.886415958404541,6.009133338928223,0,validation
18,le_912a2a,7.541717052459717,7.815986633300781,0,train
18,he_95ee8c,7.415751934051514,7.229909896850586,0,validation
18,le_8761f6,7.072885036468506,6.15541410446167,0,validation
18,le_5d7507,7.259766578674316,7.714996814727783,0,train
18,le_5863fc,7.020042419433594,6.940550804138184,0,validation
18,he_853422,7.3064703941345215,7.0599164962768555,0,validation
18,he_4e43b9,7.785539150238037,7.153771877288818,0,train
18,he_a39ebf,6.930823802947998,8.65109634399414,0,validation
18,le_80e3b0,5.91664457321167,5.912027835845947,0,train
18,le_e11ea9,6.591924667358398,6.013166427612305,0,validation
18,he_e69885,6.5370564460754395,5.930451393127441,0,train
18,le_5d62d2,6.0517778396606445,5.439233779907227,0,train
18,le_a8ce3a,7.692599296569824,7.435807704925537,0,validation
18,he_477534,7.022911548614502,7.320878028869629,0,train
18,he_4528d8,7.528331279754639,6.661002159118652,0,validation
18,le_315c9d,6.183781623840332,5.984430313110352,0,train
18,he_9c907a,8.062542915344238,9.420465469360352,0,train
18,he_bc8ef0,6.472574234008789,5.8337273597717285,0,validation
18,le_ff4463,7.300956726074219,7.262969970703125,0,train
18,he_b63a86,6.982517719268799,8.22991943359375,0,validation
18,le_6fe94c,5.858595371246338,6.024009704589844,0,train
18,le_b554e0,6.469292163848877,5.667737007141113,0,validation
18,he_905478,6.462242126464844,5.647457599639893,0,validation
18,le_ae27bc,6.601807594299316,6.355581760406494,0,validation
18,le_86dde0,6.807458877563477,6.610136985778809,0,validation
18,le_3235a7,6.110813617706299,5.871062278747559,0,train
18,le_560bc5,7.7281928062438965,8.25180721282959,0,validation
18,le_b2d8a4,7.084352016448975,7.071589469909668,0,train
18,he_57b66a,7.470948696136475,8.881941795349121,0,train
18,he_8b6e8a,6.735718727111816,6.172079563140869,0,train
18,he_0ad37b,7.718092918395996,7.700217247009277,0,validation
18,he_1f1796,7.436659336090088,7.262431621551514,0,validation
18,he_c788c4,6.699273109436035,10.55532169342041,0,train
18,le_3e0c8b,6.236330986022949,5.756837368011475,0,validation
18,le_ad29d4,8.375580787658691,8.638243675231934,0,validation
18,he_9ead18,6.6696014404296875,7.165342807769775,0,train
18,le_a9c8e7,6.778379440307617,8.560800552368164,0,train
18,he_fa775e,8.482549667358398,11.084124565124512,0,train
18,he_6eb3b7,5.687478065490723,6.0577473640441895,0,train
18,le_b68792,7.481557369232178,7.408697128295898,0,train
18,le_7491ba,6.5045671463012695,5.9593658447265625,0,train
18,le_155906,8.105972290039062,8.727901458740234,0,validation
18,le_71250d,8.827157974243164,6.76674222946167,0,train
18,he_945b84,6.101491928100586,5.356898784637451,0,validation
18,le_767019,8.369165420532227,8.235344886779785,0,validation
18,le_bea3b5,6.46364688873291,6.287809371948242,0,validation
18,le_1a7ab7,5.380777359008789,6.514845848083496,0,train
18,he_0445e3,6.78474235534668,6.737795352935791,0,validation
18,he_ebb18a,6.444089412689209,5.535635471343994,0,train
18,he_04607e,6.405555725097656,5.733198642730713,0,train
18,le_8dffb2,6.54617977142334,5.960240364074707,0,validation
18,he_bf7958,6.916873455047607,5.970106601715088,0,validation
18,he_865b01,6.918741703033447,6.45678186416626,0,validation
18,he_5422d6,6.895301818847656,6.4203200340271,0,validation
18,le_1b77f0,5.8363938331604,6.197063446044922,0,validation
18,he_061f19,6.475033283233643,5.921144962310791,0,train
18,le_ab66f0,6.143758296966553,5.739760398864746,0,train
18,le_33de79,7.562436103820801,8.611339569091797,0,validation
18,he_4d16d8,7.8584699630737305,8.33391284942627,0,train
18,he_7141aa,5.817655563354492,5.365240573883057,0,validation
18,le_b7b78e,6.140801429748535,6.025274276733398,0,train
18,le_341408,5.95180082321167,7.369468688964844,0,validation
18,he_e7f057,5.775009632110596,4.956430912017822,0,validation
18,le_c975ec,6.604561805725098,6.196584701538086,0,train
18,he_b9dc56,6.416778087615967,5.750032901763916,0,validation
18,he_b9ba5e,7.603365421295166,8.311441421508789,0,train
18,le_3ef247,8.898150444030762,9.6358060836792,0,validation
18,le_945414,6.452026844024658,7.145934104919434,0,train
18,le_73a0f6,6.002310276031494,5.307036399841309,0,validation
18,le_f790ca,6.249334812164307,5.51954460144043,0,train
18,le_3c1dbd,8.916353225708008,8.068882942199707,0,train
18,he_ac375a,7.686151504516602,8.76054573059082,0,validation
18,he_d0547e,7.816381931304932,7.579096794128418,0,train
18,le_0e80d9,6.108486175537109,6.130425930023193,0,train
18,he_9a731c,6.5571722984313965,6.670602321624756,0,validation
18,he_442910,6.3612213134765625,6.768003940582275,0,validation
18,le_ae71bb,6.762653827667236,6.255491256713867,0,validation
18,he_0c8461,8.33052921295166,10.429279327392578,0,validation
18,le_36906d,7.796655654907227,7.4535393714904785,0,validation
18,he_c72991,7.686593532562256,7.651219844818115,0,train
18,le_698ed0,7.332797527313232,5.828682899475098,0,train
18,le_2f8b4e,6.351924419403076,6.3686909675598145,0,validation
18,le_096a5a,6.432677745819092,5.416134834289551,0,train
18,he_b62509,6.505670070648193,5.8142266273498535,0,validation
18,le_ad984a,8.815796852111816,7.4718337059021,0,train
18,he_2aef37,6.482116222381592,6.547402381896973,0,validation
18,le_4e404a,5.797675609588623,5.39295768737793,0,train
18,he_8f57fb,7.359433174133301,7.142302513122559,0,train
18,he_10c218,6.698697090148926,7.1757612228393555,0,train
18,he_a7eb16,7.3500752449035645,7.127745628356934,0,train
18,le_157346,6.571951866149902,6.426337242126465,0,train
18,he_4c56d3,7.676711559295654,7.630737781524658,0,validation
18,le_875512,6.13404655456543,5.7347331047058105,0,validation
18,le_f593c2,6.015666961669922,6.020080089569092,0,train
18,le_43f436,7.519043922424316,8.090804100036621,0,train
18,he_fa6948,6.8546881675720215,7.881752014160156,0,validation
18,he_cc58af,6.566013336181641,6.7023024559021,0,train
18,le_9aabb9,6.931461811065674,6.848697662353516,0,train
18,he_256c48,7.153510570526123,6.8219780921936035,0,validation
18,he_301a3e,8.16610050201416,8.425995826721191,0,train
18,he_bda96d,6.97671365737915,7.1063666343688965,0,validation
18,le_d031d2,6.40214204788208,6.567868232727051,0,train
18,he_935b9f,8.115528106689453,7.766072750091553,0,train
18,he_f51b67,5.806760787963867,4.928197860717773,0,train
18,le_1223ad,5.722925662994385,5.25002908706665,0,validation
18,le_59e8c6,7.7270941734313965,7.468601226806641,0,train
18,he_fd9c4c,8.17485523223877,8.440221786499023,0,train
18,he_4e95fa,8.186656951904297,9.633271217346191,0,train
18,he_5863f3,6.919040679931641,7.0777764320373535,0,train
18,le_327267,6.190433979034424,5.72703218460083,0,validation
18,le_d61b54,8.716666221618652,7.86827278137207,0,validation
18,he_69475d,7.250548839569092,6.938222885131836,0,validation
18,he_f152e5,6.755157947540283,6.257603645324707,0,train
18,le_5704eb,8.191883087158203,7.107870101928711,0,validation
18,le_c5b6c0,7.549346446990967,7.219512939453125,0,validation
18,he_90123f,8.099496841430664,8.396167755126953,0,train
18,he_0bee72,7.400222301483154,7.205751895904541,0,validation
18,he_68742b,7.578178882598877,7.482574462890625,0,validation
18,he_b7e84d,6.761139869689941,6.266575813293457,0,validation
18,he_765035,7.093924045562744,6.93545389175415,0,train
18,le_e7dcfd,6.4084625244140625,6.503560543060303,0,validation
18,he_a9942d,7.294667720794678,7.504054069519043,0,validation
18,he_d1ef4d,6.829854488372803,6.276623725891113,0,validation
18,le_f9fcdf,6.521962642669678,6.492974281311035,0,validation
18,he_b2fbe6,8.092934608459473,8.30710220336914,0,train
18,le_338fc2,6.450693130493164,5.959521293640137,0,validation
18,he_51a0c7,6.374864101409912,6.0124335289001465,0,validation
18,le_77f475,7.5760369300842285,8.63260269165039,0,validation
18,le_0e684b,8.54194450378418,8.786529541015625,0,validation
18,he_19058d,5.645597457885742,4.773097038269043,0,train
18,he_b5f00f,5.52143669128418,4.597203254699707,0,train
18,he_1ef995,7.709599018096924,7.290351867675781,0,train
18,he_844d39,6.566153049468994,5.90831184387207,0,train
18,he_ae8e9c,6.918394088745117,6.028940677642822,0,train
18,le_6035f7,5.998952865600586,5.581810474395752,0,train
18,he_0a3039,6.151878833770752,7.656355857849121,0,train
18,le_550d25,6.444835662841797,6.954311847686768,0,validation
18,le_ec27a1,6.849664211273193,6.225495338439941,0,validation
18,he_f77454,7.310557842254639,6.860820770263672,0,validation
18,le_d7795e,6.343052864074707,6.4838738441467285,0,train
18,le_1c7c91,6.351249694824219,6.174896240234375,0,validation
18,he_8a99f7,7.97428035736084,8.579258918762207,0,train
18,le_d1964b,7.43357515335083,8.341228485107422,0,validation
18,he_2dc55e,6.867053508758545,7.3896589279174805,0,train
18,le_8cccbf,7.375184059143066,8.005152702331543,0,validation
18,le_25d7bf,6.588755130767822,6.434778690338135,0,train
18,le_d83883,7.735958099365234,8.121679306030273,0,validation
18,he_5893a2,7.121499538421631,7.837807655334473,0,train
18,he_5b4ec1,7.73825216293335,7.729670524597168,0,train
18,le_adb773,7.320319175720215,6.893505096435547,0,validation
18,he_d66410,7.396291732788086,7.952740669250488,0,validation
18,he_d91d52,8.298664093017578,10.390580177307129,0,train
18,le_497c69,6.53515100479126,7.139194488525391,0,validation
18,he_b70236,6.6709465980529785,6.131285667419434,0,train
18,le_ecfb48,6.713074207305908,6.595800399780273,0,train
18,he_4caf0f,7.069188594818115,8.340533256530762,0,train
18,he_f7f5b8,7.463129997253418,7.303608417510986,0,train
18,he_8b8e73,6.498716354370117,5.872940540313721,0,validation
18,he_df76e7,5.9706878662109375,5.166637897491455,0,train
18,le_384eec,6.4507293701171875,5.395947456359863,0,train
18,he_6a3ff1,6.179628372192383,5.470551013946533,0,train
18,le_af2269,7.0868096351623535,7.013670444488525,0,validation
18,he_91e872,6.270620346069336,5.530797481536865,0,train
18,he_92a1d4,5.960081577301025,5.151210308074951,0,train
18,le_58503c,6.433621883392334,5.53502082824707,0,validation
18,le_9827be,6.557115077972412,6.680161476135254,0,validation
18,he_0a2e7a,6.058133602142334,5.212066650390625,0,train
18,le_536ce6,5.94029426574707,5.600851058959961,0,validation
18,le_c47bf3,6.368587970733643,6.2114973068237305,0,train
18,le_23d7e6,6.016198635101318,5.231644153594971,0,train
18,he_aea985,6.813925266265869,7.959628582000732,0,train
18,he_610a6b,6.5846123695373535,6.001784801483154,0,train
18,le_0b5c71,7.6591572761535645,6.92277193069458,0,train
18,le_8e17a1,6.492217063903809,6.328786849975586,0,train
18,he_e97a85,6.46832275390625,5.866092681884766,0,train
18,he_baf440,7.53724479675293,6.423333644866943,0,validation
18,he_41f4cd,6.06353235244751,5.3016839027404785,0,validation
18,he_5cb9a5,7.042662620544434,6.70770263671875,0,train
18,le_59e850,6.2255353927612305,5.853326320648193,0,train
18,le_130466,7.41036319732666,7.439752578735352,0,train
18,le_ae10ae,6.887857913970947,6.157255172729492,0,train
18,le_b57fb4,5.7257399559021,4.943362712860107,0,validation
18,he_122fc1,7.447888374328613,7.258901596069336,0,validation
18,he_def558,7.450395107269287,7.664514064788818,0,train
18,he_88eef7,7.112077713012695,9.123785018920898,0,train
18,le_56db27,7.556700229644775,6.8576979637146,0,train
18,le_b72c01,7.153834819793701,7.544858932495117,0,train
18,he_e7e54d,8.083040237426758,9.099634170532227,0,train
18,he_666efe,8.364468574523926,8.748344421386719,0,train
18,le_5f218d,6.12695837020874,5.733297824859619,0,validation
18,le_31327c,7.223353862762451,7.430469989776611,0,validation
18,le_cae6e7,6.895999431610107,6.195639133453369,0,validation
18,he_fdfcef,8.034183502197266,8.211629867553711,0,train
18,le_53b2fd,6.254855155944824,6.007596015930176,0,train
18,le_72261f,7.88055944442749,5.691618919372559,0,train
18,le_fc3d57,7.395473957061768,7.802473068237305,0,train
18,le_230abf,7.901344299316406,7.458238124847412,0,validation
18,le_41a3a0,6.6968255043029785,6.55513334274292,0,validation
18,he_7a5e63,7.034641742706299,6.6370697021484375,0,train
18,le_dfd3b4,7.976187705993652,8.230620384216309,0,validation
18,le_a2fcff,6.921807289123535,6.289351940155029,0,validation
18,le_109683,7.692573547363281,7.344046115875244,0,validation
18,he_7057f3,6.936254501342773,5.553472518920898,0,validation
18,he_558615,7.062495708465576,7.823026657104492,0,train
18,le_e7fc9f,6.781200885772705,6.594868183135986,0,train
18,le_ac7cf7,6.4982686042785645,6.19965124130249,0,validation
18,he_9eff37,7.583793640136719,7.491307735443115,0,validation
18,le_d44ccb,6.546046257019043,5.270116806030273,0,validation
18,le_d60087,5.362272262573242,5.3580002784729,0,train
18,le_9c6ba0,6.1124958992004395,7.43373441696167,0,validation
18,he_97db03,8.84592056274414,9.65176010131836,0,train
18,le_ff1ebb,7.481998443603516,7.481998443603516,0,validation
18,le_e9f735,7.480804443359375,8.000340461730957,0,train
18,he_e6d7a6,8.142739295959473,8.388031005859375,0,validation
18,he_97c074,8.020140647888184,9.037405014038086,0,validation
18,le_d969e0,6.467280387878418,6.271258354187012,0,train
18,he_bbc8b7,8.698220252990723,9.752767562866211,0,validation
18,le_1aa1fb,5.992720127105713,5.040899753570557,0,validation
18,le_1c3df3,7.1722798347473145,7.492697715759277,0,validation
18,le_b7d8a6,7.148025035858154,6.649753093719482,0,validation
18,he_9b050e,6.680514812469482,6.145638942718506,0,validation
18,le_d52c28,6.387421131134033,5.338215351104736,0,validation
18,he_3f7fe7,7.123425006866455,6.847748756408691,0,validation
18,he_b3e123,6.7865824699401855,6.251199722290039,0,validation
18,le_1674c0,5.802351951599121,5.234870910644531,0,train
18,le_78f0ed,5.591946601867676,5.505362510681152,0,train
18,he_533155,7.444198131561279,7.274158954620361,0,validation
18,he_d80706,7.8390116691589355,9.89419174194336,0,train
18,le_ff18cf,6.581743240356445,5.872928619384766,0,validation
18,le_8a6f35,7.34768533706665,7.7221550941467285,0,validation
18,he_2edc16,6.636463165283203,6.017683029174805,0,validation
18,he_4ff1c4,6.733749866485596,8.22644329071045,0,validation
18,he_4f9390,7.713205814361572,8.007750511169434,0,validation
18,le_185d39,8.682470321655273,7.255712032318115,0,train
18,le_9b9745,7.655881404876709,7.273190975189209,0,validation
18,le_91f758,6.382646083831787,5.430403232574463,0,train
18,le_a8ed34,7.591837406158447,7.544830322265625,0,train
18,he_661ccf,7.237714767456055,6.7155585289001465,0,train
18,he_37489d,6.729347229003906,8.212879180908203,0,train
18,he_7c68af,8.149124145507812,9.202627182006836,0,train
18,le_838987,5.806066036224365,5.964339733123779,0,train
18,le_f50d64,6.622405052185059,7.601259231567383,0,validation
18,le_417bec,8.02144718170166,7.924171447753906,0,validation
18,le_a6260b,6.16967248916626,5.401881694793701,0,train
18,he_51332a,7.173046588897705,6.694519996643066,0,validation
18,he_1ef686,6.957740783691406,6.7752814292907715,0,train
18,le_4b0989,6.269326686859131,5.700870990753174,0,train
18,le_19c9ac,5.628306865692139,7.043154716491699,0,train
18,he_d79548,6.498616695404053,5.872790813446045,0,validation
18,le_6d15c9,8.071188926696777,7.122618198394775,0,validation
18,le_5b740a,6.626320838928223,5.881930351257324,0,train
18,le_edf950,6.3893632888793945,5.647978782653809,0,train
18,he_847dab,6.886778831481934,7.9367828369140625,0,train
18,he_a64661,6.858731746673584,6.363433837890625,0,train
18,he_cdf3a4,7.668929576873779,7.626275539398193,0,train
18,he_cabb3d,6.742868900299072,6.239170074462891,0,validation
18,he_e07220,6.265425205230713,5.523004055023193,0,validation
18,le_57ec9b,8.387850761413574,7.859851837158203,0,train
18,he_7556fc,6.827572345733643,6.366223335266113,0,train
18,le_9468b1,9.360207557678223,9.837977409362793,0,validation
18,le_2af127,6.771783351898193,6.727944374084473,0,validation
18,he_9c8a78,5.917239665985107,5.088894367218018,0,train
18,he_2519ee,7.6162285804748535,8.681427001953125,0,train
18,he_f84b71,7.084347248077393,6.714390754699707,0,train
18,le_98b680,6.589682102203369,5.768850803375244,0,train
18,le_4afc4d,9.190722465515137,8.328666687011719,0,train
18,le_d96176,7.832097053527832,8.75047492980957,0,validation
18,he_859e26,6.555853843688965,7.131566047668457,0,train
18,he_bddd26,6.533253192901611,5.924745082855225,0,train
18,he_f07086,6.630275726318359,7.290539741516113,0,train
18,he_ffbc40,6.043581485748291,5.272665023803711,0,train
18,le_a80334,7.235258102416992,6.4883904457092285,0,train
18,le_1b5d46,7.568919658660889,7.23870325088501,0,validation
18,le_f7b80b,5.727626800537109,4.916514873504639,0,validation
18,le_ceeb48,6.6478095054626465,5.494468688964844,0,train
18,he_e187a0,6.197658061981201,5.0093464851379395,0,train
18,le_5f97fa,7.8268914222717285,7.366324424743652,0,train
19,le_d069d3,6.65908670425415,6.753228187561035,0,validation
19,he_47c12f,7.386410713195801,7.111264705657959,0,validation
19,le_64d75a,5.606574535369873,5.597986698150635,0,train
19,le_259d3e,7.5776896476745605,7.881697177886963,0,validation
19,he_31fd02,7.379268169403076,6.792010307312012,0,train
19,he_cb7e90,8.083327293395996,10.872367858886719,0,train
19,he_79e9b7,7.767915725708008,9.39016056060791,0,validation
19,he_eb9923,6.336403846740723,6.631323337554932,0,validation
19,he_fb3ae1,6.519541263580322,5.838473320007324,0,validation
19,he_e12d52,8.242587089538574,9.246487617492676,0,validation
19,le_bf9a36,8.620268821716309,8.374541282653809,0,train
19,he_4a04a2,7.615056037902832,8.317543029785156,0,validation
19,le_b2752d,7.7280120849609375,6.873542308807373,0,train
19,le_7aa426,6.8354411125183105,7.9743828773498535,0,train
19,le_98d6b3,6.729855060577393,6.8946213722229,0,validation
19,he_0d4150,8.068367004394531,9.978799819946289,0,validation
19,he_a87a9b,7.24066162109375,7.7934250831604,0,validation
19,le_fde5e8,7.8806657791137695,7.71703577041626,0,validation
19,le_78fc9a,7.593104362487793,8.476773262023926,0,train
19,le_749d9e,6.293622016906738,5.915309429168701,0,train
19,le_d82184,7.214694499969482,8.49770450592041,0,validation
19,he_81252f,6.543854236602783,7.419292449951172,0,train
19,le_02764e,7.6823859214782715,7.654021739959717,0,train
19,he_bda94e,6.778858661651611,6.227450370788574,0,train
19,le_5f185b,8.219341278076172,8.592805862426758,0,train
19,he_a8615f,6.686929225921631,6.089555263519287,0,train
19,he_929466,7.997507572174072,8.112913131713867,0,train
19,he_883cb8,7.181946277618408,6.79320764541626,0,validation
19,le_f0530f,7.4691290855407715,7.691661834716797,0,train
19,he_1d2579,5.926415920257568,5.803073406219482,0,validation
19,le_9faffe,6.104579448699951,5.7956156730651855,0,validation
19,he_842a1f,6.148760795593262,5.501183986663818,0,train
19,he_bb65e5,7.573558330535889,7.206479072570801,0,validation
19,he_95d87e,7.007908344268799,6.522481918334961,0,train
19,le_c8410f,7.793563365936279,7.543557643890381,0,train
19,le_e7807e,5.6726508140563965,5.016629219055176,0,train
19,le_3a63b0,7.901371002197266,7.892697334289551,0,train
19,he_b61f8b,8.12752914428711,8.281187057495117,0,validation
19,he_17f529,6.088305473327637,5.58068323135376,0,train
19,he_34360a,6.5575127601623535,5.895431995391846,0,train
19,le_3422e0,8.012067794799805,7.317583084106445,0,validation
19,he_a0069c,8.42373275756836,8.762517929077148,0,train
19,le_ba2a87,5.43015718460083,5.771648406982422,0,train
19,le_66b5ac,8.168060302734375,7.455746173858643,0,validation
19,he_ccbb6e,7.93217658996582,8.106916427612305,0,validation
19,le_4c4592,7.376671314239502,6.7178168296813965,0,validation
19,he_2b1023,7.662563800811768,7.525617599487305,0,validation
19,le_ed8708,5.577866554260254,5.226194381713867,0,train
19,he_4ee83e,6.5579633712768555,6.939051151275635,0,validation
19,le_49a533,6.958126068115234,5.62442684173584,0,train
19,he_9ce40f,5.690839767456055,4.835117816925049,0,train
19,le_592616,6.835340976715088,8.01374340057373,0,validation
19,he_76ab15,7.295670986175537,6.970112323760986,0,validation
19,he_261f83,6.5260396003723145,5.848221778869629,0,train
19,le_120b5b,6.607161998748779,6.034674167633057,0,train
19,le_f2acc0,6.840397834777832,6.819624900817871,0,train
19,he_04551f,7.525879383087158,7.303507328033447,0,validation
19,he_b9a930,6.205134391784668,5.722243785858154,0,train
19,le_80ca99,6.173445224761963,6.406346321105957,0,validation
19,he_334eb2,6.518465995788574,5.678471088409424,0,validation
19,le_0c2039,6.273014068603516,5.778796672821045,0,validation
19,he_028951,7.1085968017578125,6.722059726715088,0,validation
19,le_d45347,6.705580234527588,6.201666355133057,0,train
19,he_a4529f,6.179676532745361,5.546152114868164,0,train
19,le_234216,6.751931190490723,6.056124687194824,0,train
19,le_9391b0,8.8172025680542,7.673783779144287,0,train
19,le_454c0b,7.570967197418213,6.862905502319336,0,validation
19,le_49db1c,8.640130043029785,10.272963523864746,0,validation
19,he_67ae44,5.888345718383789,5.122398853302002,0,train
19,le_3c9f84,7.352655410766602,6.896890640258789,0,validation
19,he_15a710,8.349909782409668,9.14675521850586,0,train
19,he_4be430,6.653611660003662,7.6073102951049805,0,validation
19,he_4435d3,7.289297103881836,6.720493316650391,0,train
19,he_de4bf9,6.741415977478027,6.107937335968018,0,validation
19,he_e361fe,7.355000972747803,7.062403678894043,0,validation
19,he_2e9fb6,5.905630111694336,5.1475396156311035,0,train
19,le_b1f4ec,8.150029182434082,6.636276721954346,0,train
19,he_a3611b,6.847940921783447,6.422995567321777,0,validation
19,le_971e6c,6.240827560424805,5.775603294372559,0,validation
19,he_764bec,7.263726711273193,6.920422077178955,0,train
19,he_2b42db,7.43155574798584,7.150228977203369,0,train
19,he_a10557,7.422794342041016,7.1678595542907715,0,validation
19,he_5ec5e8,6.53424072265625,5.587629318237305,0,validation
19,le_4677fe,6.654125213623047,8.706090927124023,0,validation
19,le_98525a,7.787325382232666,6.213627815246582,0,validation
19,le_d24988,6.35075044631958,7.347984313964844,0,validation
19,he_37c485,7.395379543304443,7.125215530395508,0,validation
19,he_637e1b,6.617554664611816,5.985494136810303,0,train
19,le_aa9b3d,6.986688613891602,6.729163646697998,0,validation
19,le_092d88,8.710602760314941,8.714922904968262,0,validation
19,le_d8de43,7.480506896972656,7.826583385467529,0,train
19,le_68cc09,5.756392955780029,6.72990608215332,0,train
19,le_814b46,5.909733295440674,5.2612080574035645,0,validation
19,he_9cff74,7.279660224914551,6.950347900390625,0,train
19,le_96c6d5,9.002899169921875,9.324884414672852,0,validation
19,he_c1196d,8.323349952697754,9.963838577270508,0,train
19,he_5a6c32,7.0999860763549805,6.665714263916016,0,validation
19,he_5d5f7a,7.476316928863525,7.25111722946167,0,train
19,le_3a623c,6.541714191436768,6.291128635406494,0,train
19,le_e7dea5,8.212564468383789,6.797839641571045,0,train
19,he_80b814,6.429217338562012,5.702988624572754,0,validation
19,le_09679c,6.667451858520508,8.10595989227295,0,train
19,le_d4dd8f,5.948395729064941,4.996838569641113,0,validation
19,he_4bfcf6,6.875885486602783,6.372989177703857,0,train
19,le_8f8e8a,7.649610996246338,6.780677795410156,0,validation
19,he_eff624,7.486340045928955,7.239254951477051,0,train
19,le_b194d6,7.140118598937988,6.335494041442871,0,validation
19,le_b1ae3c,9.082996368408203,7.69207763671875,0,validation
19,he_5597e5,7.066025733947754,6.612886905670166,0,train
19,he_8a456e,7.981132507324219,8.043292999267578,0,validation
19,he_094848,7.051787853240967,6.590738773345947,0,train
19,le_1c08db,6.002589225769043,5.7518134117126465,0,train
19,he_e0689e,6.60567045211792,7.008904457092285,0,validation
19,le_f1d98c,7.3534698486328125,6.451025009155273,0,train
19,le_a818bf,5.7240705490112305,5.8605570793151855,0,train
19,he_b19ac2,6.797563076019287,6.2555060386657715,0,train
19,he_932e9c,7.5328826904296875,7.31488561630249,0,validation
19,he_e1c1ac,7.811801910400391,8.095552444458008,0,validation
19,he_acd142,7.047157287597656,6.583536148071289,0,train
19,le_daf354,7.591456413269043,8.596626281738281,0,train
19,he_c21f8c,6.072055339813232,5.367029190063477,0,train
19,he_929f9b,6.853981018066406,6.340134620666504,0,validation
19,le_baabbc,6.450836181640625,5.436347961425781,0,train
19,he_4f27f3,7.803027153015137,7.753873348236084,0,train
19,le_c75cf6,7.134415149688721,7.561106204986572,0,validation
19,he_eaabee,6.8241682052612305,6.969155311584473,0,validation
19,he_85fdc1,7.4842658042907715,7.26348352432251,0,validation
19,le_d5e0b8,6.221800804138184,5.888320446014404,0,train
19,le_b001cf,7.320867538452148,6.333701133728027,0,validation
19,he_6be05d,7.458016395568848,7.761133193969727,0,train
19,le_870446,7.088496685028076,6.946569919586182,0,train
19,le_0637ba,6.291833400726318,5.597375869750977,0,train
19,he_8a549e,7.929076671600342,9.902921676635742,0,train
19,le_d025d9,7.268474578857422,6.269869327545166,0,validation
19,he_a26cfb,7.987283706665039,9.321081161499023,0,validation
19,he_836543,7.51327657699585,7.308609962463379,0,train
19,he_b8a511,6.698835849761963,6.041703224182129,0,train
19,le_0623c9,7.0458526611328125,6.653903007507324,0,validation
19,he_9b18bc,7.36674690246582,6.4412994384765625,0,validation
19,he_685d08,8.370402336120605,9.921154975891113,0,train
19,le_92914d,9.87277603149414,9.456842422485352,0,train
19,he_35b068,5.859100341796875,6.075626850128174,0,train
19,he_3a40f5,6.1684722900390625,5.688526153564453,0,train
19,le_ddbf24,6.9469146728515625,7.320780277252197,0,train
19,le_08e1b5,5.880330562591553,7.19852876663208,0,train
19,le_256cce,6.5516533851623535,5.3624958992004395,0,train
19,he_0e2b7a,8.229776382446289,8.625345230102539,0,validation
19,he_6cfa07,6.979759216308594,7.584043979644775,0,validation
19,he_85ff02,9.50112247467041,10.657870292663574,0,train
19,le_39b3e3,7.038970947265625,6.628015518188477,0,train
19,he_351fa1,6.34407901763916,5.575282096862793,0,validation
19,le_d2662d,6.4227824211120605,6.304532051086426,0,train
19,he_6e2164,6.583260536193848,5.93405294418335,0,validation
19,he_321338,7.193013668060303,6.810424327850342,0,train
19,he_b9c59b,7.6387457847595215,7.486915588378906,0,train
19,he_5ba506,7.7803802490234375,7.299208641052246,0,train
19,he_955633,6.483283042907715,5.784085750579834,0,train
19,he_711362,7.181920528411865,6.793167591094971,0,validation
19,le_380ed6,6.940809726715088,6.935391426086426,0,train
19,he_eb5653,7.190552711486816,6.806596279144287,0,train
19,le_ef147f,8.015389442443848,6.389756202697754,0,validation
19,le_bd5553,6.362415790557861,5.671170711517334,0,validation
19,he_e8d0d4,5.89036750793457,5.931789875030518,0,train
19,le_ac58bc,6.6047234535217285,6.084906578063965,0,train
19,le_6e93a8,5.3473663330078125,5.150573253631592,0,train
19,le_a672ff,7.973141193389893,8.629342079162598,0,validation
19,he_59f481,8.28205394744873,10.180341720581055,0,train
19,le_32e365,5.98276424407959,5.6925859451293945,0,validation
19,he_253e64,8.692000389099121,9.198453903198242,0,validation
19,he_1589ac,8.1851224899292,10.197999000549316,0,validation
19,he_0352a5,6.533056735992432,5.858748435974121,0,validation
19,he_0fe808,7.289638996124268,6.960728168487549,0,validation
19,he_4dfc9a,6.832118034362793,6.249031066894531,0,train
19,he_53a37b,6.864330768585205,6.806439399719238,0,validation
19,he_3b1424,7.8151984214782715,7.773650646209717,0,train
19,he_af8dbf,7.827027320861816,7.792872428894043,0,validation
19,he_a3e3a4,8.256963729858398,8.4915189743042,0,validation
19,le_622f03,5.996300220489502,4.976829528808594,0,validation
19,he_f40d7e,7.083492279052734,6.959977149963379,0,train
19,he_ad2c6f,7.074244976043701,6.625672340393066,0,validation
19,he_557676,6.960102081298828,7.009311676025391,0,validation
19,he_3c577e,6.85733699798584,6.288259506225586,0,train
19,le_661759,8.040776252746582,7.422374725341797,0,validation
19,he_1aca60,7.019336223602295,7.614380836486816,0,validation
19,he_dab57d,7.186992168426514,5.753668785095215,0,validation
19,le_7b2851,7.927596092224121,8.325255393981934,0,train
19,le_ef4386,8.288178443908691,7.6289896965026855,0,train
19,he_81c663,7.132136821746826,6.7573676109313965,0,train
19,le_cde2f8,7.71746301651001,8.318264961242676,0,train
19,he_781a92,6.559372425079346,5.898220539093018,0,train
19,he_a777f6,7.521266460418701,7.321039199829102,0,train
19,he_ee4bcc,7.1371307373046875,6.723494529724121,0,train
19,le_bc79cd,6.741715908050537,5.87752628326416,0,validation
19,he_0e1b16,8.045363426208496,8.147668838500977,0,validation
19,he_d16357,7.400349140167236,7.132944583892822,0,train
19,he_28e587,6.658191204071045,5.508373737335205,0,train
19,he_41a754,6.900355815887451,5.6446213722229,0,train
19,le_70d46f,5.7666473388671875,6.006121635437012,0,validation
19,le_ffbca1,8.562252044677734,7.814581394195557,0,train
19,he_616252,7.410694599151611,7.250999450683594,0,train
19,he_a4594f,6.524744033813477,6.200897693634033,0,train
19,le_b8feee,6.143289566040039,7.649733066558838,0,train
19,le_eb9660,7.002815246582031,6.275497913360596,0,train
19,le_363c70,8.63473892211914,7.3102545738220215,0,train
19,le_6bde61,9.450181007385254,8.107806205749512,0,validation
19,le_c04ae8,7.926210880279541,9.160155296325684,0,validation
19,he_4a3727,8.691617965698242,9.611787796020508,0,train
19,le_c880b0,7.948345184326172,8.037579536437988,0,validation
19,le_766228,7.578178405761719,6.666101455688477,0,validation
19,le_9c4270,5.205643653869629,5.094565391540527,0,train
19,he_87d8a7,8.572361946105957,9.065709114074707,0,validation
19,he_8feb2d,8.030572891235352,7.395153999328613,0,validation
19,he_f01b48,7.75892972946167,7.682215213775635,0,validation
19,le_58079b,5.521198272705078,5.868849754333496,0,train
19,le_5088b4,8.715398788452148,8.105210304260254,0,train
19,he_6528fe,6.071366310119629,5.375129699707031,0,validation
19,le_aa12de,7.443783283233643,6.327357292175293,0,train
19,he_3d059e,7.9813761711120605,8.052590370178223,0,train
19,le_feadea,6.17816162109375,5.945488452911377,0,train
19,he_0724b7,8.603116035461426,8.664196014404297,0,validation
19,he_cd16a6,5.461238384246826,4.5011515617370605,0,validation
19,le_5b76d0,6.180296897888184,5.91401481628418,0,validation
19,he_dfc951,7.78080940246582,7.717766761779785,0,validation
19,he_ff9f62,5.558988094329834,4.719636917114258,0,validation
19,le_7a26ee,7.4567742347717285,8.278647422790527,0,validation
19,le_3fc415,6.800642490386963,7.426877498626709,0,train
19,he_79241f,6.807478427886963,7.197997093200684,0,train
19,he_51d69d,7.675654888153076,8.183088302612305,0,validation
19,he_660f4d,7.675777435302734,7.561389446258545,0,train
19,le_69cfdb,5.528753757476807,5.566267013549805,0,train
19,le_472126,8.32088851928711,7.181154727935791,0,train
19,le_4c7bcc,6.547027587890625,7.7283711433410645,0,train
19,he_7d5015,8.399393081665039,9.288890838623047,0,validation
19,he_da468b,6.776156902313232,6.582030296325684,0,validation
19,le_a1bed9,8.149981498718262,7.252286434173584,0,train
19,he_b190e2,8.185148239135742,10.327829360961914,0,train
19,le_322936,6.280712604522705,5.678914546966553,0,train
19,le_39ed4e,5.625988483428955,5.752573013305664,0,train
19,he_139129,8.07127571105957,8.153887748718262,0,train
19,he_4615cf,6.699697017669678,7.805483341217041,0,validation
19,he_910819,6.429190158843994,6.107883453369141,0,validation
19,he_03ff44,7.0131449699401855,6.578879356384277,0,validation
19,he_c5228c,7.919134616851807,7.109989166259766,0,train
19,le_510ee4,6.544240474700928,7.940257549285889,0,validation
19,le_01c1d1,7.26863431930542,8.215628623962402,0,train
19,he_be5e6c,7.112049579620361,6.7258148193359375,0,validation
19,he_035cdd,6.793406009674072,6.188811779022217,0,validation
19,le_83ec82,6.297861099243164,5.6375274658203125,0,train
19,le_10bdc8,5.827401638031006,5.959291458129883,0,train
19,he_08841b,5.890439510345459,5.125444412231445,0,validation
19,le_1438c8,6.773989677429199,6.4138641357421875,0,train
19,le_28ff23,6.361427307128906,6.645751476287842,0,validation
19,le_26094c,7.865489959716797,7.550206661224365,0,validation
19,he_5bb743,7.421104431152344,7.133245944976807,0,train
19,le_400c54,6.440505504608154,5.41363000869751,0,train
19,le_044ad6,6.079505443572998,5.877498149871826,0,validation
19,le_63f66e,5.660849571228027,4.985223770141602,0,train
19,le_9f1d40,6.193855285644531,5.72766637802124,0,validation
19,le_59dd77,8.0857515335083,7.510534763336182,0,validation
19,he_05a66f,7.066807746887207,6.614102840423584,0,train
19,he_758929,6.502249717712402,6.860272407531738,0,validation
19,le_acce2f,6.2161078453063965,5.806013584136963,0,validation
19,he_ab9692,6.902613639831543,6.413083553314209,0,train
19,he_b5456c,6.382069110870361,5.632266044616699,0,validation
19,le_bc7d24,6.357036113739014,7.558516025543213,0,train
19,le_801110,6.2557783126831055,5.527946949005127,0,train
19,le_eaae1c,6.8865485191345215,6.620856761932373,0,validation
19,he_708f00,7.403956890106201,8.099967002868652,0,train
19,le_b43f6c,7.423392295837402,7.439325332641602,0,validation
19,le_590a7e,5.772521495819092,5.425599098205566,0,validation
19,le_130ed1,5.877128601074219,5.552919387817383,0,train
19,he_f65738,8.694578170776367,10.538956642150879,0,train
19,he_a779a4,7.037497520446777,6.568510055541992,0,validation
19,he_13dd33,6.636463165283203,5.613637447357178,0,validation
19,le_9ab3c8,5.836246967315674,5.339649677276611,0,validation
19,he_37695e,4.588698863983154,5.087426662445068,0,validation
19,he_715e4a,6.645224094390869,6.026998043060303,0,validation
19,le_cf14b0,6.124300003051758,6.124300003051758,0,train
19,le_458c04,5.951344966888428,5.295880317687988,0,validation
19,le_321164,6.840817928314209,7.506198883056641,0,train
19,he_69af03,6.931824207305908,6.4041290283203125,0,train
19,he_3179bb,7.210048198699951,5.907301902770996,0,train
19,le_1a2bdc,6.864925384521484,8.036575317382812,0,train
19,le_6d4621,6.1204423904418945,5.856601715087891,0,validation
19,le_f6fa0e,7.1503190994262695,6.131375789642334,0,validation
19,le_8ee86d,6.886959075927734,6.488539695739746,0,validation
19,he_6fcaa9,6.796205997467041,6.193166732788086,0,validation
19,le_c1040c,8.63618278503418,8.149735450744629,0,validation
19,he_4cb4e1,7.182860851287842,6.79463005065918,0,validation
19,le_bc95e6,7.317855358123779,7.329987049102783,0,validation
19,le_a07c3a,7.274590015411377,7.423339366912842,0,validation
19,he_83c6f7,7.929191589355469,7.958888530731201,0,train
19,le_49d277,7.106773853302002,6.031228542327881,0,validation
19,le_87d2fd,6.195752143859863,5.5622639656066895,0,train
19,le_ba271f,7.451929569244385,7.110705852508545,0,validation
19,le_1a29b0,6.614428520202637,6.3766655921936035,0,train
19,he_279227,7.900454521179199,8.621976852416992,0,validation
19,le_05a5f2,6.094004154205322,5.687407493591309,0,validation
19,le_ac3893,6.543423652648926,5.579590797424316,0,validation
19,he_d65115,8.096874237060547,9.641419410705566,0,validation
19,le_fa9cc3,7.7560133934021,8.166698455810547,0,validation
19,le_b0fdf1,6.497427463531494,6.177812099456787,0,validation
19,le_5a52c0,6.840814590454102,8.481143951416016,0,validation
19,he_d1f643,6.948519229888916,5.4639892578125,0,validation
19,le_d20bd3,7.625418186187744,6.690347194671631,0,train
19,he_992e41,6.692805767059326,6.054437160491943,0,train
19,le_cc6043,5.710335731506348,4.943646430969238,0,validation
19,he_c8b376,6.742475986480713,6.443508148193359,0,train
19,le_d21039,8.023720741271973,6.932939052581787,0,validation
19,le_5b5cf8,6.3520426750183105,5.931504249572754,0,train
19,he_56e7b9,7.303684234619141,6.016408920288086,0,train
19,le_4229e2,6.6604132652282715,6.897159576416016,0,validation
19,le_1a2492,7.1963605880737305,8.229363441467285,0,validation
19,he_deb7c1,6.669698715209961,8.08908462524414,0,validation
19,le_4f31ff,7.721991539001465,8.056604385375977,0,validation
19,he_221288,7.983821392059326,10.19705581665039,0,validation
19,le_7b2aea,8.024303436279297,9.053030014038086,0,train
19,le_8045b0,7.047003269195557,6.260891914367676,0,train
19,he_537134,7.24970006942749,6.898603916168213,0,validation
19,he_2fe81b,6.472650051116943,5.8543829917907715,0,validation
19,he_a962bf,7.466977596282959,7.49614953994751,0,validation
19,le_50582c,7.092512607574463,5.728063106536865,0,validation
19,he_f55329,6.394209861755371,5.650477409362793,0,validation
19,he_43d1e1,7.246821403503418,7.736241340637207,0,validation
19,he_4ec47d,6.855560779571533,6.3191752433776855,0,validation
19,le_f28e73,7.222639083862305,6.554856300354004,0,validation
19,le_37a2d1,7.16157341003418,7.17918586730957,0,train
19,he_c20788,6.975754261016846,6.472466468811035,0,validation
19,le_764df2,6.943489074707031,6.9283127784729,0,validation
19,he_c6590f,6.3367180824279785,5.564239978790283,0,train
19,he_60ed0a,5.711645603179932,4.9359025955200195,0,validation
19,he_5df55a,9.042336463928223,11.739384651184082,0,validation
19,he_734cd1,5.900503635406494,5.6597676277160645,0,train
19,le_de6e1e,5.533264636993408,5.836143493652344,0,validation
19,le_b4482a,6.534890174865723,5.9482831954956055,0,validation
19,he_57a478,7.309784889221191,6.992067813873291,0,validation
19,le_0af460,6.507275581359863,6.312995433807373,0,validation
19,le_f0d06e,9.290867805480957,7.954447269439697,0,train
19,le_1c128f,7.80394983291626,7.360876083374023,0,train
19,le_a85ddb,7.249466896057129,6.569437503814697,0,validation
19,he_85af94,6.972038745880127,6.466684818267822,0,train
19,he_63befa,6.134022235870361,5.4797468185424805,0,validation
19,he_652056,7.96917200088501,8.95820140838623,0,validation
19,he_0d36d6,7.023285388946533,6.546402931213379,0,train
19,le_e0fa5c,6.428969860076904,5.564774990081787,0,validation
19,he_48966d,7.543970584869385,7.74646520614624,0,train
19,le_4d537b,5.902247905731201,5.531625270843506,0,validation
19,le_9d8415,6.1396403312683105,5.402166843414307,0,validation
19,he_487634,8.757207870483398,9.616865158081055,0,train
19,le_5ca495,7.3260178565979,7.144408702850342,0,train
19,he_3caee5,7.964912414550781,9.22059154510498,0,train
19,le_a61898,8.028325080871582,7.799562931060791,0,validation
19,he_6effe8,6.626394271850586,6.175048828125,0,validation
19,le_01c9ec,7.081942558288574,6.401793956756592,0,train
19,le_b8397b,6.361999034881592,6.0791544914245605,0,train
19,he_94fd55,7.807858467102051,7.761723518371582,0,validation
19,le_01f7f4,8.141880989074707,7.7912421226501465,0,validation
19,le_3730f0,7.924759864807129,7.573841094970703,0,train
19,le_d66bd6,8.001847267150879,8.066256523132324,0,train
19,le_4356f8,7.960897445678711,7.2681474685668945,0,validation
19,le_0155ee,6.013617515563965,8.863577842712402,0,validation
19,he_380d40,7.790226459503174,7.733070373535156,0,train
19,le_1bd9fa,6.5547776222229,6.349517822265625,0,train
19,he_195589,7.1244215965271,6.703725814819336,0,validation
19,le_4f6999,7.903520584106445,7.822617053985596,0,train
19,he_d5d6ab,7.480098247528076,7.22911262512207,0,train
19,he_c90fcd,6.796157360076904,6.68488073348999,0,validation
19,le_3ccf61,7.621100902557373,7.962918758392334,0,validation
19,le_b9c5c4,7.942605495452881,7.63698148727417,0,train
19,le_a6ce35,8.007790565490723,8.078761100769043,0,train
19,le_12c34b,6.045645236968994,5.332481861114502,0,validation
19,le_7c71da,5.854816913604736,5.028291702270508,0,validation
19,he_dbbed2,7.562538146972656,7.385239601135254,0,train
19,he_fcf200,6.691023349761963,6.095696449279785,0,validation
19,le_84b6bb,6.6317291259765625,5.998694896697998,0,train
19,he_1f22c4,7.297691345214844,7.670507907867432,0,train
19,le_a9f11f,8.359905242919922,7.036909103393555,0,validation
19,le_1911ce,8.819453239440918,10.074492454528809,0,validation
19,he_0d9235,6.943985462188721,8.174392700195312,0,validation
19,le_83decd,8.582942008972168,9.785944938659668,0,validation
19,he_412004,8.04901123046875,8.153595924377441,0,validation
19,he_9910b5,7.214363098144531,6.843633651733398,0,train
19,he_98349a,6.490530014038086,6.457854270935059,0,validation
19,le_404d16,7.031259536743164,6.37065315246582,0,train
19,le_00eeb2,7.63026762008667,8.860496520996094,0,train
19,le_1ccf16,7.387914180755615,8.075615882873535,0,validation
19,le_7261d3,5.731814861297607,5.073354244232178,0,train
19,le_45d4cb,5.8529229164123535,5.429062843322754,0,validation
19,le_694adb,6.996325492858887,6.594568252563477,0,train
19,le_70cf78,9.098834991455078,8.756256103515625,0,validation
19,he_e97c8c,7.083262920379639,6.684056758880615,0,train
19,he_0a5ec7,6.7991766929626465,6.257927894592285,0,train
19,he_40a91b,7.550174236297607,6.732647895812988,0,validation
19,he_cdc607,6.665672779083252,5.843358039855957,0,train
19,he_89ad62,7.318953990936279,8.130210876464844,0,train
19,le_8deff5,6.685644626617432,6.733840465545654,0,validation
19,he_e1a03a,5.925017833709717,5.570207118988037,0,validation
19,le_52447f,7.525457859039307,6.835860252380371,0,validation
19,he_fb1124,8.651494026184082,11.766829490661621,0,train
19,le_523a81,5.595301151275635,5.241628170013428,0,validation
19,he_5608ba,6.80693244934082,6.421873569488525,0,train
19,le_8198ec,9.2788667678833,7.763780117034912,0,train
19,he_d85c04,7.613669395446777,7.446165561676025,0,validation
19,he_403257,8.17210865020752,8.198840141296387,0,train
19,le_e568c3,6.4628095626831055,6.080282211303711,0,train
19,he_86eeae,5.233541011810303,5.991517066955566,0,validation
19,le_dfd822,8.57180118560791,10.280085563659668,0,train
19,le_c50a04,6.079323768615723,7.839090347290039,0,train
19,le_8de934,6.626283645629883,7.314580917358398,0,train
19,he_47238e,6.9844183921813965,6.485942840576172,0,validation
19,he_d6039a,6.256588459014893,7.195105075836182,0,validation
19,le_29fc1c,9.341228485107422,8.832890510559082,0,validation
19,he_076917,5.99643611907959,5.123366355895996,0,validation
19,le_91c567,6.066255569458008,5.691803455352783,0,validation
19,le_f58d84,6.908919811248779,6.557939052581787,0,validation
19,he_f0d231,6.419963359832764,5.942889213562012,0,validation
19,le_7427b9,6.33074426651001,6.746552467346191,0,validation
19,le_7716d1,8.32832145690918,9.166970252990723,0,validation
19,he_0db92b,6.648318767547607,6.031641483306885,0,train
19,le_6975d5,7.519725799560547,7.499833583831787,0,train
19,he_4f7ff0,7.09080171585083,8.182106971740723,0,validation
19,he_e7fbc9,8.187049865722656,8.088482856750488,0,train
19,he_6c7977,7.735951900482178,7.644874095916748,0,validation
19,le_83615b,8.967048645019531,9.294686317443848,0,train
19,le_e50e4d,6.555970668792725,5.772022724151611,0,train
19,he_feda4e,7.617658615112305,9.098381996154785,0,validation
19,he_056a76,9.651346206665039,11.44571590423584,0,train
19,le_a0c615,6.929084300994873,6.733933925628662,0,train
19,he_25e97e,8.084269523620605,8.210890769958496,0,train
19,he_b85d24,7.957726955413818,8.755279541015625,0,validation
19,le_c470c6,7.821774482727051,8.247252464294434,0,validation
19,he_e554b0,6.852524280548096,6.280773639678955,0,train
19,le_a8ce41,6.113298416137695,7.846384525299072,0,train
19,le_56f182,5.94482946395874,6.722602844238281,0,train
19,le_5ff624,8.388525009155273,8.41488265991211,0,validation
19,le_c3a6f8,6.948432445526123,6.177278995513916,0,validation
19,le_2f43e7,8.181005477905273,8.730828285217285,0,train
19,le_0bda07,6.985106945037842,7.199522495269775,0,validation
19,le_f39982,5.967092037200928,5.583468914031982,0,train
19,he_0fab59,6.541539192199707,5.871470928192139,0,validation
19,le_a1c863,6.551506042480469,6.020747184753418,0,train
19,he_512e0a,8.087716102600098,8.570266723632812,0,train
19,le_2ba026,7.011234760284424,7.014961242675781,0,train
19,he_2044e1,7.423364162445068,6.574679374694824,0,validation
19,he_552813,7.1253275871276855,6.844295501708984,0,train
19,he_caef9f,5.952390670776367,5.215555191040039,0,train
19,he_bf08f5,7.607602596282959,8.327072143554688,0,validation
19,he_959231,7.1460113525390625,7.21874475479126,0,validation
19,le_2c1c76,6.007569313049316,5.65213680267334,0,train
19,he_b63add,7.3508620262146,7.055964946746826,0,train
19,he_a2b8a1,7.763027667999268,7.688872814178467,0,validation
19,le_8578d9,8.498373985290527,7.93045711517334,0,train
19,le_b41a4d,6.555334091186523,6.610042572021484,0,validation
19,le_80446d,7.155035972595215,5.887042045593262,0,train
19,le_e8dc06,6.187924385070801,5.887877464294434,0,train
19,le_226bc8,7.003621578216553,6.816931247711182,0,train
19,le_fa7d2c,5.8599467277526855,5.320669174194336,0,validation
19,he_063fc0,7.178976058959961,5.873932361602783,0,train
19,he_affe4b,7.120850563049316,6.698170185089111,0,validation
19,le_55232c,8.04290771484375,7.422348976135254,0,validation
19,he_01cfbe,8.01533317565918,8.098869323730469,0,validation
19,le_6cbd20,9.080512046813965,10.03054141998291,0,validation
19,he_4fd2c6,6.65135383605957,6.036192893981934,0,validation
19,le_d07324,7.436750411987305,6.317682266235352,0,validation
19,he_149c5b,7.314877986907959,6.999990940093994,0,train
19,he_7b0696,6.991479396820068,6.496926784515381,0,train
19,le_5ff0f8,6.512710094451904,7.22702169418335,0,validation
19,he_bfbfe0,6.410560607910156,5.675003528594971,0,validation
19,le_2c1fd3,5.759241580963135,6.502254486083984,0,train
19,he_113880,7.375646591186523,7.239768028259277,0,train
19,he_43444c,6.388071537017822,5.641269683837891,0,train
19,he_63e860,8.760486602783203,13.275324821472168,0,train
19,he_30ba2d,6.789439678192139,6.243321895599365,0,validation
19,he_b516c8,6.906198024749756,6.3642659187316895,0,validation
19,he_061e2c,7.7518696784973145,7.659152030944824,0,train
19,le_430535,7.207463264465332,7.66278076171875,0,validation
19,le_2ce311,7.414980411529541,7.150672435760498,0,validation
19,le_9a7a59,6.82427453994751,6.653945446014404,0,train
19,le_54d379,6.679981708526611,5.746548652648926,0,train
19,le_52b809,7.868007183074951,8.709416389465332,0,train
19,le_f66fec,6.101877212524414,5.693583965301514,0,train
19,he_d9b3a0,6.662660121917725,6.053152561187744,0,validation
19,le_2e65e7,6.075688362121582,7.06850004196167,0,validation
19,le_eb89a4,7.533449649810791,7.393446445465088,0,validation
19,he_a7bf3c,7.239413261413574,6.83799934387207,0,validation
19,le_275fa9,8.135580062866211,8.609309196472168,0,train
19,he_16c2e2,6.800743103027344,6.2602763175964355,0,train
19,le_763996,7.774283409118652,6.134528160095215,0,validation
19,le_c9ff75,8.178656578063965,7.666861057281494,0,validation
19,le_eb4323,7.073624610900879,6.10324239730835,0,validation
19,he_0935e0,6.873071193695068,6.235897064208984,0,validation
19,le_28d5fc,7.710216045379639,6.147411346435547,0,train
19,le_f85aef,7.114896774291992,6.521554946899414,0,train
19,he_8743aa,7.711470603942871,7.605091094970703,0,validation
19,he_77325b,7.250626564025879,6.900044918060303,0,train
19,le_194430,7.054891109466553,6.3506669998168945,0,train
19,he_0d978a,7.506200313568115,7.297604084014893,0,validation
19,he_d5d228,7.260653972625732,7.793786525726318,0,train
19,he_703227,6.678293704986572,5.9638800621032715,0,validation
19,he_01e8ed,6.41741418838501,5.685283660888672,0,train
19,he_5785c0,6.777646541595459,6.225632667541504,0,validation
19,le_e7ceaf,7.553735733032227,7.133214473724365,0,validation
19,he_11ed24,6.419061183929443,5.687754154205322,0,validation
19,he_f65f6e,6.635231018066406,5.895086288452148,0,validation
19,he_726d3f,6.892682075500488,6.3981852531433105,0,validation
19,le_dd8888,6.3080220222473145,5.442359447479248,0,train
19,le_d042c2,6.935532093048096,6.453782081604004,0,train
19,le_39c6ce,6.9909234046936035,6.746225833892822,0,validation
19,he_ab7281,6.9963297843933105,6.504470348358154,0,train
19,he_019042,6.803994655609131,5.943609714508057,0,validation
19,le_d52c87,6.742337226867676,6.483945846557617,0,validation
19,he_112f6d,6.783828258514404,6.2349042892456055,0,validation
19,le_4528f1,8.578941345214844,6.875511169433594,0,train
19,he_711892,6.520570278167725,7.44425106048584,0,validation
19,le_34558e,5.789973735809326,4.909254550933838,0,train
19,he_8066c3,7.618376731872559,7.45381498336792,0,train
19,he_fe4ada,7.567907333374023,8.687958717346191,0,validation
19,le_58b819,9.235105514526367,8.829628944396973,0,train
19,he_eae292,7.590052127838135,7.42803955078125,0,validation
19,he_14019f,6.4745354652404785,6.881616115570068,0,validation
19,he_673c7e,7.039664268493652,6.618658542633057,0,train
19,he_d5db57,7.077186584472656,6.433371543884277,0,validation
19,le_7badf8,6.920546054840088,6.070023536682129,0,validation
19,le_912a2a,7.623952388763428,7.940166473388672,0,train
19,he_95ee8c,7.444220066070557,7.201189041137695,0,validation
19,le_8761f6,7.193684101104736,6.335165977478027,0,validation
19,le_5d7507,7.283148765563965,7.861523151397705,0,train
19,le_5863fc,6.937404632568359,6.8095879554748535,0,validation
19,he_853422,7.319054126739502,7.0064849853515625,0,validation
19,he_4e43b9,7.8071794509887695,7.195821285247803,0,train
19,he_a39ebf,6.9257354736328125,8.779221534729004,0,validation
19,le_80e3b0,5.928909778594971,5.918075084686279,0,train
19,le_e11ea9,6.602027893066406,6.098094940185547,0,validation
19,he_e69885,6.579556465148926,5.928496360778809,0,train
19,le_5d62d2,6.148318290710449,5.498281955718994,0,train
19,le_a8ce3a,7.692342281341553,7.429113388061523,0,validation
19,he_477534,7.01783561706543,7.179867744445801,0,train
19,he_4528d8,7.582620620727539,6.7878851890563965,0,validation
19,le_315c9d,6.2379536628723145,6.039732933044434,0,train
19,he_9c907a,8.13279914855957,9.578140258789062,0,train
19,he_bc8ef0,6.561398029327393,5.901258945465088,0,validation
19,le_ff4463,7.405373573303223,7.430887222290039,0,train
19,he_b63a86,6.905819416046143,8.163911819458008,0,validation
19,le_6fe94c,5.915044784545898,6.040253162384033,0,train
19,le_b554e0,6.431634426116943,5.615109920501709,0,validation
19,he_905478,6.37769889831543,5.485617160797119,0,validation
19,le_ae27bc,6.582354545593262,6.260023593902588,0,validation
19,le_86dde0,6.973810195922852,6.850214004516602,0,validation
19,le_3235a7,6.160338878631592,5.939237117767334,0,train
19,le_560bc5,7.563364505767822,7.910367488861084,0,validation
19,le_b2d8a4,7.022512912750244,7.0608015060424805,0,train
19,he_57b66a,7.449254035949707,8.8421049118042,0,train
19,he_8b6e8a,6.861972332000732,6.29547119140625,0,train
19,he_0ad37b,7.695178508758545,7.5915679931640625,0,validation
19,he_1f1796,7.374354362487793,7.092509746551514,0,validation
19,he_c788c4,6.671077728271484,10.448596954345703,0,train
19,le_3e0c8b,6.301108360290527,5.847362518310547,0,validation
19,le_ad29d4,8.38999080657959,8.676495552062988,0,validation
19,he_9ead18,6.7365336418151855,7.216976165771484,0,train
19,le_a9c8e7,6.822439670562744,8.742474555969238,0,train
19,he_fa775e,8.467947006225586,11.15697956085205,0,train
19,he_6eb3b7,5.77677583694458,6.08814001083374,0,train
19,le_b68792,7.492315292358398,7.519377708435059,0,train
19,le_7491ba,6.478727340698242,5.899253845214844,0,train
19,le_155906,8.148300170898438,8.596671104431152,0,validation
19,le_71250d,8.912854194641113,6.992675304412842,0,train
19,he_945b84,6.015787601470947,5.307767391204834,0,validation
19,le_767019,8.25222396850586,8.031365394592285,0,validation
19,le_bea3b5,6.585774898529053,6.449992656707764,0,validation
19,le_1a7ab7,5.378415584564209,6.46431827545166,0,train
19,he_0445e3,6.8111348152160645,6.678442478179932,0,validation
19,he_ebb18a,6.283691883087158,5.281031131744385,0,train
19,he_04607e,6.544647693634033,5.876133441925049,0,train
19,le_8dffb2,6.523186683654785,5.923558235168457,0,validation
19,he_bf7958,6.967967987060547,6.104775428771973,0,validation
19,he_865b01,7.024631500244141,6.548496723175049,0,validation
19,he_5422d6,6.853130340576172,6.281716346740723,0,validation
19,le_1b77f0,5.755442142486572,6.103870868682861,0,validation
19,he_061f19,6.6008148193359375,6.114636421203613,0,train
19,le_ab66f0,6.075628280639648,5.702632904052734,0,train
19,le_33de79,7.649344444274902,8.838461875915527,0,validation
19,he_4d16d8,7.959902763366699,8.566561698913574,0,train
19,he_7141aa,5.880658149719238,5.433588981628418,0,validation
19,le_b7b78e,6.121560096740723,5.956531047821045,0,train
19,le_341408,6.170317649841309,7.678157329559326,0,validation
19,he_e7f057,5.710133075714111,4.9337592124938965,0,validation
19,le_c975ec,6.5491623878479,6.110006332397461,0,train
19,he_b9dc56,6.374871253967285,5.621469974517822,0,validation
19,he_b9ba5e,7.637010097503662,8.447275161743164,0,train
19,le_3ef247,8.751885414123535,9.359098434448242,0,validation
19,le_945414,6.39247465133667,7.087860107421875,0,train
19,le_73a0f6,5.922767639160156,5.2027153968811035,0,validation
19,le_f790ca,6.399302005767822,5.6750664710998535,0,train
19,le_3c1dbd,9.086477279663086,8.298672676086426,0,train
19,he_ac375a,7.674243450164795,8.638973236083984,0,validation
19,he_d0547e,7.83090353012085,7.578075408935547,0,train
19,le_0e80d9,6.050614833831787,6.020238876342773,0,train
19,he_9a731c,6.644670486450195,6.763816833496094,0,validation
19,he_442910,6.3282036781311035,6.632254123687744,0,validation
19,le_ae71bb,6.8001227378845215,6.265692710876465,0,validation
19,he_0c8461,8.40361213684082,10.559496879577637,0,validation
19,le_36906d,7.86893367767334,7.520545959472656,0,validation
19,he_c72991,7.691178321838379,7.585347652435303,0,train
19,le_698ed0,7.407689571380615,5.80429744720459,0,train
19,le_2f8b4e,6.4172844886779785,6.452939510345459,0,validation
19,le_096a5a,6.45700216293335,5.4576544761657715,0,train
19,he_b62509,6.559183597564697,5.824464797973633,0,validation
19,le_ad984a,8.72854995727539,7.425085067749023,0,train
19,he_2aef37,6.55228853225708,6.583207607269287,0,validation
19,le_4e404a,5.847594261169434,5.425540924072266,0,train
19,he_8f57fb,7.49122953414917,7.274314880371094,0,train
19,he_10c218,6.634804725646973,7.1181230545043945,0,train
19,he_a7eb16,7.463085174560547,7.23053503036499,0,train
19,le_157346,6.572998046875,6.451231479644775,0,train
19,he_4c56d3,7.5962724685668945,7.417893409729004,0,validation
19,le_875512,6.142915725708008,5.688042163848877,0,validation
19,le_f593c2,5.94781494140625,5.987941265106201,0,train
19,le_43f436,7.525538921356201,8.05724811553955,0,train
19,he_fa6948,6.833209991455078,7.8456621170043945,0,validation
19,he_cc58af,6.492702960968018,6.5600457191467285,0,train
19,le_9aabb9,6.910632610321045,6.802837371826172,0,train
19,he_256c48,7.14650297164917,6.738073348999023,0,validation
19,he_301a3e,8.166289329528809,8.344173431396484,0,train
19,he_bda96d,6.865755558013916,6.783237457275391,0,validation
19,le_d031d2,6.52837610244751,6.654359817504883,0,train
19,he_935b9f,8.130900382995605,7.826887607574463,0,train
19,he_f51b67,5.899379730224609,5.138449668884277,0,train
19,le_1223ad,5.736358642578125,5.317836761474609,0,validation
19,le_59e8c6,7.6441779136657715,7.303930759429932,0,train
19,he_fd9c4c,8.220462799072266,8.432205200195312,0,train
19,he_4e95fa,8.218032836914062,9.668709754943848,0,train
19,he_5863f3,6.97223424911499,7.016700744628906,0,train
19,le_327267,6.406891345977783,5.993444442749023,0,validation
19,le_d61b54,8.65048885345459,7.79203462600708,0,validation
19,he_69475d,7.39093017578125,7.084214687347412,0,validation
19,he_f152e5,6.816829204559326,6.284405708312988,0,train
19,le_5704eb,8.151694297790527,7.1786322593688965,0,validation
19,le_c5b6c0,7.481603622436523,7.165055751800537,0,validation
19,he_90123f,8.132536888122559,8.395171165466309,0,train
19,he_0bee72,7.588103771209717,7.425008773803711,0,validation
19,he_68742b,7.625001430511475,7.482404708862305,0,validation
19,he_b7e84d,6.813720703125,6.27974271774292,0,validation
19,he_765035,7.099355697631836,7.017903804779053,0,train
19,le_e7dcfd,6.348743438720703,6.36842155456543,0,validation
19,he_a9942d,7.384344100952148,7.646523952484131,0,validation
19,he_d1ef4d,6.816956043243408,6.303353786468506,0,validation
19,le_f9fcdf,6.556573390960693,6.43314266204834,0,validation
19,he_b2fbe6,8.231365203857422,8.449920654296875,0,train
19,le_338fc2,6.484976291656494,5.8586835861206055,0,validation
19,he_51a0c7,6.498251438140869,6.111386775970459,0,validation
19,le_77f475,7.537657737731934,8.52403736114502,0,validation
19,le_0e684b,8.40777587890625,8.532380104064941,0,validation
19,he_19058d,5.60504150390625,4.7848801612854,0,train
19,he_b5f00f,5.547401428222656,4.703222751617432,0,train
19,he_1ef995,7.746014595031738,7.31726598739624,0,train
19,he_844d39,6.56000280380249,5.825740337371826,0,train
19,he_ae8e9c,7.06106424331665,6.234133720397949,0,train
19,le_6035f7,6.0645012855529785,5.686681747436523,0,train
19,he_0a3039,6.0718231201171875,7.483030796051025,0,train
19,le_550d25,6.424584865570068,6.790194034576416,0,validation
19,le_ec27a1,6.84065580368042,6.237898826599121,0,validation
19,he_f77454,7.1577911376953125,6.654824733734131,0,validation
19,le_d7795e,6.382934093475342,6.5005035400390625,0,train
19,le_1c7c91,6.462710380554199,6.301647663116455,0,validation
19,he_8a99f7,7.994325160980225,8.584637641906738,0,train
19,le_d1964b,7.325843811035156,8.205985069274902,0,validation
19,he_2dc55e,6.848865985870361,7.320274353027344,0,train
19,le_8cccbf,7.3252272605896,7.910444736480713,0,validation
19,le_25d7bf,6.6203508377075195,6.4312310218811035,0,train
19,le_d83883,7.69540548324585,8.069192886352539,0,validation
19,he_5893a2,7.165074825286865,7.904299259185791,0,train
19,he_5b4ec1,7.833526134490967,7.79913330078125,0,train
19,le_adb773,7.338603973388672,6.913977146148682,0,validation
19,he_d66410,7.433992385864258,7.992800712585449,0,validation
19,he_d91d52,8.278608322143555,10.324661254882812,0,train
19,le_497c69,6.709706783294678,7.2774224281311035,0,validation
19,he_b70236,6.648931980133057,6.032559394836426,0,train
19,le_ecfb48,6.808366298675537,6.680825233459473,0,train
19,he_4caf0f,7.017579555511475,8.247590065002441,0,train
19,he_f7f5b8,7.390068531036377,7.116954326629639,0,train
19,he_8b8e73,6.501877784729004,5.811978340148926,0,validation
19,he_df76e7,5.924643516540527,5.175196170806885,0,train
19,le_384eec,6.5870256423950195,5.524946212768555,0,train
19,he_6a3ff1,6.154231071472168,5.50914192199707,0,train
19,le_af2269,7.110612392425537,6.997344017028809,0,validation
19,he_91e872,6.37377405166626,5.619823932647705,0,train
19,he_92a1d4,5.899796009063721,5.139053821563721,0,train
19,le_58503c,6.449466228485107,5.522165298461914,0,validation
19,le_9827be,6.55609130859375,6.7250800132751465,0,validation
19,he_0a2e7a,6.138787746429443,5.267343997955322,0,train
19,le_536ce6,5.98056173324585,5.598562240600586,0,validation
19,le_c47bf3,6.364420413970947,6.213479995727539,0,train
19,le_23d7e6,6.0039963722229,5.221554756164551,0,train
19,he_aea985,6.891016006469727,7.909722805023193,0,train
19,he_610a6b,6.5945281982421875,5.950955390930176,0,train
19,le_0b5c71,7.568418502807617,6.7986602783203125,0,train
19,le_8e17a1,6.4497809410095215,6.243496417999268,0,train
19,he_e97a85,6.596716403961182,6.069811820983887,0,train
19,he_baf440,7.443094253540039,6.344500541687012,0,validation
19,he_41f4cd,5.993292808532715,5.27504825592041,0,validation
19,he_5cb9a5,7.017488479614258,6.623112678527832,0,train
19,le_59e850,6.256826400756836,5.8750786781311035,0,train
19,le_130466,7.424493312835693,7.459042549133301,0,train
19,le_ae10ae,6.787201404571533,6.052028656005859,0,train
19,le_b57fb4,5.784283638000488,4.9959940910339355,0,validation
19,he_122fc1,7.603532791137695,7.429693222045898,0,validation
19,he_def558,7.508560657501221,7.736248970031738,0,train
19,he_88eef7,7.27698278427124,9.31458854675293,0,train
19,le_56db27,7.578029155731201,6.834629058837891,0,train
19,le_b72c01,7.107754230499268,7.409854888916016,0,train
19,he_e7e54d,8.300814628601074,9.42103099822998,0,train
19,he_666efe,8.42619514465332,8.766520500183105,0,train
19,le_5f218d,6.241490840911865,5.8788299560546875,0,validation
19,le_31327c,7.182563781738281,7.4358811378479,0,validation
19,le_cae6e7,6.859395503997803,6.218281269073486,0,validation
19,he_fdfcef,8.102416038513184,8.240377426147461,0,train
19,le_53b2fd,6.2599711418151855,6.0789289474487305,0,train
19,le_72261f,7.961635112762451,5.838443756103516,0,train
19,le_fc3d57,7.408611297607422,7.784416675567627,0,train
19,le_230abf,7.912507057189941,7.4757561683654785,0,validation
19,le_41a3a0,6.69508695602417,6.482974529266357,0,validation
19,he_7a5e63,7.179767608642578,6.789819717407227,0,train
19,le_dfd3b4,8.007213592529297,8.224170684814453,0,validation
19,le_a2fcff,6.944849491119385,6.340453624725342,0,validation
19,le_109683,7.827963829040527,7.467638969421387,0,validation
19,he_7057f3,6.835708141326904,5.394220352172852,0,validation
19,he_558615,7.122509479522705,7.844437599182129,0,train
19,le_e7fc9f,6.779757976531982,6.592337131500244,0,train
19,le_ac7cf7,6.489633083343506,6.23300838470459,0,validation
19,he_9eff37,7.6108622550964355,7.460411071777344,0,validation
19,le_d44ccb,6.437178611755371,5.130564212799072,0,validation
19,le_d60087,5.337414264678955,5.3160295486450195,0,train
19,le_9c6ba0,6.1326704025268555,7.369842529296875,0,validation
19,he_97db03,8.719040870666504,9.449009895324707,0,train
19,le_ff1ebb,7.495731353759766,7.495731353759766,0,validation
19,le_e9f735,7.536242961883545,8.044370651245117,0,train
19,he_e6d7a6,8.280985832214355,8.530553817749023,0,validation
19,he_97c074,7.935639381408691,9.004303932189941,0,validation
19,le_d969e0,6.564721584320068,6.326302528381348,0,train
19,he_bbc8b7,8.737098693847656,9.767066955566406,0,validation
19,le_1aa1fb,6.060971260070801,5.086059093475342,0,validation
19,le_1c3df3,7.102124214172363,7.285878658294678,0,validation
19,le_b7d8a6,7.225950717926025,6.691679000854492,0,validation
19,he_9b050e,6.702731132507324,6.113257884979248,0,validation
19,le_d52c28,6.304815769195557,5.258697509765625,0,validation
19,he_3f7fe7,7.039783000946045,6.707627773284912,0,validation
19,he_b3e123,6.985851287841797,6.488171100616455,0,validation
19,le_1674c0,5.787961483001709,5.174609184265137,0,train
19,le_78f0ed,5.520335674285889,5.3832316398620605,0,train
19,he_533155,7.470271587371826,7.241713523864746,0,validation
19,he_d80706,7.887005805969238,9.813547134399414,0,train
19,le_ff18cf,6.577900409698486,5.819152355194092,0,validation
19,le_8a6f35,7.449671268463135,7.8003249168396,0,validation
19,he_2edc16,6.757552623748779,6.133039474487305,0,validation
19,he_4ff1c4,6.695335865020752,8.238672256469727,0,validation
19,he_4f9390,7.745321273803711,8.140275955200195,0,validation
19,le_185d39,8.516263008117676,7.074436187744141,0,train
19,le_9b9745,7.579068183898926,7.179319381713867,0,validation
19,le_91f758,6.421883583068848,5.461455821990967,0,train
19,le_a8ed34,7.634806156158447,7.574253082275391,0,train
19,he_661ccf,7.326405048370361,6.9012322425842285,0,train
19,he_37489d,6.824352264404297,8.23956298828125,0,train
19,he_7c68af,8.23807144165039,9.380367279052734,0,train
19,le_838987,5.880487442016602,5.991734981536865,0,train
19,le_f50d64,6.69428825378418,7.7881293296813965,0,validation
19,le_417bec,8.065237998962402,8.037229537963867,0,validation
19,le_a6260b,6.151050090789795,5.346834659576416,0,train
19,he_51332a,7.1740946769714355,6.674340724945068,0,validation
19,he_1ef686,6.989816188812256,6.815162658691406,0,train
19,le_4b0989,6.248875617980957,5.693318843841553,0,train
19,le_19c9ac,5.686359882354736,7.138482093811035,0,train
19,he_d79548,6.505150318145752,5.8168864250183105,0,validation
19,le_6d15c9,8.070657730102539,7.097230434417725,0,validation
19,le_5b740a,6.577065467834473,5.81773567199707,0,train
19,le_edf950,6.414360046386719,5.7070136070251465,0,train
19,he_847dab,6.894041538238525,8.08004379272461,0,train
19,he_a64661,6.888358116149902,6.336513996124268,0,train
19,he_cdf3a4,7.664981365203857,7.662487983703613,0,train
19,he_cabb3d,6.737637996673584,6.165619850158691,0,validation
19,he_e07220,6.2532057762146,5.438971042633057,0,validation
19,le_57ec9b,8.465373039245605,7.87213134765625,0,train
19,he_7556fc,6.8915605545043945,6.396502494812012,0,train
19,le_9468b1,9.292685508728027,9.59368896484375,0,validation
19,le_2af127,6.715260982513428,6.681194305419922,0,validation
19,he_9c8a78,5.7189764976501465,4.876043319702148,0,train
19,he_2519ee,7.6450300216674805,8.704611778259277,0,train
19,he_f84b71,7.210736274719238,6.8379926681518555,0,train
19,le_98b680,6.55252742767334,5.691627502441406,0,train
19,le_4afc4d,9.129292488098145,8.267973899841309,0,train
19,le_d96176,7.858295917510986,8.83389949798584,0,validation
19,he_859e26,6.556093692779541,6.9995880126953125,0,train
19,he_bddd26,6.6235671043396,5.994513511657715,0,train
19,he_f07086,6.617568492889404,7.223728179931641,0,train
19,he_ffbc40,6.068068504333496,5.383813381195068,0,train
19,le_a80334,7.220880508422852,6.571662902832031,0,train
19,le_1b5d46,7.584566593170166,7.26621675491333,0,validation
19,le_f7b80b,5.740729808807373,4.957950592041016,0,validation
19,le_ceeb48,6.655074119567871,5.509422302246094,0,train
19,he_e187a0,6.203026294708252,4.995394706726074,0,train
19,le_5f97fa,7.834537506103516,7.386265277862549,0,train
